2 0.6874318742610038
9 0.4489142348311187
12 0.44311144974501065
16 0.40364276998898446
18 0.40478445310141814
22 0.42716160297242683
24 0.41612239352191827
27 0.5036692892961283
34 0.576607006925879
55 0.3505161863285621
56 0.4349123987168886
57 0.6311530792729282
61 0.4817723938490755
63 0.4749266966549644
65 0.5762779098696273
67 0.580462250263588
68 0.5155214884711468
70 0.22837696213339215
71 0.6895954484637723
77 0.2979647711666191
79 0.7270948085306
80 0.4733129003785564
83 0.5989882200580523
89 0.6137760205787286
93 0.4964585744935264
95 0.31643845778164914
100 0.4953143234270313
103 0.5458287725951328
108 0.3510878111055135
114 0.5417374290107709
121 0.4764897921827967
132 0.48337599132358644
134 0.5759755861868984
138 0.5454046796301518
148 0.5503297414768196
149 0.6351469183698921
151 0.3708399326031943
157 0.6592112388973717
159 0.4541908313173926
163 0.3082359647171111
164 0.5120371841781881
179 0.5426692177352455
182 0.4654838170391878
188 0.5678963503478106
202 0.40428911758692476
207 0.24508009674211942
209 0.45002362049411215
211 0.47432962157721753
212 0.2863947005725704
217 0.37412798709551603
228 0.43919512100861485
229 0.45239980502262667
232 0.500780963783226
237 0.3938040512980093
244 0.8588138439123789
246 0.6723401667908093
248 0.6014242923837921
250 0.665356875928731
252 0.4737621995310845
264 0.5337212784629844
266 0.648963965381773
285 0.5813765033669486
290 0.6831346067446619
292 0.47787068854622006
293 0.46084569774883505
306 0.710268543058756
309 0.5128581628255177
318 0.4219579981830257
323 0.5361972973514297
326 0.4443105164343669
330 0.35690825715847435
336 0.3107399369175989
337 0.41095224008188125
338 0.48206063238774066
340 0.5196614515810876
345 0.5224431182949546
353 0.4785846331238794
355 0.5042797289186716
356 0.554037618956608
366 0.5188524220908313
375 0.5691067881166069
379 0.26410869516945773
381 0.3945393091404317
383 0.4909157354589919
392 0.5087811959730181
397 0.6219532067978198
399 0.17193247723250213
402 0.4376678512274932
405 0.3541491445007648
416 0.31482161699626277
420 0.41475471032355865
422 0.6453523225539295
425 0.3765096444203076
452 0.5228236437796053
455 0.4357414230606773
456 0.48546095993444716
472 0.558191056660232
474 0.4697090133307618
482 0.7016437574409857
490 0.5717559482202648
491 0.44589983626748453
499 0.3262366325991821
504 0.6182912548737064
507 0.711633637317157
511 0.4329750682205345
517 0.589824223059947
519 0.25196536883812903
521 0.6468150090954189
523 0.6902020251949739
525 0.5091589535639911
526 0.5183643486764149
536 0.4174704168993536
548 0.4324856742736763
552 0.26841841371882486
560 0.7560104829119624
561 0.5583728592481271
562 0.371375756678978
563 0.3786676629631415
565 0.5048072498287103
567 0.3605114103133893
573 0.39745770894393667
588 0.4517954686190916
589 0.44041480634265706
591 0.43698648625134
594 0.575353607378351
596 0.35865072832000766
597 0.40087658304403245
599 0.5859990572893133
607 0.4646650139745353
612 0.5322773287893104
613 0.42687067690975317
620 0.5608265405104389
621 0.5269902678109486
622 0.29864567347685533
632 0.5335908820650007
634 0.4727625841978766
649 0.3674103214063653
651 0.41420775214437605
657 0.39402861151267815
658 0.2939693968934266
660 0.6457970376048476
662 0.5229611740960601
665 0.5848763325099645
668 0.39565256656738157
678 0.46341856322850455
679 0.6128903281236902
680 0.43183628050294437
682 0.5553604124084868
693 0.5408230974434884
703 0.42240265356308093
704 0.43923293938035207
709 0.41514653443171695
714 0.2686990879211128
716 0.47302026091452826
719 0.5260750858347305
730 0.543213693799123
734 0.8575186796518998
735 0.4888380674829138
737 0.7000918141452288
751 0.5197095359407572
756 0.8001744354129443
760 0.6578669663911051
761 0.6441193263392181
765 0.6963003530830283
771 0.2685129113128396
773 0.4972331719804253
782 0.6743684993244018
812 0.6194661507799759
814 0.6879111634995041
821 0.451610574667685
838 0.36410455086419363
839 0.7881979235612274
844 0.5501654544987893
846 0.5550681455215923
854 0.3527233929804715
856 0.3141699386119615
867 0.5501847721026533
881 0.4491515271776145
896 0.4306598055676566
898 0.23121151044396845
913 0.5627732254613521
918 0.253042793457335
920 0.3799546470594689
923 0.5068244895315408
928 0.7135085849327973
932 0.552512255011992
933 0.4811383707471353
934 0.5448089887197503
938 0.5339240374169066
946 0.36110604002304364
947 0.5634919288008035
950 0.5245627082013274
968 0.47178884958868994
969 0.5881048114104801
975 0.3572136167355854
978 0.5222450777150417
979 0.27329100492014896
981 0.8231865766467211
983 0.7104148456310346
987 0.5699598198153163
988 0.5658083982241393
989 0.6421466206754217
995 0.6005799740441639
1001 0.4501543174409064
1005 0.6051307344823881
1006 0.6461456632427031
1010 0.4503180366921609
1012 0.6750420245472765
1020 0.4634060176178174
1021 0.46473725239157454
1030 0.4742114885155969
1032 0.33858574767409033
1033 0.6817771600436789
1044 0.4342986457291303
1046 0.5669366688099425
1048 0.5725766885338006
1058 0.3765188907751586
1059 0.5884001468130761
1069 0.4998383567976232
1074 0.4613792992397819
1075 0.5382420327868201
1082 0.3498684304136266
1087 0.39442137097169067
1097 0.5196569405607088
1098 0.7838581125851206
1099 0.5197160454867024
1102 0.44946733118065485
1104 0.6188933217689453
1105 0.49006579229417985
1108 0.5102602722390779
1110 0.5836239976390769
1113 0.4564823022423445
1114 0.6262358047579353
1119 0.5653651274693412
1120 0.4643932060826148
1122 0.49099041477951416
1132 0.6294855138331809
1135 0.7211569184472094
1143 0.3609555171355835
1153 0.6060642740554641
1158 0.40441977262132905
1161 0.8049639916170659
1163 0.46007991328832903
1165 0.8084921578461048
1210 0.6478381036385567
1221 0.8245603834017288
1222 0.5454076926822606
1223 0.6369680356972943
1224 0.6295012557332963
1228 0.30051159664186083
1235 0.7047103227215236
1236 0.36388229158134905
1260 0.5840612893772902
1278 0.4137433326603682
1279 0.5073618346268952
1283 0.46566977191984305
1288 0.4599854446244877
1295 0.5933175245319874
1299 0.49988061827948777
1312 0.7640948878767148
1316 0.511344221066032
1330 0.47801529995173636
1333 0.17151058066379077
1334 0.714526055337769
1350 0.4113154212855985
1351 0.8537912674594862
1352 0.6552232963274149
1354 0.3670848906149748
1367 0.4979690914631711
1371 0.522915763830476
1373 0.5181589404943713
1377 0.3700415095983467
1379 0.39158060622814933
1380 0.5438265627582748
1383 0.6823858072374133
1388 0.5248123822050871
1392 0.7602766582134484
1395 0.4633501285524204
1401 0.47701356630293595
1417 0.355587285776899
1422 0.5865627834475116
1426 0.44486609798908183
1429 0.5931218575762384
1434 0.40133454221734965
1435 0.551112860905308
1440 0.3939098318131717
1444 0.5605894214263997
1446 0.3999888938515984
1462 0.2876180628586492
1473 0.6817620293378172
1475 0.4658446028778073
1476 0.4993698342724984
1479 0.553899564778611
1483 0.6559145878692552
1484 0.5153176301433768
1485 0.4501187238874542
1489 0.4624544791254808
1493 0.4869870608342858
1498 0.627349237818864
1499 0.5266681037652771
1504 0.4781277081279415
1506 0.5066046741396164
1513 0.46782432667883095
1515 0.5974984934148951
1516 0.4298441430134243
1521 0.48302704615116837
1534 0.433582294465643
1536 0.5677228024511626
1539 0.3101591343892676
1540 0.45277867819760675
1547 0.6310290469197491
1548 0.4813649903633251
1550 0.4558752107717261
1551 0.6993934517974976
1557 0.525720561775872
1563 0.5577901433177563
1564 0.6967202745107004
1572 0.21552531170971037
1573 0.2675735904058616
1577 0.5779387501460608
1580 0.5829421009273306
1587 0.791700188123417
1606 0.6109349006938687
1607 0.5352072419207363
1608 0.6442675250014815
1616 0.5467402846233214
1620 0.5015300672533735
1624 0.7047600293148706
1635 0.5324338271543079
1636 0.467691445154936
1642 0.7520367012615548
1645 0.4986139515640239
1655 0.45698176397926765
1682 0.3192538112454572
1683 0.4430029165460827
1686 0.2693563208520113
1687 0.5575210956261759
1698 0.4229902598661425
1699 0.4416849790146361
1709 0.26920497974850943
1710 0.7810933634079791
1717 0.35795903177472843
1718 0.4907256252543376
1721 0.6152924986915463
1729 0.5815864983437589
1730 0.5285411125297921
1736 0.4547659889831637
1748 0.8056265415892288
1750 0.39427284119100914
1753 0.45373124474837184
1763 0.9663796486127563
1767 0.4409083955794239
1769 0.7660470928590145
1774 0.7027115219564728
1779 0.6882208967741703
1782 0.48954347783495666
1784 0.46131292853824646
1796 0.3767904501097216
1806 0.486543001105192
1811 0.5107021257492113
1816 0.3105920797536142
1819 0.4723252310176652
1820 0.5626105653125719
1823 0.24146933910482096
1825 0.6552237743184061
1826 0.3975454462209813
1827 0.4463830211771026
1831 0.5414906674283726
1832 0.30535809365439914
1835 0.504236940330443
1836 0.5715201721911459
1850 0.8389697640926564
1855 0.47328591106062456
1860 0.6228330618675494
1872 0.27247403912392326
1875 0.6575550796516315
1878 0.6336226956854678
1881 0.8082595038526076
1885 0.3987020700823027
1886 0.5101795604709477
1891 0.352112131765977
1896 0.608353116888815
1902 0.6153072633594036
1904 0.40396936669220707
1916 0.5956501863242931
1921 0.6500978179185938
1924 0.37661116382512877
1931 0.5370229163705593
1932 0.3317090393621964
1933 0.7060723034468862
1936 0.4962786464796616
1940 0.4826879943206955
1942 0.8146178517755341
1968 0.8668586143796743
2006 0.3865394337074491
2018 0.4634276807320996
2021 0.601070860490393
2027 0.4086226109138365
2035 0.7357319302304395
2040 0.45176451471381834
2041 0.5118494964673265
2044 0.3523137313169914
2050 0.8311932324191141
2054 0.5668591771660672
2057 0.6328371492856176
2065 0.46255050779554674
2071 0.4593194779434611
2079 0.5499817085569012
2091 0.5142703761058351
2096 0.35699454139838266
2107 0.6298783913762371
2109 0.6398035629115344
2113 0.26917734356754824
2124 0.5080237335134461
2132 0.559242711869316
2133 0.3776162056997105
2135 0.49793831865037314
2137 0.2789039407676459
2140 0.42913587184863106
2141 0.515422104792363
2154 0.3817586143963978
2156 0.7078602533461966
2166 0.6442937855627712
2175 0.399336304769556
2180 0.8245921196197838
2182 0.3259654895326401
2184 0.3149290220858726
2191 0.6317180394909465
2192 0.8921566788193971
2193 0.5645261085772584
2196 0.5949027932669284
2203 0.5318332290906785
2209 0.6204891219762924
2212 0.3452718739594045
2213 0.36882371150976256
2214 0.34306658281564306
2220 0.5140220398684351
2228 0.4061490928979801
2229 0.44820602548250954
2230 0.43298787797201516
2231 0.6308298627071548
2238 0.49608139544984986
2240 0.5682371566705429
2249 0.510480715702856
2256 0.32321836047588737
2257 0.24358049317232217
2270 0.39139658680345635
2278 0.2433277304217871
2281 0.43079520344127664
2284 0.3563610768130169
2288 0.5795497301743998
2308 0.26614226471851854
2311 0.4414537825881211
2319 0.41515664790201373
2323 0.49376098820701825
2324 0.4026299402772347
2326 0.7757862129817952
2346 0.4492553849633749
2347 0.36946739801798784
2351 0.26918787466020344
2353 0.4685757432449865
2354 0.6820720849396797
2364 0.7627185184334877
2369 0.4010598725412725
2376 0.6071408710001508
2381 0.5400169989550009
2382 0.5603673420737908
2383 0.6164552366097684
2400 0.20137933164180005
2402 0.6684072855884822
2427 0.7344150326460666
2428 0.5344684622664829
2433 0.6160612772751629
2438 0.5777156122589693
2444 0.9882740745391085
2447 0.534441061084986
2452 0.3374234388008322
2460 0.2916251073549026
2462 0.7779209705451894
2469 0.4375728258601562
2470 0.37940611416488573
2472 0.5394629633062754
2478 0.5751876373489989
2486 0.1863592755997117
2495 0.6344509681963105
2500 0.539499012194324
2512 0.5505650198062358
2516 0.20607431998105175
2528 0.656838600009191
2531 0.3621050499206809
2532 0.4573550018820759
2537 0.40487089628681977
2538 0.4136768318033545
2545 0.3882845129393463
2546 0.39208620171722774
2547 0.6099716816161636
2551 0.4639010150302934
2558 0.6767762545051881
2560 0.23092226591757295
2561 0.47020864849321015
2562 0.6964937829212275
2565 0.25735566771710067
2569 0.6974399500598002
2570 0.6902592256862446
2575 0.39940164753104573
2577 0.8177477194547454
2582 0.4920379124514912
2584 0.5776673258106041
2590 0.4872777923547552
2591 0.42248540464941214
2594 0.6385074990115687
2603 0.3015573711733877
2613 0.7540243022171195
2617 0.47939378284554623
2628 0.5910737175458748
2629 0.47387171468299144
2630 0.690614042750676
2631 0.5154109180022263
2634 0.43917815768296675
2637 0.5592749252910791
2639 0.624018328747753
2640 0.22698548047223663
2649 0.3722273945332225
2659 0.4580695779580409
2661 0.5081149704411118
2662 0.11280123620635184
2664 0.6657093316373939
2669 0.33567220597244496
2670 0.41139880969951337
2673 0.3082813456498058
2674 0.5709019795004194
2677 0.7799135413578294
2679 0.3645575037008691
2688 0.7188801842316092
2690 0.54763553351194
2694 0.7632030469913559
2698 0.4887915910506662
2699 0.6631003053389872
2703 0.4468918354476943
2707 0.22517975336758345
2713 0.6267054732336953
2718 0.28614959821963903
2720 0.5264081720433195
2729 0.657350082758517
2734 0.7570066777492772
2737 0.607131641714217
2740 0.4425784168748254
2750 0.5875466172977813
2758 0.5876612105242501
2759 0.6509480739602379
2766 0.26377483734115353
2768 0.516545092578447
2779 0.6491591423545716
2781 0.7230179183892745
2784 0.41259288598910054
2795 0.3102551450207539
2810 0.452633410498368
2816 0.4651239188898536
2819 0.45791444819061566
2825 0.657291329415721
2826 0.7651840451386425
2827 0.43274018267839703
2838 0.36799357439563407
2847 0.44198286771763706
2858 0.442219828705398
2861 0.5505171908923232
2862 0.2833221630204058
2868 0.5667499652612804
2873 0.51121533438614
2880 0.5223534577571857
2883 0.5116476581503598
2895 0.510438365711146
2896 0.5016106060734513
2906 0.5475879129153078
2915 0.4770814155017687
2921 0.6026140501107703
2926 0.5598455543275943
2927 0.8673676612263778
2933 0.6287014353710605
2937 0.1277684666523727
2941 0.552592818470492
2943 0.5650583696885056
2947 0.49476421723228875
2954 0.5089125922572312
2965 0.48352131606156223
2967 0.20478611890534593
2979 0.27418455281295817
2980 0.4542507326844696
2997 0.36374805622840956
3007 0.5753657413696507
3009 0.5320674447861613
3011 0.2532692341878588
3017 0.4024658635426882
3021 0.4813505839710252
3022 0.2874601769408684
3027 0.676704647221987
3028 0.5209981672564994
3033 0.366968528631796
3042 0.3309977222400893
3049 0.46301437669486956
3055 0.5382591995116677
3061 0.7741198183545195
3076 0.5089716751588206
3077 0.4723669642108419
3084 0.6149800619080211
3086 0.4992255743803117
3093 0.5587253867522165
3100 0.262971452928701
3102 0.4434009490668456
3103 0.56615578847105
3108 0.8401143502332347
3112 0.43256529513617964
3114 0.42647790648098616
3129 0.2008612751689332
3130 0.6105836149669842
3133 0.6498213775129622
3137 0.6571561412990582
3144 0.6124921519434695
3146 0.3184483273010888
3158 0.5151990701169239
3182 0.4309884651553297
3187 0.32664569857594467
3189 0.3611789087091685
3205 0.678815453348249
3206 0.718210245922716
3220 0.48456146055034466
3224 0.46396004997078055
3228 0.5933715201766265
3235 0.5855760019274585
3237 0.4415185950486336
3238 0.6024188844145931
3241 0.6087246663392075
3243 0.3007672648809413
3253 0.4796902182538108
3254 0.5266698556330714
3255 0.1615588528259576
3260 0.6178594087803078
3262 0.5517659818332972
3263 0.4314972539401844
3265 0.5388491257821929
3268 0.5051561805970566
3270 0.5300877993939334
3271 0.6198990549219975
3274 0.5190047501904799
3276 0.4358473349596202
3282 0.4090607961391233
3284 0.6225006513904568
3291 0.336616957064067
3297 0.626576048729266
3298 0.622915377750441
3299 0.5577249680178711
3308 0.4324238256266698
3309 0.6879448504254833
3311 0.5085160499566904
3317 0.4840103516062264
3319 0.4769997348610178
3330 0.30492086443625405
3337 0.4764050409747393
3339 0.4997016405932582
3341 0.5424988310018354
3342 0.6514316956250072
3346 0.3408425907672741
3350 0.685455959024685
3358 0.601823005844058
3360 0.5366905989668398
3361 0.5110363954218547
3366 0.4068172793533166
3369 0.6650686987949158
3373 0.3574565778560383
3376 0.3874039495758008
3395 0.6021675267518907
3403 0.3909358908363665
3407 0.37003107764033344
3410 0.39653480323251633
3412 0.3108017102378505
3413 0.5819904327362386
3416 0.4980168890828757
3418 0.6252506369548136
3423 0.4340998369672522
3425 0.2679145968345657
3427 0.4549279941022995
3429 0.4901492227866911
3435 0.3736582663541995
3444 0.29395640632526826
3446 0.4489274447667951
3451 0.3057968686741128
3453 0.3747143132342652
3460 0.5606293542131293
3462 0.3129408727264439
3468 0.5891426749543573
3471 0.6566425807665592
3479 0.6438272266890148
3482 0.6046981413762877
3483 0.4737245629080935
3491 0.5636038686608125
3492 0.4475102627650364
3501 0.5595962322659516
3502 0.22567462911736447
3503 0.62530508005405
3505 0.5681431858919103
3508 0.544518371695518
3510 0.5316363598864503
3512 0.4124017390456607
3514 0.5543571188757866
3516 0.36396303870527524
3522 0.13019646220145775
3528 0.5088256778818434
3531 0.44516669204288406
3534 0.474003366476917
3535 0.2115363626713706
3546 0.5373502104458354
3547 0.43332020343375194
3557 0.4391168972654397
3566 0.565280816837014
3567 0.5173588789461789
3579 0.5675892763525155
3581 0.6122726208087153
3592 0.1868016226042257
3594 0.5985979662607259
3613 0.44578961186753596
3616 0.45592866328640924
3624 0.5699036693921075
3639 0.6286467627255621
3643 0.3379406762118119
3645 0.3598112930651899
3650 0.49579731074853267
3651 0.782768500316407
3656 0.539930697137517
3663 0.3576224707610756
3667 0.4270626460113121
3668 0.6530470132428966
3670 0.486691526086885
3674 0.3895928740134247
3702 0.5963460589302458
3705 0.5469596430933369
3706 0.367956860676313
3707 0.537080311781361
3708 0.2765784623695064
3717 0.5252599022132824
3718 0.4822129681652801
3721 0.3633279685071609
3722 0.5267371862161463
3726 0.563803766752478
3730 0.28608258834746736
3731 0.5647466187123314
3738 0.7193356166284012
3742 0.6195182285757229
3744 0.5307870766736028
3746 0.5671207272518604
3747 0.5249128788191267
3755 0.7152863453954721
3760 0.33495583385261707
3767 0.594534603775553
3770 0.5104326627534558
3773 0.648584532016325
3784 0.7570170399313119
3785 0.5896924662130449
3797 0.21324281763550404
3802 0.5075643088993308
3807 0.7113968442446343
3811 0.519595671814574
3815 0.46005839074159904
3816 0.7865908130105042
3824 0.3499963046101716
3829 0.6944086879673056
3831 0.4623070402938206
3833 0.4879594545056159
3836 0.2828456790374328
3837 0.7681606888498336
3868 0.46824610475533723
3870 0.6237280163296468
3881 0.43402953815597006
3884 0.5552912163451067
3890 0.3845030648330232
3891 0.34306355231895624
3892 0.5780523362829341
3898 0.4399005837265912
3903 0.5879034085357512
3904 0.5059166823035585
3905 0.586501683236703
3915 0.4039927985414833
3917 0.5959564590101186
3926 0.5131925298366785
3929 0.7182169856737662
3940 0.5273243923964683
3945 0.42871654518061036
3948 0.5122422149968172
3957 0.3745953451605382
3958 0.2689003673605028
3964 0.4288886821574316
3967 0.613310032128021
3969 0.4535169005325077
3971 0.5244890985831956
3977 0.5051107101718129
3982 0.4123086440543773
3987 0.7187664087384198
3989 0.37009329167788146
3992 0.5093653233632846
4007 0.3180564555797369
4008 0.33624678707869965
4014 0.4634492894624953
4018 0.4542377381553257
4023 0.391946091233385
4027 0.5644275007076459
4029 0.6570141043807888
4031 0.6505960703857451
4034 0.14964017890558484
4048 0.422467953427236
4060 0.5358219344451824
4067 0.6657329385775058
4076 0.5835070432869347
4088 0.33674590836869794
4090 0.34722860948436424
4099 0.33701250278325684
4102 0.6270480075115668
4105 0.23187163629291208
4107 0.4632897805011027
4114 0.4196927169097538
4117 0.5875925462413495
4132 0.7308220285260382
4133 0.5867860623126999
4136 0.40283611617309417
4138 0.45388824999829613
4139 0.6998302136445046
4140 0.3559487753331893
4141 0.41069462539139123
4159 0.5543095930124091
4165 0.6593748177826863
4175 0.49748466254516943
4182 0.26321711151512694
4189 0.6302439910716242
4194 0.34789131717080063
4201 0.553513481116426
4203 0.4316156046005877
4205 0.5931457405301357
4212 0.2912461575866438
4219 0.4505002318582743
4231 0.6926310921655058
4232 0.33954972308220693
4233 0.20787526398281858
4236 0.6951768783416435
4239 0.4697441604258078
4256 0.5365627850213628
4260 0.3724064930183594
4266 0.7015967105763471
4269 0.5338737586185193
4270 0.5101417409817304
4271 0.7398075979685838
4275 0.5289955638319555
4276 0.21057801535999002
4281 0.3738113643207429
4286 0.5464653938940124
4289 0.41625541893387413
4301 0.36093444656820495
4304 0.63895439466132
4311 0.7220591972448153
4312 0.3538960015812945
4313 0.6440242805066508
4317 0.4569545885509392
4327 0.9412256929661329
4336 0.4732112108154088
4337 0.2771611835322027
4349 0.5327929292350051
4352 0.23935155272446493
4363 0.595094659604571
4366 0.15445519801975516
4368 0.3776133621835528
4375 0.35224332435107586
4377 0.486162743506493
4384 0.43559376789468934
4392 0.5198161499295355
4395 0.7377426797352427
4403 0.7283545990747784
4410 0.8043455502042591
4412 0.5859429587075972
4413 0.537787082859413
4418 0.5774890564454246
4420 0.39128334621127037
4421 0.6384632194884505
4423 0.28314341635113177
4426 0.7418802249212548
4428 0.3936728104096281
4434 0.41516764471545237
4436 0.5148650623462699
4439 0.6301046369812271
4440 0.4357145288271454
4453 0.6958152314154099
4454 0.44071630772647097
4455 0.4317315082988324
4464 0.23586439438422185
4465 0.6644064286858589
4474 0.5096639610746915
4480 0.3701838590372864
4484 0.6342262257761014
4485 0.4798464522900868
4488 0.5072100344439159
4489 0.7084236538884017
4492 0.5705069671296161
4502 0.343662396864139
4503 0.6913148019712896
4510 0.581309585768618
4512 0.4287870107769449
4515 0.35791006006305176
4534 0.43237580791475505
4541 0.5673864348686983
4543 0.5956432428007088
4549 0.42700907698570245
4554 0.3478771543153488
4558 0.4822083300981475
4561 0.43184300102441686
4569 0.5430322216154548
4571 0.5047131254787502
4589 0.34994824900070354
4595 0.6163467074877731
4597 0.48603415142514395
4598 0.5854275319482842
4623 0.6007043926000063
4625 0.7736055474002909
4629 0.6157245752467049
4636 0.4616958893389037
4638 0.7898760207871378
4643 0.4591810759986107
4644 0.2625698510589426
4648 0.5025737952340088
4655 0.45511301287678074
4657 0.29020514430879163
4671 0.3219884652117838
4673 0.48679114142046903
4678 0.3812218295432838
4689 0.49729719462921246
4698 0.36688709148277665
4700 0.733728206448178
4701 0.6979235681978178
4704 0.27101270014595435
4728 0.49061865231220275
4729 0.4393640710742344
4733 0.5852387589144528
4734 0.12396562929699634
4739 0.39116341160282003
4741 0.4560894713743595
4742 0.6303116198920209
4746 0.39335352804302437
4758 0.2966124248206883
4760 0.5377743034137217
4768 0.5155776499616918
4772 0.4190211918034975
4777 0.2773899129814066
4779 0.5191422379937426
4782 0.8132783281326226
4786 0.3516593939886848
4789 0.31162933261633113
4794 0.23118439527197562
4798 0.6660526092436453
4801 0.5596080728461286
4805 0.5746050986661417
4809 0.5643798165142392
4810 0.4643557098962992
4817 0.3996436521688413
4818 0.5721986652271375
4820 0.532609983597586
4832 0.5653030983559366
4839 0.37298508688357385
4841 0.46686810696586456
4843 0.46351221665866443
4845 0.8149487848986346
4847 0.6659867490569725
4848 0.41099167423699307
4849 0.4551211063825459
4859 0.5226503718793296
4860 0.5027662894834651
4864 0.5939867338762334
4865 0.7479867504313348
4872 0.6780810725558014
4873 0.5378918523010822
4875 0.5156174258674965
4876 0.4413752029459453
4878 0.7912857783004797
4879 0.4827552140751407
4883 0.521935267352806
4891 0.39617974258576016
4903 0.40678948408676807
4904 0.5803911707810648
4906 0.46707507821437394
4913 0.3097944059261608
4914 0.6040383080350792
4918 0.5582642841200331
4920 0.7109214834721062
4921 0.361088938588332
4936 0.45469502665234923
4945 0.22826326598115224
4949 0.4525434853438328
4954 0.6862867137493787
4964 0.4630135952168104
4965 0.4005976312447723
4971 0.6258902013400042
4974 0.5401683045600877
4978 0.6024295756216698
4985 0.47861254487234545
4986 0.3710741387185959
4999 0.6144990059366886
