5 0.39294446971098335
7 0.5385176308678985
8 0.4842370277160354
12 0.44311144974501065
14 0.7448173128821818
18 0.40478445310141814
21 0.4602502805515695
29 0.6460588149874833
30 0.451131966542527
31 0.7320601348057826
34 0.576607006925879
35 0.3292988712372661
36 0.4239798794889705
37 0.5933019664858905
40 0.6297504514485228
42 0.27471908767258846
44 0.6753167789092717
45 0.4244868950414279
46 0.7350581884353548
47 0.4678370375868045
48 0.38866955749294724
53 0.5679531739999895
55 0.3505161863285621
57 0.6311530792729282
58 0.358203288343018
60 0.6079092280023563
62 0.46897942434874557
66 0.5582651624123703
69 0.5515098774796201
70 0.22837696213339215
71 0.6895954484637723
74 0.5372821360514621
76 0.49376675673567133
78 0.6113089194751485
79 0.7270948085306
81 0.5564383291037233
82 0.6795094393184485
88 0.4332586428104771
91 0.7527434679983236
92 0.42747299996468646
93 0.4964585744935264
94 0.40872342700584824
95 0.31643845778164914
101 0.46522215774124465
102 0.4586213403252932
105 0.5288508826004016
106 0.3347482715075354
110 0.5982824287932201
111 0.46839698402963154
114 0.5417374290107709
115 0.7414712451264517
123 0.505649074367186
124 0.504724480259929
126 0.5788963481124686
140 0.261192578183244
144 0.45329183237988807
148 0.5503297414768196
153 0.6810093601238568
159 0.4541908313173926
162 0.36538867791820645
167 0.45756271120407555
169 0.6885556145966
170 0.4844470350456103
171 0.8121382803611381
172 0.6436145989068719
173 0.29010896253685664
174 0.40909218926261204
180 0.43194819623603553
188 0.5678963503478106
190 0.41206996770419474
192 0.5920150948400383
194 0.5405253094796652
195 0.391113144394294
197 0.5458565265008908
198 0.5390530368572617
199 0.3383402994851174
208 0.7133285576248868
211 0.47432962157721753
214 0.2872331486787922
215 0.5143586003629853
216 0.7146768225239027
217 0.37412798709551603
221 0.4759186454216502
224 0.35850102030885017
225 0.27371049808803233
226 0.7769711638388038
227 0.5760916283883137
231 0.47919118407227884
236 0.4460848426735087
238 0.3407342724606181
239 0.4257492799393774
246 0.6723401667908093
247 0.48434657997225766
248 0.6014242923837921
249 0.6087620756944212
253 0.6061021219641441
255 0.6837090368083105
260 0.4142223747542453
266 0.648963965381773
268 0.3632376405090193
271 0.2991684338566628
273 0.42813436624981455
275 0.6412633575418071
277 0.26553041203423833
280 0.4592140290417135
282 0.5490547219156775
283 0.8455730108751169
284 0.45886876399320686
285 0.5813765033669486
286 0.4109548296687224
292 0.47787068854622006
293 0.46084569774883505
294 0.704965900199929
295 0.5134474226378756
297 0.5647993328876456
298 0.43093586739785544
301 0.41005005054321475
304 0.5128227199009688
307 0.5852938280882833
311 0.45271418495848587
312 0.4614659193077551
316 0.3227516451239771
320 0.5197770543260292
321 0.7299722382146828
328 0.7023776870176088
329 0.11332189958357033
330 0.35690825715847435
334 0.4434259922653949
339 0.40735650582179805
342 0.5654356359117815
345 0.5224431182949546
346 0.5365752810264184
348 0.34171497213885155
349 0.6489088230490451
351 0.6195600449464596
359 0.44157738031457644
360 0.45240531862457367
363 0.6127306415506696
364 0.4166247103335922
366 0.5188524220908313
367 0.3480933731590521
368 0.5555189639753765
381 0.3945393091404317
385 0.5217261823604578
386 0.5402757967315203
387 0.4283363073460427
388 0.544460760619526
389 0.3864248739411868
391 0.40988942518420773
394 0.344466203759955
398 0.5746133536212787
402 0.4376678512274932
403 0.7599844094224644
406 0.6651848086225464
408 0.5294343374650772
410 0.21606432963617767
411 0.5324596705876404
414 0.4351264021011664
415 0.5500468377611506
417 0.5754111132908158
419 0.3364329431128182
421 0.26192322356913333
427 0.5481404698806069
428 0.5994650691671356
429 0.7956782125337943
434 0.3790350813034936
436 0.42921373357202264
439 0.49165144577257275
441 0.3792267146976675
444 0.393545970960442
452 0.5228236437796053
456 0.48546095993444716
457 0.47825454171517046
459 0.5878447290626491
461 0.511813002717505
462 0.36649389329847304
464 0.42535604472355726
475 0.6840761648697221
477 0.5449862851108259
478 0.6165930647392978
482 0.7016437574409857
485 0.505038070574395
488 0.326679537551052
489 0.33919889938632136
490 0.5717559482202648
494 0.27335376031327274
496 0.3376093640994621
498 0.19113462993431635
502 0.5749214047550057
504 0.6182912548737064
515 0.4166624830028707
518 0.28098073566839793
520 0.47138238200662225
521 0.6468150090954189
522 0.40043977637831873
527 0.2770725812866701
528 0.46469296836636204
529 0.5765483987960591
530 0.7188444761242913
531 0.8826675280757844
533 0.7210102202476361
535 0.6725441791097402
536 0.4174704168993536
542 0.5398460135270781
543 0.4486161670574606
544 0.4105793648512613
548 0.4324856742736763
550 0.3783174825127012
553 0.5230046869273142
554 0.6594423918037812
558 0.7737661304371939
559 0.5620293536836338
560 0.7560104829119624
561 0.5583728592481271
563 0.3786676629631415
566 0.19058828355591204
567 0.3605114103133893
568 0.37285323655507835
569 0.5895516716326457
572 0.6467199440232407
578 0.4570146141819954
579 0.4619177825652181
580 0.16159669140881305
581 0.48795551593672853
584 0.5201046352092783
596 0.35865072832000766
597 0.40087658304403245
598 0.6171798971824252
599 0.5859990572893133
600 0.6159349332985546
602 0.28443054589559547
606 0.502905716828555
607 0.4646650139745353
611 0.35776552898715147
613 0.42687067690975317
618 0.4754617594866322
620 0.5608265405104389
621 0.5269902678109486
623 0.6064017197206467
625 0.5975373440624552
628 0.6687701027732226
629 0.5637348863660434
632 0.5335908820650007
637 0.23834070129157323
639 0.13636356570249966
640 0.7450723580102266
642 0.19068806988372294
644 0.4514064009936733
646 0.25007078055282717
648 0.24190265604223635
649 0.3674103214063653
650 0.28164896635233067
652 0.5579022302583563
653 0.5247177042172388
660 0.6457970376048476
662 0.5229611740960601
665 0.5848763325099645
670 0.5912472964146966
671 0.27298104679656504
672 0.4299949220559253
673 0.5649839188565008
676 0.24920841789138062
677 0.2800889785924885
679 0.6128903281236902
680 0.43183628050294437
685 0.3846463011791567
689 0.4250091921295885
691 0.40494378742972675
697 0.5584192730263176
698 0.5717868322589992
700 0.49123041672021966
701 0.49569079778189146
704 0.43923293938035207
707 0.5914257292719163
708 0.07960159715959249
712 0.5462991168047441
714 0.2686990879211128
715 0.658370270422279
717 0.561034691357945
719 0.5260750858347305
720 0.5689532226832407
723 0.3125558575669961
724 0.6998602769455541
727 0.6959044974261875
728 0.43352708152550323
732 0.45960364099501516
736 0.7607211545424546
739 0.180734364466351
740 0.43875358497720124
741 0.5200109037591016
743 0.2609360686996495
745 0.45928238072052063
746 0.8419689970115977
747 0.7231256123864805
749 0.17446147849357307
750 0.37509962064557123
751 0.5197095359407572
753 0.5914267903224949
754 0.3151649397524174
759 0.32781749962683665
762 0.4719898462051147
763 0.22920245952586737
765 0.6963003530830283
767 0.40055548634862564
768 0.4394489045691842
769 0.544558010244968
772 0.4198639549735942
773 0.4972331719804253
774 0.5824161549337623
775 0.5479786297205276
776 0.3806829373436369
779 0.35125041822630515
780 0.46077022554276625
781 0.5235396922796999
784 0.20355285482473062
787 0.5023035061260721
789 0.5189839674620339
790 0.25737034215037996
791 0.434773051023621
795 0.49033954213832165
797 0.43657260927228836
799 0.5920830045763642
801 0.3545772302424012
805 0.5358656958055547
806 0.5647255188187192
807 0.2296098831214847
809 0.3214874828320708
815 0.4171166660156032
817 0.3935588579955623
819 0.5346667108390984
821 0.451610574667685
823 0.6271141009268275
826 0.3691962253445768
827 0.6387530941821281
828 0.49642771190762197
830 0.5663293889872925
831 0.5771849891764299
834 0.47112037210539826
840 0.4100635107072021
844 0.5501654544987893
847 0.34032314302261835
849 0.7008612506294071
851 0.3774418931370294
854 0.3527233929804715
858 0.5211468512374102
861 0.6581756870338195
867 0.5501847721026533
868 0.5207023591939584
870 0.45107914334929844
871 0.600609072352096
872 0.3898347673520093
882 0.33567641004741244
883 0.5407991657782312
888 0.6465192170936365
889 0.5983666914898528
891 0.7356859603873378
892 0.5463300376514703
895 0.30708335701140554
901 0.33490280525161553
902 0.7828073597522504
908 0.6546969789918196
909 0.3815286844316213
913 0.5627732254613521
920 0.3799546470594689
921 0.5723576674372837
924 0.43954087665638125
926 0.4307767278789762
927 0.36170686906382926
930 0.4860139116216434
933 0.4811383707471353
934 0.5448089887197503
938 0.5339240374169066
939 0.7194934780305463
941 0.7240283342681513
944 0.6403343515700656
949 0.43561731550769417
951 0.7246977301343563
953 0.3120717928085028
962 0.4888633196773165
963 0.7030691291077309
965 0.5997379361158177
970 0.4885815633077423
971 0.7009942944452615
972 0.40142295811117384
974 0.5741622057249658
977 0.5431655128622119
983 0.7104148456310346
988 0.5658083982241393
989 0.6421466206754217
994 0.5234248041280433
996 0.6314478523623442
1000 0.5370723965377111
1002 0.3905364268429309
1003 0.6452598386166787
1004 0.4074922651178098
1007 0.47736350326905475
1008 0.4745870390219528
1011 0.7663306150076049
1012 0.6750420245472765
1014 0.5074234121983391
1015 0.4877307094213239
1016 0.6506930036475798
1017 0.5626788544422218
1018 0.3981109227484548
1019 0.48214010120755424
1021 0.46473725239157454
1022 0.49584471896666116
1024 0.4074623913146456
1028 0.5448197747329143
1032 0.33858574767409033
1033 0.6817771600436789
1035 0.38345277351338547
1036 0.5393266027401689
1037 0.4041033260872307
1043 0.4331379700046207
1050 0.32278178027139376
1051 0.3903425572409948
1052 0.40329936959175805
1054 0.8722493424594632
1060 0.5477830225232204
1061 0.33433547524136487
1063 0.7339344111499728
1066 0.4706085574152564
1068 0.6329109079264524
1073 0.6384755679555169
1074 0.4613792992397819
1076 0.5386611457596687
1078 0.5474878647324142
1080 0.6690562019527309
1083 0.40905879431486897
1089 0.6515849570046339
1091 0.42861254386342396
1097 0.5196569405607088
1098 0.7838581125851206
1100 0.7715205980588132
1102 0.44946733118065485
1104 0.6188933217689453
1105 0.49006579229417985
1106 0.6197480713474618
1108 0.5102602722390779
1111 0.7920057903828801
1114 0.6262358047579353
1116 0.525392873184382
1117 0.6639482593972976
1118 0.7269267576171667
1121 0.3376780714874847
1122 0.49099041477951416
1125 0.40082728613936924
1130 0.46936695735790623
1131 0.3678948401167378
1135 0.7211569184472094
1139 0.18284954507013398
1140 0.26252672598086
1143 0.3609555171355835
1147 0.525194181863437
1148 0.440702544299192
1149 0.6031810420506303
1150 0.34398548310044685
1152 0.49159429423506873
1159 0.48782668583896655
1160 0.5117670293183542
1161 0.8049639916170659
1162 0.3088547143275064
1165 0.8084921578461048
1168 0.5839057278637689
1169 0.7985736946960679
1170 0.49831813103326433
1171 0.4754894379099371
1173 0.7553679694018771
1176 0.2702757861282561
1178 0.4186770569357202
1182 0.22739063715811608
1184 0.537405405286762
1185 0.22234075020726202
1187 0.580345817681822
1190 0.15777668348594934
1193 0.6588174968711983
1195 0.5925115107471836
1196 0.4819483104587599
1198 0.5672185896010425
1200 0.4771553322936691
1202 0.3893106507129262
1203 0.40124301089773673
1204 0.4175338010505075
1206 0.5116526006258004
1210 0.6478381036385567
1214 0.6128577398709538
1217 0.5032456219268537
1221 0.8245603834017288
1222 0.5454076926822606
1225 0.5424963716536457
1226 0.45860939824622116
1228 0.30051159664186083
1230 0.6429721622098843
1231 0.43154476314800033
1234 0.47782421933145836
1236 0.36388229158134905
1239 0.24020333285739962
1240 0.40159311702232675
1241 0.4916081604535379
1245 0.6093606271990147
1252 0.5482855262266956
1255 0.45290666556928655
1258 0.5778311119660781
1260 0.5840612893772902
1261 0.37487534750852997
1262 0.6426345531356609
1263 0.3916200432449211
1266 0.3748481150310583
1267 0.6807926142990354
1268 0.15202209991910748
1271 0.632629064074605
1272 0.4089123178225687
1277 0.5882370350419989
1278 0.4137433326603682
1280 0.8331208492841652
1281 0.5587882494059268
1283 0.46566977191984305
1284 0.325704974292576
1285 0.5445940318905197
1289 0.4615719462852274
1290 0.7220141542923325
1292 0.5952817789233638
1293 0.6925666949643604
1294 0.6632323528586045
1297 0.28287837331669197
1298 0.6282707395083833
1300 0.43241766011694244
1301 0.5730655119711312
1302 0.5171214914543388
1303 0.5386709120553876
1305 0.7228353922583104
1306 0.3657377699452715
1308 0.4312301291821923
1310 0.33799648643115643
1314 0.5737298509553626
1318 0.46156649347818424
1324 0.33451733070925466
1326 0.33314149444063007
1328 0.6963414655501114
1329 0.6034385801423434
1333 0.17151058066379077
1336 0.5081338056595797
1337 0.34287593586113746
1339 0.3986922130683591
1342 0.4109447797732413
1343 0.3377996947631799
1345 0.6233639817330001
1348 0.5230981285456829
1349 0.06828361355376072
1350 0.4113154212855985
1352 0.6552232963274149
1358 0.5796472851335956
1361 0.7572167252675134
1364 0.6604387908505603
1368 0.4870051622045087
1372 0.5477550171215908
1373 0.5181589404943713
1376 0.44819925866340604
1379 0.39158060622814933
1383 0.6823858072374133
1384 0.31023542653317393
1388 0.5248123822050871
1389 0.6040849942369406
1391 0.40539497332570157
1392 0.7602766582134484
1393 0.15351709322336257
1398 0.7092952197346185
1403 0.5712837811957941
1404 0.3822218570459677
1407 0.5440464401831037
1408 0.7140424781596247
1409 0.4297779988287912
1412 0.29615378358932537
1415 0.6552314177519822
1417 0.355587285776899
1423 0.4212971795743565
1427 0.43188439416963686
1428 0.3506827330359442
1430 0.6109029712438807
1433 0.38344695956421243
1435 0.551112860905308
1441 0.4824909601548565
1443 0.291856797383169
1444 0.5605894214263997
1446 0.3999888938515984
1453 0.5481116546044869
1467 0.5163665646948791
1468 0.44794244008760853
1469 0.35887130302364406
1471 0.5248856771618318
1472 0.5260068652584976
1473 0.6817620293378172
1474 0.43293294480249417
1476 0.4993698342724984
1483 0.6559145878692552
1484 0.5153176301433768
1491 0.3909766919089698
1495 0.4135322893197794
1498 0.627349237818864
1501 0.477834196888782
1504 0.4781277081279415
1508 0.5945431152950875
1511 0.3651562071459693
1515 0.5974984934148951
1518 0.5319217080065343
1521 0.48302704615116837
1524 0.5737607112437026
1529 0.7821916746039563
1532 0.5429790492065532
1536 0.5677228024511626
1539 0.3101591343892676
1540 0.45277867819760675
1549 0.5201175472475404
1555 0.3756111366584767
1558 0.7054716410499232
1561 0.37153815984950084
1566 0.6275956890196537
1567 0.7266964892085908
1568 0.48883614079816956
1575 0.5412981461944828
1579 0.6175402953916893
1581 0.35144055932412205
1582 0.38337022634443885
1585 0.5048671522063695
1588 0.28626076902894104
1590 0.5580484293654482
1591 0.5674698067569033
1597 0.21410423079928576
1598 0.4947749017601939
1599 0.5009246032730058
1612 0.8120946651430071
1614 0.7784122167844457
1615 0.103871282457925
1616 0.5467402846233214
1622 0.30616069511583577
1624 0.7047600293148706
1634 0.4873409469189141
1639 0.5616977671421504
1643 0.5528696296357478
1650 0.4687063219021003
1654 0.49385868156829044
1655 0.45698176397926765
1656 0.664941942538375
1657 0.36316732902142534
1658 0.44008187985440694
1660 0.6896593978514007
1662 0.3382432527272315
1663 0.29267589706734415
1665 0.43744188007540247
1667 0.4454174934091144
1668 0.4070107239105797
1671 0.6667274822244659
1672 0.5519333793821075
1673 0.5713146232008585
1675 0.48210701547130425
1676 0.7462464648358034
1677 0.4425485477501949
1678 0.3607233062767424
1679 0.08538214119519144
1681 0.1297100540605964
1683 0.4430029165460827
1686 0.2693563208520113
1688 0.2908381012460474
1690 0.7215685936388878
1692 0.48240075959345674
1694 0.37810168604563665
1695 0.5389581988543017
1701 0.4779488603504693
1702 0.5471296576371778
1703 0.6723001784697764
1711 0.5997918925030691
1713 0.504195342017946
1715 0.4986285152386627
1718 0.4907256252543376
1723 0.45799773914691805
1725 0.6276537169340074
1729 0.5815864983437589
1730 0.5285411125297921
1731 0.47040547308627767
1733 0.3961060949928552
1735 0.6118833048906839
1736 0.4547659889831637
1737 0.4212022986240284
1740 0.4979170768130736
1743 0.22768366360699127
1746 0.6369950895378829
1747 0.3646413853665546
1748 0.8056265415892288
1749 0.30694080629921333
1750 0.39427284119100914
1751 0.8266613066045144
1752 0.40169701514421696
1756 0.6753784076607802
1757 0.5259335230252178
1758 0.623883007547042
1760 0.6749254935166576
1768 0.41762013868462794
1769 0.7660470928590145
1773 0.24829871610932933
1776 0.6711576686550473
1777 0.2883282122839657
1779 0.6882208967741703
1783 0.5992185659850696
1784 0.46131292853824646
1786 0.46063445751406684
1790 0.4930043652167892
1792 0.46731235370261115
1793 0.5071648031660585
1794 0.7255215292882038
1799 0.7814581661383057
1803 0.37687121724662365
1807 0.3945629794928824
1812 0.5714871307129027
1815 0.6374886149994099
1816 0.3105920797536142
1820 0.5626105653125719
1821 0.4098211845223302
1822 0.523092747242493
1823 0.24146933910482096
1825 0.6552237743184061
1826 0.3975454462209813
1827 0.4463830211771026
1830 0.4741108040656695
1832 0.30535809365439914
1838 0.4785454283339052
1840 0.6154106570116404
1842 0.4140219610490817
1843 0.44029426107617575
1848 0.4176466747639623
1854 0.3312214693992911
1855 0.47328591106062456
1860 0.6228330618675494
1863 0.4699514489006128
1867 0.4596861618228683
1869 0.5434058189111209
1870 0.6005826593175924
1872 0.27247403912392326
1878 0.6336226956854678
1879 0.7646059959342885
1880 0.7408524971209139
1882 0.4579853254938058
1883 0.49439886163575175
1884 0.5638859771185496
1887 0.517832724900064
1889 0.5138937965803188
1892 0.48339120557885396
1895 0.3908855642798162
1898 0.4846750692196571
1899 0.411870038339156
1900 0.7805412455895189
1902 0.6153072633594036
1905 0.4057703048571972
1908 0.412552130235346
1912 0.35150096104553974
1916 0.5956501863242931
1917 0.5702699822706958
1919 0.7056055046224249
1923 0.3755706539484989
1928 0.4856755957375059
1929 0.513564630098046
1932 0.3317090393621964
1933 0.7060723034468862
1935 0.35377510400147355
1936 0.4962786464796616
1937 0.5793854493502183
1945 0.319768982856863
1946 0.8366174045245067
1950 0.3896810756694637
1951 0.6423339950515401
1958 0.6366106490027464
1959 0.7205995235370936
1960 0.45716045954463624
1961 0.46957564662202966
1964 0.5549349642997935
1966 0.6823026581220305
1969 0.2872561969173606
1970 0.5354511301312174
1975 0.4138271296892341
1976 0.39872090386311343
1981 0.6774782500756877
1983 0.36979506721332117
1984 0.45892621331881694
1985 0.3202241431519206
1999 0.4045309473821991
2000 0.5227069026263338
2004 0.609748058423459
2006 0.3865394337074491
2009 0.5278723421851378
2010 0.6790068914223252
2017 0.4376731683522299
2018 0.4634276807320996
2019 0.4003542664031731
2020 0.5330958472140627
2022 0.417821211580649
2026 0.46657453884582595
2027 0.4086226109138365
2029 0.5664383159964269
2030 0.3571135303178758
2031 0.2467012354348681
2035 0.7357319302304395
2038 0.5585527036942771
2039 0.25464026656243227
2040 0.45176451471381834
2044 0.3523137313169914
2047 0.49363035368349645
2051 0.7539298470130025
2062 0.45336257263756424
2064 0.4528972569833493
2068 0.4749136544575572
2073 0.6825074946087897
2074 0.580003575333507
2076 0.43414951539147184
2077 0.36624445113012094
2081 0.32872580874695967
2085 0.4915068076867331
2086 0.5848936942765494
2088 0.5888211447249145
2094 0.6145567207855278
2097 0.30444999877138235
2098 0.31481644353316923
2099 0.4814250052893074
2106 0.45282444826947116
2108 0.5869111689852
2112 0.6597449245915153
2116 0.6895374543315352
2117 0.431923225740905
2126 0.5706214784390623
2128 0.6467838133768412
2129 0.6328831482695806
2130 0.5337134036597686
2131 0.7223923342369919
2132 0.559242711869316
2135 0.49793831865037314
2136 0.37529562084026613
2137 0.2789039407676459
2139 0.4035143936102023
2141 0.515422104792363
2147 0.6294743092412759
2152 0.4694080491350252
2153 0.4074870007878663
2154 0.3817586143963978
2156 0.7078602533461966
2161 0.5463231798865846
2163 0.7976353453781213
2164 0.5587456623881574
2166 0.6442937855627712
2170 0.7438076531466946
2173 0.778670441504833
2175 0.399336304769556
2177 0.5835229387337716
2179 0.3043099263895001
2184 0.3149290220858726
2185 0.6492568284883959
2186 0.5378050526304378
2187 0.3627991092519837
2191 0.6317180394909465
2196 0.5949027932669284
2197 0.427805725102382
2198 0.5488789418772019
2199 0.35470776584973424
2200 0.47175696330702654
2205 0.23105863252290948
2210 0.746632644126227
2211 0.4588908231145995
2213 0.36882371150976256
2214 0.34306658281564306
2217 0.5199533143492376
2219 0.43508911448920035
2220 0.5140220398684351
2221 0.3600803575201216
2225 0.7812843033743057
2229 0.44820602548250954
2230 0.43298787797201516
2233 0.4037946517996048
2239 0.27921439663745207
2241 0.2669287560903405
2243 0.7557233202871678
2246 0.3618594224976452
2248 0.627333804757395
2249 0.510480715702856
2250 0.7872892436626965
2252 0.4229250535266851
2253 0.7531955259382781
2257 0.24358049317232217
2258 0.6183030652457392
2261 0.34280849854721185
2264 0.7236067574318292
2266 0.5809237865937865
2272 0.47706183463611057
2274 0.6738223221922948
2275 0.48630742380384656
2278 0.2433277304217871
2279 0.6301142691447925
2281 0.43079520344127664
2282 0.4287957089872502
2286 0.33360865080890784
2287 0.45580187368270975
2289 0.5018599817962673
2290 0.5206554046560553
2296 0.6779794170582913
2298 0.4959126639883631
2300 0.6056051911770427
2306 0.2251248931764758
2307 0.22394174238230272
2308 0.26614226471851854
2310 0.5715504636365037
2312 0.5525319936821513
2313 0.581032394964316
2315 0.5759658722968204
2316 0.4334233553443308
2317 0.5575896221162987
2318 0.5004128394802104
2319 0.41515664790201373
2324 0.4026299402772347
2328 0.4991152734424392
2331 0.7783780633801458
2332 0.3931830330082127
2333 0.3108202907287938
2336 0.367457273857566
2338 0.5121133362811243
2340 0.47737986281608646
2342 0.42414525568602607
2343 0.4024400946857876
2350 0.7380124981442884
2353 0.4685757432449865
2358 0.8195435474778757
2360 0.6902685647785114
2362 0.6839285317018327
2367 0.2813145490533129
2368 0.2583835717675182
2369 0.4010598725412725
2373 0.5166590634273547
2374 0.62099993806156
2378 0.39277037692060784
2390 0.4435593627656653
2392 0.25509530752068327
2397 0.44168797936350074
2398 0.5165557007309921
2399 0.5554171744860145
2400 0.20137933164180005
2402 0.6684072855884822
2403 0.47679088755821564
2404 0.4875918244228077
2405 0.4675848418529895
2409 0.7082558289077743
2413 0.49990285748364083
2414 0.7823076977069773
2418 0.532171134838208
2419 0.4798009589687382
2420 0.6111790277526522
2424 0.4980879434473351
2427 0.7344150326460666
2428 0.5344684622664829
2434 0.5874172252083342
2436 0.3516157574263999
2438 0.5777156122589693
2439 0.5225689409783543
2440 0.5977299101275055
2442 0.4643732765117686
2450 0.2595164824758483
2451 0.6080794278014674
2452 0.3374234388008322
2454 0.5561398846622305
2455 0.584593237554535
2466 0.7391900353110997
2468 0.37062787020105775
2469 0.4375728258601562
2477 0.479728925549887
2478 0.5751876373489989
2481 0.38350122542639187
2482 0.5374870698428282
2485 0.2610099769146454
2486 0.1863592755997117
2487 0.5521149611407826
2491 0.5155457512130277
2492 0.6064261058785686
2493 0.5865695184740601
2495 0.6344509681963105
2496 0.3014592043099432
2497 0.45686691224453746
2500 0.539499012194324
2507 0.5015450244617683
2510 0.5777523901440822
2520 0.4182042088478208
2521 0.24869638433684904
2522 0.6518964770749688
2524 0.30217891203097474
2526 0.5841671526522978
2527 0.5561431697385242
2529 0.5671230240747299
2530 0.7068838765195486
2533 0.6287291621887138
2535 0.6761132342582656
2537 0.40487089628681977
2538 0.4136768318033545
2540 0.28189808910403935
2541 0.35944034190657204
2544 0.3632722607379014
2547 0.6099716816161636
2550 0.4817415735689293
2554 0.5242651033267562
2556 0.484980281040365
2557 0.7038433147407992
2559 0.7523720483313242
2563 0.46486176482793845
2565 0.25735566771710067
2567 0.5459398076509363
2571 0.5229399818648841
2572 0.7405478273292679
2581 0.5775100099487064
2582 0.4920379124514912
2594 0.6385074990115687
2598 0.5786190936414978
2600 0.3247038170490232
2603 0.3015573711733877
2606 0.5478052220793045
2607 0.5583690177712433
2608 0.6591265522672328
2610 0.36981341745518986
2616 0.42417035448550106
2617 0.47939378284554623
2620 0.5401974401418218
2621 0.5022456136432315
2622 0.49719424559126524
2624 0.5567156778253031
2628 0.5910737175458748
2629 0.47387171468299144
2630 0.690614042750676
2632 0.5814542151921563
2634 0.43917815768296675
2636 0.6917769452877591
2643 0.5369003856058986
2646 0.524827598099547
2650 0.48433230645123415
2655 0.4949829130897582
2657 0.650515557187997
2658 0.720772044496885
2667 0.37593452387219933
2673 0.3082813456498058
2675 0.4866141120503487
2676 0.5051758276836907
2679 0.3645575037008691
2682 0.6464924316159684
2685 0.6140277313885533
2686 0.8119216879230654
2687 0.6173324839836148
2688 0.7188801842316092
2689 0.5992285427773462
2691 0.37777461481379593
2692 0.7213644848665157
2694 0.7632030469913559
2701 0.5538128348144813
2704 0.37095126354273755
2705 0.40983338041741463
2706 0.6593566078882639
2708 0.19159016691682754
2715 0.6720566873940185
2718 0.28614959821963903
2722 0.5586441991828678
2725 0.4081319145791328
2726 0.46023255528724827
2735 0.7456007463128412
2739 0.24898117574645673
2740 0.4425784168748254
2741 0.5377026962140351
2742 0.473259867903822
2747 0.6916578279694899
2750 0.5875466172977813
2753 0.48169431096151294
2754 0.6503437239207966
2755 0.4377573532003542
2756 0.4479452028578597
2757 0.5008965182853873
2758 0.5876612105242501
2759 0.6509480739602379
2764 0.5777845169225905
2765 0.35276737991692764
2768 0.516545092578447
2770 0.27867574902824604
2771 0.6505686940007908
2773 0.17367123147123087
2777 0.5032878758377499
2785 0.42554702902582703
2787 0.4253850786690811
2789 0.6611910998504401
2790 0.47795363214548764
2794 0.5657549717847815
2796 0.31789507915881476
2797 0.5234946637095406
2799 0.5561392902879032
2801 0.38342921614414155
2803 0.5555353280597528
2804 0.49184487587473025
2805 0.6086841693907695
2806 0.5059881003304426
2808 0.3150117688246097
2809 0.5840825892600685
2811 0.5248771472477481
2816 0.4651239188898536
2817 0.5569695530604946
2818 0.5070976275300396
2819 0.45791444819061566
2820 0.4627786169650982
2822 0.48368726406407236
2823 0.6659714230004414
2824 0.4509111246107799
2826 0.7651840451386425
2828 0.565847250931686
2830 0.5781675149081137
2831 0.6269747575312266
2835 0.5390795536372213
2836 0.37755163381919715
2838 0.36799357439563407
2839 0.6087622640616521
2852 0.44498300578785854
2853 0.3726742357745593
2854 0.7881414570833907
2858 0.442219828705398
2860 0.3880886880395219
2864 0.581401173081181
2870 0.41903141711714614
2871 0.37110630576275333
2872 0.4376215449962584
2876 0.6394779595254947
2881 0.5312638496746308
2882 0.4859392629979366
2884 0.5906767251607395
2887 0.4800242523991496
2888 0.3429378604240521
2895 0.510438365711146
2896 0.5016106060734513
2898 0.6220384602067806
2900 0.557284366164782
2901 0.4134208408719579
2903 0.5243083097731678
2908 0.6293128118529082
2913 0.5399765017882655
2915 0.4770814155017687
2916 0.3562665596350136
2917 0.5593243518989153
2919 0.5670800218262377
2920 0.548851415991993
2922 0.39193375010286813
2924 0.37110233647051516
2925 0.5558766130457459
2928 0.33745413000333113
2929 0.4844863921176211
2934 0.5361661492947981
2945 0.6939282589731776
2947 0.49476421723228875
2950 0.6139587606572517
2953 0.4006981801142962
2957 0.5474036347889808
2961 0.5368709697395445
2965 0.48352131606156223
2970 0.31898106632540485
2971 0.6092215243254652
2978 0.6540563231711548
2981 0.38127922983688034
2989 0.6386272807185
2990 0.5560616110866705
2991 0.3724927633436084
2993 0.49463553135007104
2996 0.27764164073488723
2997 0.36374805622840956
2998 0.3654919695850415
3000 0.4467114710489845
3002 0.3751103807843416
3003 0.5326563819797624
3004 0.5663273914610428
3010 0.41480176410360403
3013 0.23692788052332805
3016 0.6663442241130948
3019 0.5073174043282825
3021 0.4813505839710252
3023 0.46703693004598545
3024 0.36619111348171673
3026 0.44480863596040154
3030 0.33168785938775563
3032 0.4045442062282931
3033 0.366968528631796
3034 0.41350224365621324
3036 0.5519796112142253
3037 0.5950304402328959
3041 0.5982537854377612
3046 0.32493867400054033
3047 0.28550578745276944
3052 0.3352804955975278
3057 0.3336008897186195
3058 0.3871493797695829
3059 0.3248167051112804
3060 0.3612389528977848
3062 0.36654546521409337
3065 0.358206387781844
3066 0.6531253061457499
3067 0.37757068719454817
3069 0.5423833538796082
3071 0.37880069663100424
3072 0.6513434831850815
3079 0.4684987008867515
3080 0.3447661890605638
3084 0.6149800619080211
3088 0.37535423446864186
3089 0.5069022313702883
3090 0.6459366693503065
3091 0.6166827894899518
3092 0.6628672106972896
3099 0.45382062443089793
3104 0.45710943574884294
3105 0.589484776200556
3107 0.46481322334510616
3109 0.4871327393915131
3112 0.43256529513617964
3114 0.42647790648098616
3115 0.740996340469322
3117 0.5665096622579476
3118 0.5205185832995467
3119 0.4112010736755758
3120 0.4351557926600565
3123 0.6765380336618892
3124 0.46189059047064046
3125 0.32569826870221535
3126 0.43993154773718796
3129 0.2008612751689332
3131 0.3730471005965794
3132 0.39571017885961207
3133 0.6498213775129622
3134 0.5413512874838082
3138 0.5509328642180557
3145 0.29160168307764656
3150 0.35299186726307435
3151 0.45135441921490493
3152 0.5648403419545304
3153 0.4357039276390365
3154 0.6023265246099052
3157 0.7378878840422354
3158 0.5151990701169239
3159 0.1334816269395278
3160 0.516825610629834
3162 0.5377896784861951
3164 0.7283831848986314
3165 0.18164687439487917
3167 0.4868400106104622
3168 0.14049699763375603
3171 0.594747269210219
3172 0.6596913120406037
3173 0.28582944714681136
3184 0.5199969772274099
3186 0.5725347308883917
3188 0.23644874908944913
3189 0.3611789087091685
3190 0.599449125716132
3191 0.7227633194299444
3193 0.4295657527094788
3195 0.6519657394612164
3196 0.514472106194564
3197 0.5656415467931609
3198 0.5879038420210876
3199 0.5784612541720505
3200 0.2515287610465625
3201 0.55282421275007
3205 0.678815453348249
3208 0.35342202275740225
3209 0.49225971626283566
3210 0.26244058757620164
3215 0.45176747317910976
3216 0.49464583849262067
3218 0.3971179736515225
3221 0.45601610829827594
3222 0.5242536258408962
3225 0.7434089385522021
3226 0.3821283841655249
3227 0.4100729421104579
3228 0.5933715201766265
3229 0.5708836350342579
3233 0.385856652429384
3234 0.29885061364122834
3235 0.5855760019274585
3237 0.4415185950486336
3240 0.443410438679124
3241 0.6087246663392075
3242 0.5857075001860932
3243 0.3007672648809413
3244 0.4171988376650068
3252 0.49061901240366257
3256 0.6405962317252433
3257 0.49415172836560545
3258 0.34459523800400016
3259 0.4983679151625903
3260 0.6178594087803078
3263 0.4314972539401844
3265 0.5388491257821929
3266 0.6272928601031169
3268 0.5051561805970566
3270 0.5300877993939334
3271 0.6198990549219975
3275 0.6155096092750985
3280 0.5387662509287494
3283 0.4024320707789232
3285 0.47314166272733527
3286 0.7211167728519822
3287 0.51836887530457
3288 0.46309552012595256
3292 0.5778435828960828
3295 0.8434685363677372
3300 0.7088425194145939
3305 0.38884003577823795
3307 0.715878150371361
3310 0.547165671500442
3311 0.5085160499566904
3313 0.49932355562498754
3316 0.6476377726617218
3319 0.4769997348610178
3320 0.5466413825056282
3328 0.24306594318022187
3330 0.30492086443625405
3332 0.359259344394511
3335 0.4077829927128334
3337 0.4764050409747393
3338 0.5346464997562731
3339 0.4997016405932582
3340 0.611614696204769
3344 0.49179440183537604
3345 0.7597279830819815
3346 0.3408425907672741
3349 0.3204152085919953
3350 0.685455959024685
3351 0.44783396696336536
3365 0.5757228190743657
3371 0.3727898732787143
3372 0.5507801202479589
3375 0.25435289260667593
3378 0.41675177692244764
3382 0.49348658031489995
3385 0.17108829115825883
3387 0.5179865108927068
3392 0.3887945494773864
3399 0.8288399985392937
3402 0.5217310916204719
3406 0.2868862711978851
3407 0.37003107764033344
3410 0.39653480323251633
3411 0.6397762069579597
3413 0.5819904327362386
3417 0.5346655139378945
3418 0.6252506369548136
3422 0.4096308419613565
3423 0.4340998369672522
3425 0.2679145968345657
3432 0.43885824951781355
3433 0.5664503467023211
3435 0.3736582663541995
3441 0.46044494392462054
3445 0.6536634672926325
3447 0.7108081369747653
3450 0.7183635376691208
3453 0.3747143132342652
3455 0.36137156022330535
3457 0.5026805661863732
3460 0.5606293542131293
3462 0.3129408727264439
3466 0.3957431399029487
3467 0.585875847433829
3468 0.5891426749543573
3469 0.44105758858963356
3471 0.6566425807665592
3475 0.4931353929348254
3478 0.19968851102741444
3483 0.4737245629080935
3487 0.7855511603849972
3488 0.4170658094135352
3491 0.5636038686608125
3493 0.5871138952699532
3495 0.6229180013828625
3496 0.3030827638264604
3498 0.635986211738756
3501 0.5595962322659516
3506 0.36316047892752257
3512 0.4124017390456607
3513 0.446317987839342
3516 0.36396303870527524
3517 0.4380815741116176
3518 0.3351079033238677
3520 0.5731168175508456
3521 0.42414560969112863
3523 0.574316956446577
3525 0.8391614375716328
3526 0.591186168108555
3530 0.5990783162708607
3533 0.5194214203154432
3534 0.474003366476917
3536 0.5963129126018131
3538 0.6297887972178452
3539 0.5268493462481055
3540 0.5177831139336191
3541 0.3456661024064364
3542 0.3390759165282116
3543 0.6111371230525434
3545 0.40378371677986563
3546 0.5373502104458354
3547 0.43332020343375194
3549 0.3522871978322454
3550 0.40966445433432586
3563 0.5866019909131959
3565 0.17112546057488168
3567 0.5173588789461789
3569 0.2839441057323814
3571 0.5502756788812619
3572 0.4365724701904088
3573 0.31151075387429117
3577 0.43861574133245873
3579 0.5675892763525155
3581 0.6122726208087153
3586 0.5704665432839702
3587 0.5768812310364816
3588 0.3410215936905034
3589 0.5279713133043945
3590 0.32120712769024695
3594 0.5985979662607259
3599 0.42371547804793847
3600 0.524360988320939
3602 0.5504502177036055
3603 0.4439652545497493
3608 0.4817176150931302
3609 0.24036624244540375
3612 0.2921334119185949
3614 0.39666084284509134
3618 0.5366686732376779
3619 0.6002334313205386
3624 0.5699036693921075
3626 0.5140360522143146
3628 0.3682993268492254
3635 0.5729299418790482
3636 0.27233925097793465
3637 0.7445208255247017
3639 0.6286467627255621
3641 0.5131087856826674
3645 0.3598112930651899
3646 0.5086154793114684
3653 0.5909908713836283
3655 0.33892144845353506
3659 0.3762493117560103
3660 0.42406440087469177
3661 0.8717105690506324
3663 0.3576224707610756
3664 0.5377178650015009
3666 0.5853634482184601
3667 0.4270626460113121
3669 0.6876114232169884
3671 0.36894097261006514
3675 0.5660904784788019
3677 0.8219916440515574
3680 0.5264564389083153
3682 0.5911830171071819
3683 0.4402961930938735
3684 0.7465749930252437
3685 0.6376768726693831
3686 0.3392790021961738
3687 0.48385324805855223
3692 0.4511330879955172
3696 0.5318362966917711
3705 0.5469596430933369
3708 0.2765784623695064
3709 0.48164086783538906
3710 0.1304406825340251
3719 0.5482030391835392
3723 0.39140659297175173
3727 0.36806728569531455
3728 0.5903988064444626
3729 0.4891353355600249
3730 0.28608258834746736
3732 0.40764475637004616
3736 0.48566748613454597
3737 0.6554367808505216
3738 0.7193356166284012
3739 0.4875273342680701
3743 0.347109830913616
3745 0.27871932154699725
3747 0.5249128788191267
3748 0.40547100962651567
3749 0.6773193768314509
3751 0.3053627648201942
3752 0.7083432233519286
3755 0.7152863453954721
3759 0.6040129931418723
3760 0.33495583385261707
3762 0.7545170931278524
3764 0.6633930423541952
3765 0.6119399899031308
3766 0.702146494258764
3767 0.594534603775553
3773 0.648584532016325
3779 0.3377025442491431
3785 0.5896924662130449
3787 0.5695139650830634
3788 0.31013904899003286
3791 0.4490521234080134
3793 0.6915744680044119
3797 0.21324281763550404
3799 0.5528656510633524
3800 0.4953401486585137
3801 0.4302274800815047
3804 0.5589785085620081
3808 0.5969525117668056
3809 0.6230651680778717
3810 0.39187828486733056
3811 0.519595671814574
3815 0.46005839074159904
3816 0.7865908130105042
3817 0.5405582192879186
3822 0.36805429843971327
3827 0.6139895276069451
3834 0.35829625361236556
3842 0.16550098069516486
3849 0.5080781568504978
3851 0.41489625437547656
3853 0.4003133420602472
3854 0.7542511513779295
3855 0.5352309157956452
3864 0.5277749208475637
3865 0.34635976004798924
3873 0.5519561245652197
3875 0.5249007732057651
3876 0.5282175963027851
3878 0.449173920363005
3879 0.48450924925439703
3882 0.7158639726996013
3883 0.74397508161043
3885 0.476802576303923
3889 0.6455204411995509
3891 0.34306355231895624
3893 0.5413360926603433
3895 0.4162713393911183
3902 0.5110936089483813
3903 0.5879034085357512
3904 0.5059166823035585
3905 0.586501683236703
3907 0.5160891665866881
3908 0.30299622003552645
3911 0.5684965029159966
3912 0.5895591962646441
3914 0.6043527684099133
3916 0.47100729773155536
3918 0.4443334778820458
3920 0.7062680065081894
3924 0.5904380005331058
3926 0.5131925298366785
3927 0.47527610166726963
3929 0.7182169856737662
3931 0.281815677159196
3935 0.6038188453118446
3939 0.2437490871763279
3942 0.4307770980691426
3943 0.5514070740389598
3945 0.42871654518061036
3946 0.40941548739562705
3947 0.5635648262075631
3948 0.5122422149968172
3952 0.378265991172308
3953 0.449732273088029
3957 0.3745953451605382
3962 0.6217739758056698
3963 0.4790452330557501
3965 0.3483253873255826
3966 0.7443474462651067
3967 0.613310032128021
3968 0.44504271885515484
3969 0.4535169005325077
3970 0.7326913851368763
3973 0.3888664570648503
3974 0.4375325248616449
3976 0.3477826610260317
3990 0.35566307957232773
3991 0.6464547528080515
3993 0.5390055367296661
3995 0.7117797918187585
3996 0.39050237977315616
4003 0.6242568494332594
4004 0.4432532496482995
4007 0.3180564555797369
4009 0.29249861785866726
4010 0.7380683651841251
4011 0.43388476755839694
4014 0.4634492894624953
4015 0.706990747028781
4017 0.5916312736681574
4020 0.4294835059374746
4022 0.353726278649205
4023 0.391946091233385
4029 0.6570141043807888
4032 0.6435310191883414
4033 0.6388385636319458
4039 0.4445338638109556
4041 0.6009882965420414
4042 0.41234371905162037
4043 0.3294965120067986
4044 0.4668071468737311
4045 0.5717767962529186
4047 0.6510873984509123
4052 0.4812128952376099
4053 0.4599417472782053
4055 0.7232678634246125
4058 0.9074611791013337
4061 0.5219408172696107
4064 0.4940283996428008
4066 0.7190144603981682
4067 0.6657329385775058
4068 0.46620752542443644
4069 0.33992522915375545
4071 0.45752463756202527
4072 0.634955587875701
4075 0.36438904763868024
4077 0.4364559155938182
4081 0.5578271911524932
4085 0.46179850952189694
4087 0.4313736415845317
4089 0.5116920471001026
4090 0.34722860948436424
4093 0.25602718910763944
4095 0.678674938191953
4097 0.4620949052616313
4099 0.33701250278325684
4100 0.630226675787659
4105 0.23187163629291208
4106 0.47112481987285215
4107 0.4632897805011027
4109 0.39762357627256156
4111 0.6273321960573806
4112 0.4419412464746875
4114 0.4196927169097538
4124 0.5444268533487205
4127 0.4870709085777783
4129 0.4224173751936979
4134 0.43949467793121844
4135 0.5610711098578887
4137 0.5641343387654125
4138 0.45388824999829613
4139 0.6998302136445046
4141 0.41069462539139123
4143 0.4450292828479791
4144 0.4377144808117303
4146 0.6315974615587688
4147 0.30641838175258773
4149 0.4273697593365819
4152 0.6719846907597279
4153 0.5968771988661786
4154 0.613457454349319
4155 0.31983070049855233
4156 0.39711772993036404
4160 0.44614186726111327
4163 0.29150375304097187
4164 0.38791918981143864
4167 0.325312097497379
4170 0.5801670885394261
4171 0.613115848573641
4173 0.7263032737494314
4174 0.5485487322741198
4176 0.46510944429357975
4178 0.6748719403718701
4179 0.5623569552942421
4180 0.527107406506226
4186 0.14965979522708012
4187 0.5478523817109038
4189 0.6302439910716242
4193 0.2522853103612954
4194 0.34789131717080063
4196 0.23232974665667744
4197 0.46359171184339687
4200 0.5329013508302041
4202 0.7008309780277675
4205 0.5931457405301357
4210 0.5515015509852104
4212 0.2912461575866438
4213 0.5752477762929898
4214 0.4054474667850234
4216 0.4469892550802093
4218 0.5768382775962771
4219 0.4505002318582743
4221 0.2690003619531597
4223 0.5065438202136102
4225 0.5557714250154637
4230 0.4800666273783266
4233 0.20787526398281858
4234 0.5504124452302355
4239 0.4697441604258078
4240 0.7026436039629026
4242 0.5057202286813337
4245 0.48836799417617716
4253 0.3722370219738516
4254 0.8729596314394198
4259 0.49782162840521565
4260 0.3724064930183594
4261 0.4957492907573774
4263 0.30014061806371317
4264 0.5355010038926047
4265 0.6590004175830458
4267 0.8450328060047734
4268 0.6215507105019019
4269 0.5338737586185193
4273 0.30015583799203527
4275 0.5289955638319555
4277 0.4987289833896801
4279 0.2910631078854958
4280 0.8036373262190601
4281 0.3738113643207429
4282 0.5719893404740651
4285 0.5016392014596933
4289 0.41625541893387413
4292 0.3335248972058278
4294 0.4034929139593511
4296 1.0
4300 0.3514761345322797
4301 0.36093444656820495
4302 0.7503218974408531
4304 0.63895439466132
4308 0.36775294064256137
4311 0.7220591972448153
4316 0.537458899296054
4320 0.46644004324945865
4324 0.4042354456396826
4325 0.6397040124740845
4327 0.9412256929661329
4331 0.572613877303352
4335 0.46728963202657126
4336 0.4732112108154088
4340 0.6915642334052572
4343 0.8032307693096596
4344 0.49908830815605887
4348 0.6090199466539071
4349 0.5327929292350051
4350 0.5659388053125942
4352 0.23935155272446493
4357 0.6477504090912486
4358 0.5464627080353224
4363 0.595094659604571
4366 0.15445519801975516
4369 0.468422106195028
4373 0.7032282750761246
4376 0.6344744966816367
4377 0.486162743506493
4381 0.5064319060295862
4385 0.34910580567297594
4386 0.38778052137865543
4390 0.5820775007570301
4392 0.5198161499295355
4393 0.7282076441631457
4394 0.5465622333429031
4396 0.3296175697760082
4399 0.6486048130580654
4404 0.4187112256407243
4405 0.2750437762788298
4406 0.5994432267149621
4407 0.4175944767010645
4414 0.617881085723134
4415 0.36234683987829575
4422 0.45076750282713857
4423 0.28314341635113177
4424 0.3077413054320238
4425 0.555136970549983
4426 0.7418802249212548
4430 0.30953815755649894
4431 0.31817955062394715
4435 0.5123000205020252
4438 0.3537006235113084
4439 0.6301046369812271
4440 0.4357145288271454
4442 0.3892325235661804
4448 0.5156845501304865
4449 0.43902373210397433
4450 0.3541644664181251
4451 0.5799638189047411
4460 0.6105528023055793
4461 0.3710356520618814
4464 0.23586439438422185
4466 0.5889031133409786
4468 0.6698969400394309
4469 0.5132123364210869
4470 0.5388447146041275
4472 0.5265548100586591
4479 0.3861710217993348
4480 0.3701838590372864
4482 0.4056926316403054
4483 0.6705192429606972
4485 0.4798464522900868
4488 0.5072100344439159
4493 0.6169524535493622
4495 0.6069052624714888
4497 0.4335366317287627
4498 0.3791967323790128
4504 0.41026328919332117
4507 0.584638961328795
4510 0.581309585768618
4511 0.7402055037339533
4512 0.4287870107769449
4513 0.5385679456070535
4514 0.4680121434773688
4521 0.47813067303144635
4523 0.42097573402774074
4531 0.513142956825484
4534 0.43237580791475505
4535 0.5967683439301997
4537 0.7486819914648963
4541 0.5673864348686983
4542 0.5567500129243755
4544 0.4831867602535534
4546 0.6436722243056071
4548 0.3384147597843861
4551 0.6104664278587492
4552 0.40441062694634083
4553 0.5518881866962638
4554 0.3478771543153488
4558 0.4822083300981475
4560 0.6550819987934321
4563 0.28124717987286896
4564 0.4846001589817504
4566 0.5436993774297257
4567 0.5393967699379825
4568 0.5294199179614749
4570 0.6298194021585761
4575 0.5382086355623227
4578 0.5143902359539159
4579 0.38546509554243963
4580 0.2820352824747332
4584 0.436672835082918
4586 0.6744612745384878
4589 0.34994824900070354
4590 0.4043514520049041
4591 0.6027629674550723
4592 0.3228445418831812
4593 0.560308929969544
4597 0.48603415142514395
4600 0.39256948188630375
4603 0.5831316535719994
4606 0.3869246690711089
4608 0.4161442505096465
4609 0.619187242718246
4612 0.3966544017374482
4616 0.3104879650140072
4621 0.569943646066348
4623 0.6007043926000063
4624 0.6287422881554422
4625 0.7736055474002909
4627 0.774678591836833
4628 0.48277793937118413
4631 0.3109747634423437
4632 0.4579165845003541
4633 0.33448935225445336
4635 0.6003211178164098
4639 0.10603567888181892
4641 0.6039221219598658
4642 0.5466590478579405
4645 0.6198186321620708
4651 0.4511867528028023
4652 0.5193499678554636
4654 0.16747813143385962
4656 0.574869596378323
4663 0.42837971203410424
4666 0.44714194218316783
4671 0.3219884652117838
4674 0.5539712033108146
4676 0.5150143486496609
4678 0.3812218295432838
4684 0.4977298503435428
4694 0.47190272977779246
4697 0.5858869638781848
4698 0.36688709148277665
4700 0.733728206448178
4701 0.6979235681978178
4702 0.6201724224129844
4703 0.34260088601818733
4704 0.27101270014595435
4705 0.5043361923769816
4706 0.5754716729248006
4709 0.22250418127193483
4710 0.6052507578241691
4713 0.4295527269125016
4714 0.4803441802287318
4716 0.380754628650238
4718 0.5563290622306599
4719 0.6492393361994111
4720 0.41705281276187356
4721 0.4338543367304564
4724 0.7099909954384535
4726 0.5765723370321686
4727 0.46258120285772625
4731 0.5973970343561833
4732 0.5158323102197718
4733 0.5852387589144528
4734 0.12396562929699634
4735 0.6132072245741801
4737 0.49920488939566504
4740 0.23400776032347512
4742 0.6303116198920209
4745 0.5456247093213904
4746 0.39335352804302437
4747 0.5321935525678241
4748 0.5153687044899923
4750 0.7352414212243747
4751 0.7575815864982961
4756 0.6586412370933774
4757 0.5192272829359675
4758 0.2966124248206883
4760 0.5377743034137217
4761 0.6352244773879224
4769 0.5632541897708018
4770 0.6423597227005577
4771 0.3600061148778431
4772 0.4190211918034975
4773 0.5586421177547066
4774 0.553679892069532
4775 0.4385453561279911
4778 0.45005718348044127
4779 0.5191422379937426
4780 0.3721256632011705
4784 0.6347114366551002
4785 0.5297064574543124
4787 0.5863724353396446
4788 0.5633829474027937
4791 0.17909826283541586
4792 0.599238845247458
4795 0.22339240656203796
4800 0.5309902119832418
4808 0.2514755105605714
4812 0.641569238231184
4813 0.38514040406131816
4814 0.4078268537751811
4826 0.4055318612067763
4829 0.47431653556256753
4831 0.6807612372828002
4832 0.5653030983559366
4833 0.16531761456005564
4834 0.6338966050980961
4837 0.8187968358480273
4838 0.5359292978253632
4839 0.37298508688357385
4840 0.3571079026034517
4841 0.46686810696586456
4844 0.34818243111360764
4848 0.41099167423699307
4849 0.4551211063825459
4852 0.518447754391964
4854 0.5737234718555771
4858 0.7344400987371601
4859 0.5226503718793296
4861 0.7075276027895961
4864 0.5939867338762334
4865 0.7479867504313348
4866 0.6282907947265807
4871 0.4812654460167801
4872 0.6780810725558014
4875 0.5156174258674965
4876 0.4413752029459453
4877 0.5053721079301375
4881 0.35711848906082927
4888 0.1859547302907534
4889 0.5766922948593117
4892 0.5099548583801876
4895 0.5146273164613805
4899 0.18145381710754105
4900 0.6579537782020386
4902 0.6289697767021033
4905 0.5263781532192785
4907 0.4155327023616628
4908 0.7016877629868364
4910 0.5224831321637236
4911 0.4484706796073904
4915 0.6300998795194029
4916 0.23106725339715736
4918 0.5582642841200331
4923 0.3959349736885381
4931 0.40019144957838504
4933 0.30633918837969354
4934 0.49280349938676127
4936 0.45469502665234923
4938 0.5065169978012514
4939 0.29166279236228176
4941 0.5738368218083683
4942 0.17218882089988236
4943 0.07188098112869876
4947 0.564253160492621
4948 0.5213241738671305
4949 0.4525434853438328
4953 0.5907161914081415
4957 0.15591700632971445
4959 0.7108036991139707
4965 0.4005976312447723
4968 0.4268185994504777
4970 0.4524206152102016
4971 0.6258902013400042
4978 0.6024295756216698
4979 0.5066930605298782
4980 0.4648348827831603
4982 0.5893071597694054
4983 0.3201975686880021
4984 0.4112731005248259
4989 0.6151526284377177
4992 0.6204881953461177
4993 0.5121223453111092
4995 0.506018289857505
