0 0.5590215815998645
1 0.5796520979702279
2 0.6874318742610038
8 0.4842370277160354
9 0.4489142348311187
10 0.5840515297896434
11 0.36878894404875345
12 0.44311144974501065
13 0.5771153361162652
14 0.7448173128821818
15 0.3737483639466857
16 0.40364276998898446
18 0.40478445310141814
19 0.5837876117884696
20 0.5362059222683903
21 0.4602502805515695
22 0.42716160297242683
26 0.4538674135508032
29 0.6460588149874833
30 0.451131966542527
32 0.5471450861193388
33 0.47411606390193567
34 0.576607006925879
35 0.3292988712372661
37 0.5933019664858905
38 0.6881007679833648
40 0.6297504514485228
41 0.6152893356461671
42 0.27471908767258846
43 0.38615540566690737
45 0.4244868950414279
46 0.7350581884353548
48 0.38866955749294724
49 0.6303488032173289
50 0.6180238213248511
51 0.6048341928545728
53 0.5679531739999895
54 0.6601436431743224
58 0.358203288343018
61 0.4817723938490755
62 0.46897942434874557
66 0.5582651624123703
68 0.5155214884711468
69 0.5515098774796201
70 0.22837696213339215
71 0.6895954484637723
72 0.5771162229097164
73 0.639747801019564
74 0.5372821360514621
76 0.49376675673567133
77 0.2979647711666191
78 0.6113089194751485
80 0.4733129003785564
81 0.5564383291037233
82 0.6795094393184485
84 0.6389856788742008
86 0.5637482530567617
87 0.5249507434161866
89 0.6137760205787286
90 0.5740539799736037
92 0.42747299996468646
93 0.4964585744935264
95 0.31643845778164914
96 0.18742115718228444
97 0.30516171970650247
99 0.2922023999585474
100 0.4953143234270313
102 0.4586213403252932
103 0.5458287725951328
104 0.4118739907578452
107 0.5847377650608641
109 0.4092583996593944
110 0.5982824287932201
111 0.46839698402963154
112 0.3433365143622424
113 0.49308269036857444
114 0.5417374290107709
115 0.7414712451264517
116 0.43608875603818315
118 0.5993057983662985
120 0.6206358196686618
123 0.505649074367186
125 0.45590705669406567
126 0.5788963481124686
129 0.53405963407184
130 0.42842166909432217
131 0.5350778521519443
132 0.48337599132358644
133 0.45351751784162087
134 0.5759755861868984
135 0.5635923658489652
136 0.4953242926685479
138 0.5454046796301518
139 0.6906758575221912
142 0.4232952071361705
143 0.39039854221036235
146 0.4837116784519871
147 0.44110672130408596
148 0.5503297414768196
149 0.6351469183698921
150 0.529391663357917
151 0.3708399326031943
152 0.45404391392318477
153 0.6810093601238568
154 0.5415666571415667
155 0.5071059653470836
156 0.6567053852797228
157 0.6592112388973717
158 0.4394193757754935
159 0.4541908313173926
161 0.26691392479386267
163 0.3082359647171111
164 0.5120371841781881
165 0.4374181693253405
166 0.7506137161363131
169 0.6885556145966
170 0.4844470350456103
172 0.6436145989068719
173 0.29010896253685664
174 0.40909218926261204
179 0.5426692177352455
180 0.43194819623603553
181 0.614252481852291
182 0.4654838170391878
184 0.45046045526290873
185 0.6965073905852158
186 0.33542563680937965
189 0.6051004194193844
190 0.41206996770419474
191 0.4050530605735271
193 0.5976961784565563
194 0.5405253094796652
195 0.391113144394294
197 0.5458565265008908
198 0.5390530368572617
201 0.5258149616316883
204 0.45791453596138304
206 0.40231951100819247
209 0.45002362049411215
212 0.2863947005725704
213 0.722776582041429
214 0.2872331486787922
215 0.5143586003629853
219 0.6708220342084851
220 0.6317756671230246
221 0.4759186454216502
222 0.6069641574182202
225 0.27371049808803233
228 0.43919512100861485
229 0.45239980502262667
230 0.4902640389426334
231 0.47919118407227884
232 0.500780963783226
234 0.6586885723425675
235 0.4270474455951859
236 0.4460848426735087
239 0.4257492799393774
243 0.6061877614561355
244 0.8588138439123789
246 0.6723401667908093
249 0.6087620756944212
250 0.665356875928731
251 0.6672749230514523
253 0.6061021219641441
255 0.6837090368083105
256 0.35374293795676803
257 0.49273142045144364
258 0.39129061875454463
259 0.4612815279738179
262 0.5731561964561934
263 0.4721075664662264
264 0.5337212784629844
265 0.6493696900191607
266 0.648963965381773
267 0.25999803366458385
268 0.3632376405090193
270 0.40640518309701407
271 0.2991684338566628
272 0.5901424869828932
273 0.42813436624981455
274 0.2776989013262873
275 0.6412633575418071
278 0.47466375789337256
279 0.48644027428215736
280 0.4592140290417135
282 0.5490547219156775
283 0.8455730108751169
285 0.5813765033669486
286 0.4109548296687224
287 0.6224829739185147
288 0.370902540581736
289 0.3362761469706142
293 0.46084569774883505
295 0.5134474226378756
296 0.39325576601375095
298 0.43093586739785544
299 0.5286215269072222
301 0.41005005054321475
302 0.48249760375218903
307 0.5852938280882833
310 0.4435027792527986
311 0.45271418495848587
312 0.4614659193077551
314 0.407795651013755
315 0.3485357977617261
316 0.3227516451239771
317 0.6014579536647069
320 0.5197770543260292
321 0.7299722382146828
322 0.6870081092989161
326 0.4443105164343669
327 0.6403136810521501
328 0.7023776870176088
331 0.28841663861081995
332 0.5371585053481459
333 0.6160326667228488
334 0.4434259922653949
339 0.40735650582179805
343 0.17383413572122255
346 0.5365752810264184
347 0.8245660583331831
353 0.4785846331238794
354 0.5695976780549132
355 0.5042797289186716
358 0.478460399581495
359 0.44157738031457644
360 0.45240531862457367
361 0.5378210862795515
362 0.34402502128614626
364 0.4166247103335922
365 0.5090249096083785
366 0.5188524220908313
367 0.3480933731590521
369 0.6542350289512613
370 0.4197826004081762
371 0.5770084616454327
376 0.4938850604956235
377 0.7679588735691216
379 0.26410869516945773
380 0.3742700542265379
385 0.5217261823604578
386 0.5402757967315203
388 0.544460760619526
389 0.3864248739411868
391 0.40988942518420773
392 0.5087811959730181
395 0.2359707846476723
396 0.36598235813206037
397 0.6219532067978198
398 0.5746133536212787
399 0.17193247723250213
401 0.5170243513197479
402 0.4376678512274932
404 0.19983152267092952
406 0.6651848086225464
407 0.3634816359408083
408 0.5294343374650772
411 0.5324596705876404
412 0.3257382401108959
413 0.6375853135224677
414 0.4351264021011664
415 0.5500468377611506
417 0.5754111132908158
418 0.3996236416970342
419 0.3364329431128182
420 0.41475471032355865
421 0.26192322356913333
423 0.5396856306560854
424 0.5361571500642051
425 0.3765096444203076
430 0.21559208984366707
431 0.47046072090682084
432 0.42714281421117734
433 0.7261326251530678
434 0.3790350813034936
437 0.49007895143365815
438 0.3890825005135488
439 0.49165144577257275
440 0.36421081605274414
441 0.3792267146976675
444 0.393545970960442
446 0.07469163106473888
447 0.7060377688507905
449 0.7457042920521996
450 0.5040299996514017
454 0.3960027897744152
459 0.5878447290626491
460 0.3906907447528781
463 0.5110960264378569
464 0.42535604472355726
465 0.7911112715783868
466 0.43919471027313994
467 0.45272703673789183
472 0.558191056660232
475 0.6840761648697221
476 0.4627677904043478
477 0.5449862851108259
478 0.6165930647392978
483 0.6080742026670639
484 0.342201858384344
485 0.505038070574395
486 0.46655324264365533
487 0.3460247959908631
491 0.44589983626748453
493 0.45043957901961296
495 0.31809700808582897
496 0.3376093640994621
498 0.19113462993431635
499 0.3262366325991821
500 0.4884453626272062
501 0.6608930568735915
502 0.5749214047550057
506 0.45897111494870596
509 0.1635800307548316
510 0.6150627752929101
511 0.4329750682205345
512 0.5015830292818391
515 0.4166624830028707
516 0.5181788287220797
517 0.589824223059947
519 0.25196536883812903
521 0.6468150090954189
522 0.40043977637831873
523 0.6902020251949739
527 0.2770725812866701
528 0.46469296836636204
529 0.5765483987960591
530 0.7188444761242913
531 0.8826675280757844
532 0.6463350509800846
534 0.37317649139314446
538 0.5773102781545217
540 0.27288122519728536
544 0.4105793648512613
547 0.13188046163711095
548 0.4324856742736763
551 0.6203731545273988
552 0.26841841371882486
555 0.5551072237299283
560 0.7560104829119624
562 0.371375756678978
565 0.5048072498287103
566 0.19058828355591204
567 0.3605114103133893
568 0.37285323655507835
569 0.5895516716326457
572 0.6467199440232407
573 0.39745770894393667
574 0.5490902517474042
576 0.41744144893855895
578 0.4570146141819954
580 0.16159669140881305
581 0.48795551593672853
582 0.28783980414716925
583 0.5556783193552282
585 0.6236186374242364
587 0.5707214464683292
588 0.4517954686190916
589 0.44041480634265706
592 0.5046879789051614
595 0.2758733423054591
596 0.35865072832000766
599 0.5859990572893133
601 0.4016381972299042
602 0.28443054589559547
603 0.2683214691791359
605 0.571489112022041
606 0.502905716828555
607 0.4646650139745353
611 0.35776552898715147
612 0.5322773287893104
614 0.4103675183033502
615 0.4749321923661162
616 0.5355122585861205
617 0.45975666643070917
619 0.43621116738929766
620 0.5608265405104389
626 0.4804476656839324
629 0.5637348863660434
630 0.5759897309334645
633 0.5404070953905097
635 0.4928878814970075
636 0.3686674251474786
638 0.49003686226551313
639 0.13636356570249966
643 0.45978559715756206
645 0.3540042968576458
646 0.25007078055282717
647 0.547704694436116
648 0.24190265604223635
650 0.28164896635233067
651 0.41420775214437605
652 0.5579022302583563
653 0.5247177042172388
655 0.441386034491732
657 0.39402861151267815
663 0.5191891415129859
664 0.38327105671694944
669 0.29020616602843047
670 0.5912472964146966
673 0.5649839188565008
684 0.5120494833643164
685 0.3846463011791567
686 0.6026409480087063
688 0.6037117237682968
689 0.4250091921295885
690 0.4399949184506563
691 0.40494378742972675
692 0.5075862750377352
695 0.7566643562514842
696 0.6969533202256479
697 0.5584192730263176
698 0.5717868322589992
699 0.5104703619662915
700 0.49123041672021966
703 0.42240265356308093
704 0.43923293938035207
705 0.3133526447872905
706 0.6779082843788751
707 0.5914257292719163
708 0.07960159715959249
709 0.41514653443171695
713 0.4608383520700167
714 0.2686990879211128
716 0.47302026091452826
717 0.561034691357945
718 0.17188074521691998
721 0.7079316061146504
722 0.5440350928596356
723 0.3125558575669961
724 0.6998602769455541
725 0.4718828838863848
727 0.6959044974261875
728 0.43352708152550323
731 0.3985878179888742
732 0.45960364099501516
733 0.2946931026596404
734 0.8575186796518998
736 0.7607211545424546
739 0.180734364466351
740 0.43875358497720124
742 0.7124092144199516
743 0.2609360686996495
745 0.45928238072052063
747 0.7231256123864805
749 0.17446147849357307
750 0.37509962064557123
751 0.5197095359407572
755 0.5275305484670346
756 0.8001744354129443
757 0.39219633860952596
758 0.49596202276863616
759 0.32781749962683665
765 0.6963003530830283
766 0.7341736496362605
769 0.544558010244968
770 0.7272294462333835
771 0.2685129113128396
774 0.5824161549337623
776 0.3806829373436369
778 0.49938255065327664
781 0.5235396922796999
782 0.6743684993244018
783 0.4504704582969469
785 0.42551856921172215
789 0.5189839674620339
790 0.25737034215037996
795 0.49033954213832165
796 0.568487407155294
797 0.43657260927228836
798 0.5052593150081276
799 0.5920830045763642
800 0.4524490250424561
802 0.46501682070492384
803 0.48210429464744503
809 0.3214874828320708
810 0.374824155808159
811 0.6778915271061514
812 0.6194661507799759
815 0.4171166660156032
819 0.5346667108390984
820 0.6928148677681074
821 0.451610574667685
829 0.4126986136266668
831 0.5771849891764299
832 0.4244487865389159
833 0.4548377267298831
834 0.47112037210539826
835 0.3786477856819737
836 0.31022924725532575
837 0.5511755519644932
839 0.7881979235612274
841 0.6430269299110769
843 0.3641314472080778
845 0.48851460645087597
846 0.5550681455215923
847 0.34032314302261835
848 0.48758452077389663
849 0.7008612506294071
856 0.3141699386119615
858 0.5211468512374102
859 0.6255490552949522
861 0.6581756870338195
862 0.6311247457954304
864 0.22964558249488914
865 0.4614437841784741
866 0.4197921205119952
868 0.5207023591939584
870 0.45107914334929844
871 0.600609072352096
872 0.3898347673520093
873 0.5002461520920335
874 0.5476035081594953
875 0.6653361686338092
876 0.6122370562467235
877 0.468129960059669
879 0.8653042950654359
881 0.4491515271776145
883 0.5407991657782312
884 0.5669603431453352
886 0.38893935368734284
889 0.5983666914898528
890 0.5564727246786014
891 0.7356859603873378
892 0.5463300376514703
894 0.49052958973859556
895 0.30708335701140554
897 0.48008528551821356
898 0.23121151044396845
900 0.5806505676289959
901 0.33490280525161553
905 0.535600251017016
907 0.5950852308921656
908 0.6546969789918196
911 0.6367621662493689
913 0.5627732254613521
914 0.44624331968977143
915 0.42028737881908307
916 0.5243120926010443
918 0.253042793457335
919 0.6299352458246349
921 0.5723576674372837
922 0.44708174552574365
924 0.43954087665638125
925 0.5933126851800101
927 0.36170686906382926
928 0.7135085849327973
929 0.5413699617102258
930 0.4860139116216434
931 0.3425593592879224
933 0.4811383707471353
936 0.37282145035881326
938 0.5339240374169066
939 0.7194934780305463
941 0.7240283342681513
942 0.7337071047309466
943 0.5109404808237133
946 0.36110604002304364
947 0.5634919288008035
950 0.5245627082013274
951 0.7246977301343563
952 0.4527221463892966
953 0.3120717928085028
955 0.3396128894086159
959 0.41728515626186147
960 0.8465376503719882
963 0.7030691291077309
966 0.7314190289623657
968 0.47178884958868994
970 0.4885815633077423
971 0.7009942944452615
972 0.40142295811117384
974 0.5741622057249658
975 0.3572136167355854
977 0.5431655128622119
980 0.4629390512306575
981 0.8231865766467211
983 0.7104148456310346
985 0.4941479889469761
989 0.6421466206754217
990 0.45458412697050915
991 0.49649552700375993
992 0.3380820117703063
993 0.16450713276228285
996 0.6314478523623442
997 0.5005529227952977
999 0.39596042626585326
1002 0.3905364268429309
1003 0.6452598386166787
1005 0.6051307344823881
1006 0.6461456632427031
1008 0.4745870390219528
1010 0.4503180366921609
1011 0.7663306150076049
1012 0.6750420245472765
1014 0.5074234121983391
1016 0.6506930036475798
1017 0.5626788544422218
1018 0.3981109227484548
1020 0.4634060176178174
1023 0.38168259693379625
1024 0.4074623913146456
1028 0.5448197747329143
1030 0.4742114885155969
1031 0.5419344316393042
1032 0.33858574767409033
1034 0.593763197982457
1035 0.38345277351338547
1037 0.4041033260872307
1038 0.5007040483596079
1040 0.5609420017555382
1042 0.5681195718168482
1043 0.4331379700046207
1045 0.7137670730102936
1046 0.5669366688099425
1047 0.596212944143521
1048 0.5725766885338006
1052 0.40329936959175805
1053 0.4764288254711883
1055 0.32425898047974916
1056 0.6270267977563566
1057 0.4748431547485969
1059 0.5884001468130761
1061 0.33433547524136487
1062 0.6865615548073527
1063 0.7339344111499728
1064 0.5197352283367164
1066 0.4706085574152564
1069 0.4998383567976232
1070 0.37848233375041845
1071 0.44118075569172666
1072 0.5283721903163511
1075 0.5382420327868201
1077 0.5367713457836805
1078 0.5474878647324142
1079 0.39275638198092205
1081 0.609779002284279
1082 0.3498684304136266
1084 0.5828329097748227
1085 0.4640111663886951
1086 0.3657242391369102
1087 0.39442137097169067
1089 0.6515849570046339
1091 0.42861254386342396
1094 0.678724940786105
1095 0.5379299592717783
1096 0.44184335215532117
1100 0.7715205980588132
1101 0.7444008563320955
1102 0.44946733118065485
1103 0.5443414815177683
1104 0.6188933217689453
1105 0.49006579229417985
1106 0.6197480713474618
1107 0.5731025813414988
1108 0.5102602722390779
1109 0.31273716889366865
1111 0.7920057903828801
1112 0.388195590850668
1114 0.6262358047579353
1116 0.525392873184382
1117 0.6639482593972976
1120 0.4643932060826148
1121 0.3376780714874847
1122 0.49099041477951416
1123 0.4979373852145701
1124 0.19576681243069433
1126 0.6036850803500938
1127 0.570275154691372
1128 0.41254357976148576
1129 0.5274552634556763
1131 0.3678948401167378
1133 0.5946265638163323
1134 0.4989262795318751
1135 0.7211569184472094
1139 0.18284954507013398
1141 0.4573597301788046
1142 0.6143328298754681
1143 0.3609555171355835
1146 0.5201361470961736
1147 0.525194181863437
1150 0.34398548310044685
1151 0.5390504841472408
1152 0.49159429423506873
1155 0.4901729002930663
1156 0.5795593757958198
1157 0.2064418361188341
1158 0.40441977262132905
1160 0.5117670293183542
1161 0.8049639916170659
1163 0.46007991328832903
1164 0.45009543364984944
1165 0.8084921578461048
1167 0.29832147276150234
1168 0.5839057278637689
1169 0.7985736946960679
1170 0.49831813103326433
1172 0.5600074416263654
1173 0.7553679694018771
1176 0.2702757861282561
1177 0.5286558388688477
1178 0.4186770569357202
1180 0.47262645798733344
1181 0.5650402450503553
1183 0.5608142872885853
1184 0.537405405286762
1188 0.4420834048137974
1189 0.631579747302598
1192 0.5927979533569702
1193 0.6588174968711983
1194 0.5595261200841863
1195 0.5925115107471836
1198 0.5672185896010425
1199 0.597494571625048
1200 0.4771553322936691
1201 0.4203113681664722
1202 0.3893106507129262
1205 0.573260344166447
1208 0.5937008066027665
1212 0.592605781443987
1213 0.49731122435585273
1214 0.6128577398709538
1215 0.6572861778894563
1217 0.5032456219268537
1218 0.49410300362595705
1220 0.5403212466894766
1221 0.8245603834017288
1222 0.5454076926822606
1225 0.5424963716536457
1227 0.5324522460813321
1228 0.30051159664186083
1229 0.5497479270198414
1232 0.4518807109441204
1233 0.4847380969364591
1234 0.47782421933145836
1236 0.36388229158134905
1237 0.6202442560931412
1240 0.40159311702232675
1244 0.3840084209055625
1246 0.36974207969277834
1247 0.7836590863264112
1249 0.41594288526397916
1253 0.6224461687825136
1255 0.45290666556928655
1257 0.6804853084419922
1261 0.37487534750852997
1262 0.6426345531356609
1264 0.25366586280582637
1265 0.7523716011619255
1268 0.15202209991910748
1269 0.49521012491382
1273 0.656493202514382
1274 0.5891845651646017
1275 0.6256207525517892
1277 0.5882370350419989
1279 0.5073618346268952
1281 0.5587882494059268
1283 0.46566977191984305
1284 0.325704974292576
1286 0.5462248535249645
1288 0.4599854446244877
1289 0.4615719462852274
1291 0.32246843220026017
1292 0.5952817789233638
1296 0.43338959247116926
1297 0.28287837331669197
1299 0.49988061827948777
1300 0.43241766011694244
1302 0.5171214914543388
1303 0.5386709120553876
1304 0.2725901001439434
1305 0.7228353922583104
1306 0.3657377699452715
1309 0.5375406140306741
1310 0.33799648643115643
1314 0.5737298509553626
1317 0.6937057493504494
1318 0.46156649347818424
1319 0.5530593769991985
1320 0.5489041487436392
1323 0.5371570161445683
1324 0.33451733070925466
1326 0.33314149444063007
1327 0.5811529376797949
1328 0.6963414655501114
1329 0.6034385801423434
1332 0.5907599621042364
1333 0.17151058066379077
1335 0.6324083638601441
1337 0.34287593586113746
1338 0.5068696517329703
1339 0.3986922130683591
1340 0.46498704464151513
1341 0.8193058129076484
1342 0.4109447797732413
1343 0.3377996947631799
1344 0.2508190520721933
1345 0.6233639817330001
1349 0.06828361355376072
1351 0.8537912674594862
1352 0.6552232963274149
1354 0.3670848906149748
1356 0.6250249485338693
1357 0.6833128517794165
1359 0.4746095767958674
1360 0.38910019638796284
1361 0.7572167252675134
1362 0.610846699705043
1363 0.5644342931824824
1364 0.6604387908505603
1366 0.6365272480556469
1370 0.6361996290459678
1373 0.5181589404943713
1374 0.6195236027783301
1376 0.44819925866340604
1378 0.39207821381960917
1379 0.39158060622814933
1380 0.5438265627582748
1381 0.571589558608982
1383 0.6823858072374133
1385 0.45703544957560827
1387 0.6025492490707506
1391 0.40539497332570157
1392 0.7602766582134484
1393 0.15351709322336257
1394 0.4409993488507709
1395 0.4633501285524204
1397 0.6959744925741298
1398 0.7092952197346185
1399 0.5359807700904731
1400 0.2850735294759022
1401 0.47701356630293595
1407 0.5440464401831037
1408 0.7140424781596247
1409 0.4297779988287912
1410 0.4813358869192738
1411 0.337992115602111
1414 0.41614429711804946
1415 0.6552314177519822
1416 0.2393678284189899
1418 0.6845937104182781
1420 0.5227603513751388
1421 0.5637674740442115
1425 0.2537034383416858
1426 0.44486609798908183
1427 0.43188439416963686
1430 0.6109029712438807
1433 0.38344695956421243
1434 0.40133454221734965
1437 0.6805100812383511
1438 0.4011633686766807
1442 0.47649282684608674
1446 0.3999888938515984
1447 0.48655084272874655
1450 0.8091905773787216
1452 0.5046280688962971
1453 0.5481116546044869
1454 0.4429120134148136
1455 0.7785939486538742
1456 0.7269543781675993
1457 0.3215129755321477
1458 0.47808110601076337
1459 0.6330175940687639
1460 0.5315834058750311
1462 0.2876180628586492
1463 0.7193003274897579
1464 0.6376833831895136
1465 0.7985969530775506
1466 0.7205810750392394
1469 0.35887130302364406
1470 0.2324344668206479
1472 0.5260068652584976
1473 0.6817620293378172
1474 0.43293294480249417
1477 0.42302971977456516
1479 0.553899564778611
1480 0.6402432106703827
1481 0.5718611511229023
1483 0.6559145878692552
1490 0.4097911490314585
1491 0.3909766919089698
1492 0.5777780426099699
1493 0.4869870608342858
1495 0.4135322893197794
1496 0.5188124766060817
1498 0.627349237818864
1500 0.6322900534407644
1502 0.49018994624783707
1503 0.6106788204144389
1504 0.4781277081279415
1506 0.5066046741396164
1508 0.5945431152950875
1510 0.5493558983582723
1511 0.3651562071459693
1512 0.43660847440062084
1513 0.46782432667883095
1515 0.5974984934148951
1518 0.5319217080065343
1520 0.557742710693436
1526 0.5247029069819809
1528 0.44653619373571474
1529 0.7821916746039563
1530 0.4133896396373159
1531 0.7391968144710478
1532 0.5429790492065532
1533 0.49441986083552086
1535 0.6914015197749257
1536 0.5677228024511626
1537 0.2981955141408201
1538 0.3864870296128736
1540 0.45277867819760675
1541 0.38526890008946624
1543 0.5761773707128766
1544 0.6276551455215625
1545 0.4331951445553668
1546 0.6063842790403597
1547 0.6310290469197491
1548 0.4813649903633251
1549 0.5201175472475404
1551 0.6993934517974976
1553 0.44753067087121773
1556 0.5823257806182967
1557 0.525720561775872
1562 0.3806779780454335
1563 0.5577901433177563
1564 0.6967202745107004
1566 0.6275956890196537
1567 0.7266964892085908
1568 0.48883614079816956
1570 0.3472978179426169
1575 0.5412981461944828
1576 0.5034181674601389
1577 0.5779387501460608
1579 0.6175402953916893
1580 0.5829421009273306
1581 0.35144055932412205
1582 0.38337022634443885
1589 0.5032232304617233
1590 0.5580484293654482
1591 0.5674698067569033
1592 0.3833847895599539
1593 0.48729175822887094
1598 0.4947749017601939
1599 0.5009246032730058
1601 0.6271256705673287
1603 0.5532043536457876
1604 0.6095169364272272
1605 0.33216824190694505
1606 0.6109349006938687
1611 0.5897870268267535
1612 0.8120946651430071
1613 0.33277603402595574
1614 0.7784122167844457
1616 0.5467402846233214
1619 0.5211350420882932
1620 0.5015300672533735
1621 0.4153824750348076
1624 0.7047600293148706
1625 0.6796462230247142
1626 0.6279408421282028
1627 0.39209015920374
1631 0.4410767193285106
1635 0.5324338271543079
1636 0.467691445154936
1637 0.29845734370274934
1638 0.5376442706410275
1643 0.5528696296357478
1645 0.4986139515640239
1646 0.6101802560235885
1647 0.42905141301467786
1648 0.49913672242510354
1650 0.4687063219021003
1651 0.596695876971618
1652 0.5745683882398573
1653 0.6480635303951465
1654 0.49385868156829044
1656 0.664941942538375
1657 0.36316732902142534
1658 0.44008187985440694
1659 0.5772693814443632
1661 0.4415326706029298
1662 0.3382432527272315
1664 0.43037352920281036
1665 0.43744188007540247
1668 0.4070107239105797
1669 0.7058684272630705
1670 0.46471824868880096
1672 0.5519333793821075
1673 0.5713146232008585
1674 0.49939487662757726
1675 0.48210701547130425
1676 0.7462464648358034
1677 0.4425485477501949
1678 0.3607233062767424
1679 0.08538214119519144
1681 0.1297100540605964
1682 0.3192538112454572
1683 0.4430029165460827
1684 0.556845447362673
1685 0.6241533846454554
1686 0.2693563208520113
1687 0.5575210956261759
1688 0.2908381012460474
1689 0.5015746757260674
1690 0.7215685936388878
1692 0.48240075959345674
1693 0.555099049785684
1694 0.37810168604563665
1697 0.4735480910690105
1698 0.4229902598661425
1700 0.5485727831519664
1702 0.5471296576371778
1703 0.6723001784697764
1708 0.6168989463796448
1709 0.26920497974850943
1710 0.7810933634079791
1712 0.30329622279633905
1713 0.504195342017946
1714 0.1377446848773407
1716 0.7079319288147761
1717 0.35795903177472843
1719 0.263659545489651
1722 0.4941444801822159
1723 0.45799773914691805
1724 0.3499959416605128
1725 0.6276537169340074
1727 0.4187180747325824
1728 0.6692593670137362
1729 0.5815864983437589
1733 0.3961060949928552
1734 0.12551929657181893
1735 0.6118833048906839
1736 0.4547659889831637
1737 0.4212022986240284
1745 0.3166795694264094
1746 0.6369950895378829
1747 0.3646413853665546
1749 0.30694080629921333
1750 0.39427284119100914
1751 0.8266613066045144
1753 0.45373124474837184
1754 0.505835009263836
1755 0.4536967465398662
1757 0.5259335230252178
1759 0.3120323128796038
1760 0.6749254935166576
1761 0.45892627825078236
1762 0.2986805056014037
1764 0.23313920762190468
1766 0.5076612877443751
1768 0.41762013868462794
1769 0.7660470928590145
1771 0.46674145404225603
1775 0.5698554283968462
1777 0.2883282122839657
1778 0.7377883363279513
1780 0.07365626112188332
1781 0.6095756462262084
1782 0.48954347783495666
1783 0.5992185659850696
1784 0.46131292853824646
1785 0.7945331582458535
1786 0.46063445751406684
1787 0.472557855889594
1788 0.3218449144103165
1790 0.4930043652167892
1792 0.46731235370261115
1794 0.7255215292882038
1796 0.3767904501097216
1798 0.6319615759449904
1799 0.7814581661383057
1800 0.5132760961916921
1801 0.41402685506710685
1803 0.37687121724662365
1804 0.5031863987469133
1805 0.5559574276193073
1808 0.506314785027312
1810 0.5853530746179695
1813 0.45255915095040977
1815 0.6374886149994099
1816 0.3105920797536142
1817 0.5204026535979973
1818 0.3564702474318627
1819 0.4723252310176652
1820 0.5626105653125719
1821 0.4098211845223302
1822 0.523092747242493
1824 0.6649544949226239
1827 0.4463830211771026
1828 0.4364611090124878
1831 0.5414906674283726
1832 0.30535809365439914
1836 0.5715201721911459
1837 0.43719203528601863
1839 0.657821664754401
1842 0.4140219610490817
1844 0.24946568345201703
1845 0.4658762129155513
1846 0.3658093423030313
1848 0.4176466747639623
1849 0.4076287077968959
1850 0.8389697640926564
1852 0.3600998506699614
1853 0.39272569641610766
1854 0.3312214693992911
1856 0.2790809532484356
1857 0.3621646470058886
1858 0.5050280741909653
1862 0.33907434031142325
1863 0.4699514489006128
1864 0.653198594410039
1865 0.3513264940330124
1866 0.5526286777059242
1867 0.4596861618228683
1868 0.45211677968186775
1869 0.5434058189111209
1872 0.27247403912392326
1873 0.2890967023398948
1874 0.4460002344058901
1875 0.6575550796516315
1876 0.42733210069094396
1877 0.3530349880605907
1879 0.7646059959342885
1880 0.7408524971209139
1881 0.8082595038526076
1884 0.5638859771185496
1886 0.5101795604709477
1887 0.517832724900064
1890 0.3595779603887352
1892 0.48339120557885396
1893 0.20738214573662198
1895 0.3908855642798162
1896 0.608353116888815
1899 0.411870038339156
1901 0.44475933557108177
1904 0.40396936669220707
1905 0.4057703048571972
1906 0.8447214659390481
1909 0.38945911056100607
1910 0.5413146809247978
1911 0.27019841453762017
1912 0.35150096104553974
1914 0.6058765685549561
1915 0.2405846294696611
1916 0.5956501863242931
1917 0.5702699822706958
1918 0.4860764184000098
1919 0.7056055046224249
1920 0.5190521393961642
1921 0.6500978179185938
1925 0.5855318596234793
1927 0.4733244843935964
1929 0.513564630098046
1930 0.5543126181827264
1931 0.5370229163705593
1932 0.3317090393621964
1933 0.7060723034468862
1935 0.35377510400147355
1936 0.4962786464796616
1937 0.5793854493502183
1939 0.5268598067515813
1943 0.6802604088160412
1944 0.43029520096371854
1945 0.319768982856863
1948 0.628152234193857
1950 0.3896810756694637
1951 0.6423339950515401
1952 0.5687193023962636
1953 0.4660491358994716
1954 0.8897223788182755
1955 0.3693991309292399
1956 0.44154765469895
1959 0.7205995235370936
1961 0.46957564662202966
1964 0.5549349642997935
1968 0.8668586143796743
1969 0.2872561969173606
1970 0.5354511301312174
1971 0.5455244443015332
1974 0.5683137558106144
1976 0.39872090386311343
1977 0.3676372481880787
1978 0.6489753889018207
1979 0.6483890164605219
1980 0.39776389001476675
1983 0.36979506721332117
1985 0.3202241431519206
1986 0.34544675590281076
1988 0.5206223506718479
1991 0.6626759946066619
1992 0.5408166015644682
1993 0.3163210792627081
1994 0.26489598016608956
1995 0.42719477585574445
1996 0.24137561930805712
1997 0.38508433866193614
1998 0.6389364695676536
1999 0.4045309473821991
2000 0.5227069026263338
2003 0.4348971250101942
2006 0.3865394337074491
2008 0.6496378556875454
2009 0.5278723421851378
2012 0.6377253185717169
2014 0.5372565923180351
2015 0.42180605533171484
2016 0.6012427403054754
2017 0.4376731683522299
2018 0.4634276807320996
2019 0.4003542664031731
2021 0.601070860490393
2024 0.5082343650218555
2025 0.6927891999721574
2026 0.46657453884582595
2028 0.3724591818984771
2029 0.5664383159964269
2031 0.2467012354348681
2032 0.5905809408465363
2033 0.3773890726427733
2034 0.2929912985670312
2035 0.7357319302304395
2036 0.30845123500756444
2037 0.6276155161130332
2038 0.5585527036942771
2042 0.38738447479207394
2043 0.5101579024997002
2045 0.5902383699875401
2046 0.37235114669741903
2049 0.37612996223996853
2052 0.7596353413069957
2055 0.4673286544774947
2056 0.26103309121942575
2057 0.6328371492856176
2058 0.4707509906570017
2059 0.39103788563036923
2061 0.5257232347574747
2062 0.45336257263756424
2065 0.46255050779554674
2067 0.2953740604767369
2068 0.4749136544575572
2069 0.6750031233070126
2070 0.6463300040838128
2072 0.40403350001401256
2074 0.580003575333507
2076 0.43414951539147184
2078 0.7835701223916949
2079 0.5499817085569012
2080 0.45069459666841044
2081 0.32872580874695967
2082 0.7371771242841934
2083 0.6213822879549715
2085 0.4915068076867331
2086 0.5848936942765494
2088 0.5888211447249145
2089 0.53048239134973
2090 0.6962434905105582
2091 0.5142703761058351
2093 0.6777591041707436
2094 0.6145567207855278
2095 0.5344353244984935
2099 0.4814250052893074
2101 0.499913545077267
2104 0.6026145576425227
2105 0.5558232961942268
2106 0.45282444826947116
2107 0.6298783913762371
2108 0.5869111689852
2109 0.6398035629115344
2111 0.516322626024038
2112 0.6597449245915153
2114 0.408929739073462
2115 0.5555368438274697
2116 0.6895374543315352
2118 0.40496555928383965
2120 0.39839583416644303
2121 0.7657396524599308
2122 0.5745321124370931
2123 0.667738005311155
2124 0.5080237335134461
2125 0.28323303354830515
2128 0.6467838133768412
2129 0.6328831482695806
2131 0.7223923342369919
2132 0.559242711869316
2134 0.6565703299636785
2135 0.49793831865037314
2136 0.37529562084026613
2138 0.7610453651563598
2139 0.4035143936102023
2140 0.42913587184863106
2141 0.515422104792363
2146 0.4017824687538611
2147 0.6294743092412759
2148 0.3809407884375371
2149 0.6469232062411756
2152 0.4694080491350252
2153 0.4074870007878663
2154 0.3817586143963978
2159 0.40468766695379277
2164 0.5587456623881574
2165 0.41270221306612365
2166 0.6442937855627712
2167 0.581918304034173
2169 0.7867279604904662
2171 0.22843232465751498
2173 0.778670441504833
2174 0.6155719960562749
2175 0.399336304769556
2176 0.5459961698900879
2180 0.8245921196197838
2181 0.5831613416727623
2184 0.3149290220858726
2187 0.3627991092519837
2188 0.3631401623333413
2190 0.3900013153576122
2192 0.8921566788193971
2193 0.5645261085772584
2194 0.4897666801246313
2195 0.2826220960465241
2201 0.3049616004923297
2206 0.6757334868591592
2208 0.5699228080724901
2209 0.6204891219762924
2210 0.746632644126227
2213 0.36882371150976256
2219 0.43508911448920035
2220 0.5140220398684351
2221 0.3600803575201216
2224 0.7574594124915627
2225 0.7812843033743057
2229 0.44820602548250954
2230 0.43298787797201516
2232 0.25884523428435635
2234 0.5068507238798055
2236 0.21206688404694107
2237 0.5446967251168687
2238 0.49608139544984986
2240 0.5682371566705429
2243 0.7557233202871678
2244 0.3654874143137582
2245 0.529360437070109
2246 0.3618594224976452
2247 0.5859021622736676
2248 0.627333804757395
2250 0.7872892436626965
2251 0.602343192331563
2254 0.27679453076550015
2256 0.32321836047588737
2261 0.34280849854721185
2262 0.412414767346759
2264 0.7236067574318292
2265 0.5015936962864012
2267 0.3388904896947489
2269 0.5156268388497075
2270 0.39139658680345635
2271 0.3346764044585901
2275 0.48630742380384656
2276 0.3781849986602294
2277 0.24816846250818783
2279 0.6301142691447925
2280 0.7707835058241492
2281 0.43079520344127664
2282 0.4287957089872502
2283 0.37786319560365805
2284 0.3563610768130169
2285 0.5135623727780548
2286 0.33360865080890784
2287 0.45580187368270975
2288 0.5795497301743998
2289 0.5018599817962673
2290 0.5206554046560553
2292 0.5102675869196244
2294 0.4439517621088353
2295 0.5799903966698424
2296 0.6779794170582913
2298 0.4959126639883631
2299 0.44527526262514194
2300 0.6056051911770427
2301 0.5800676368788764
2304 0.2660242228168382
2305 0.45987297045679876
2306 0.2251248931764758
2307 0.22394174238230272
2308 0.26614226471851854
2310 0.5715504636365037
2311 0.4414537825881211
2312 0.5525319936821513
2315 0.5759658722968204
2316 0.4334233553443308
2318 0.5004128394802104
2321 0.1540402045762412
2322 0.5133319891645433
2329 0.4912562752701552
2331 0.7783780633801458
2332 0.3931830330082127
2334 0.4422642638763464
2336 0.367457273857566
2337 0.6227866354148835
2338 0.5121133362811243
2339 0.3562438099717277
2342 0.42414525568602607
2343 0.4024400946857876
2348 0.6629519332435979
2349 0.5966591526102882
2350 0.7380124981442884
2351 0.26918787466020344
2353 0.4685757432449865
2355 0.5066396765988644
2356 0.2194579780131944
2359 0.5996368262924904
2362 0.6839285317018327
2363 0.5896145074602256
2364 0.7627185184334877
2366 0.4911492793742468
2367 0.2813145490533129
2368 0.2583835717675182
2369 0.4010598725412725
2370 0.6266455985526751
2372 0.4716978478119226
2373 0.5166590634273547
2374 0.62099993806156
2377 0.49146458587011965
2378 0.39277037692060784
2379 0.644863343733637
2380 0.4364340632387606
2381 0.5400169989550009
2382 0.5603673420737908
2383 0.6164552366097684
2385 0.6542207981027325
2386 0.5135987970893089
2388 0.7297615380017157
2389 0.5133099822018646
2390 0.4435593627656653
2392 0.25509530752068327
2393 0.3448896941057049
2396 0.39429911124151207
2397 0.44168797936350074
2400 0.20137933164180005
2402 0.6684072855884822
2405 0.4675848418529895
2406 0.6879718409841135
2407 0.5400285402066953
2408 0.40811599407058574
2409 0.7082558289077743
2410 0.6281712180469716
2412 0.825132177223767
2416 0.47026496097635073
2417 0.48452811213618857
2418 0.532171134838208
2419 0.4798009589687382
2420 0.6111790277526522
2421 0.4481197618752893
2422 0.4884973076474181
2423 0.5648654036655273
2424 0.4980879434473351
2427 0.7344150326460666
2428 0.5344684622664829
2429 0.5838806718630909
2432 0.3200812094958602
2434 0.5874172252083342
2435 0.4869210040813668
2436 0.3516157574263999
2437 0.5796953611957381
2438 0.5777156122589693
2439 0.5225689409783543
2443 0.44477172530358783
2445 0.7068796120096293
2447 0.534441061084986
2448 0.6244105223059276
2451 0.6080794278014674
2453 0.7582990846930142
2454 0.5561398846622305
2455 0.584593237554535
2456 0.6399612827841858
2458 0.40371755325394215
2459 0.7245230746256156
2460 0.2916251073549026
2463 0.5997287090654132
2464 0.5107403171082394
2468 0.37062787020105775
2469 0.4375728258601562
2471 0.46041212209673804
2472 0.5394629633062754
2473 0.45845854135759745
2474 0.5483293971362959
2478 0.5751876373489989
2479 0.4571702958548455
2480 0.32510752280561267
2481 0.38350122542639187
2482 0.5374870698428282
2483 0.5482953981981665
2484 0.6463395712290898
2485 0.2610099769146454
2486 0.1863592755997117
2488 0.45216232570028597
2492 0.6064261058785686
2493 0.5865695184740601
2494 0.22263124114924684
2496 0.3014592043099432
2498 0.4528631887347857
2499 0.7215626431151305
2501 0.6288446876751769
2504 0.5068293741828691
2505 0.7174937046424964
2506 0.40775317151314355
2507 0.5015450244617683
2509 0.5311825579852226
2510 0.5777523901440822
2514 0.6974825407107176
2515 0.3376021958633083
2516 0.20607431998105175
2519 0.4626080964759273
2520 0.4182042088478208
2522 0.6518964770749688
2523 0.5083856230343358
2525 0.45898909602422727
2526 0.5841671526522978
2527 0.5561431697385242
2528 0.656838600009191
2529 0.5671230240747299
2531 0.3621050499206809
2532 0.4573550018820759
2535 0.6761132342582656
2536 0.6010066201246193
2539 0.5086207358861384
2542 0.5372920370510229
2543 0.496140517170915
2544 0.3632722607379014
2545 0.3882845129393463
2546 0.39208620171722774
2549 0.554020358321955
2550 0.4817415735689293
2551 0.4639010150302934
2552 0.5740771572913264
2554 0.5242651033267562
2556 0.484980281040365
2558 0.6767762545051881
2561 0.47020864849321015
2564 0.36931465935617197
2565 0.25735566771710067
2566 0.39623877921558426
2567 0.5459398076509363
2569 0.6974399500598002
2570 0.6902592256862446
2571 0.5229399818648841
2572 0.7405478273292679
2576 0.33984537081945676
2577 0.8177477194547454
2580 0.42489927923839577
2581 0.5775100099487064
2583 0.22382867533308418
2584 0.5776673258106041
2587 0.4923362741421347
2589 0.675464724803798
2590 0.4872777923547552
2591 0.42248540464941214
2594 0.6385074990115687
2595 0.5479754894044478
2596 0.23744802677409801
2598 0.5786190936414978
2600 0.3247038170490232
2603 0.3015573711733877
2604 0.447648165012153
2605 0.3496921709640699
2606 0.5478052220793045
2607 0.5583690177712433
2608 0.6591265522672328
2611 0.6332740403462047
2613 0.7540243022171195
2615 0.5752157608291524
2617 0.47939378284554623
2619 0.3970028758658442
2621 0.5022456136432315
2622 0.49719424559126524
2623 0.27475586095629445
2625 0.5772990334612274
2627 0.5948687601471273
2629 0.47387171468299144
2632 0.5814542151921563
2633 0.5928580686309016
2634 0.43917815768296675
2635 0.5772074613870244
2637 0.5592749252910791
2639 0.624018328747753
2644 0.35130631277995444
2645 0.7270724522712262
2646 0.524827598099547
2647 0.5404624042213592
2648 0.664169813512966
2649 0.3722273945332225
2651 0.6037704268166971
2652 0.5091555055670949
2655 0.4949829130897582
2656 0.5075738828236745
2657 0.650515557187997
2659 0.4580695779580409
2660 0.6384676602402973
2662 0.11280123620635184
2663 0.33990414216486087
2665 0.6255146844583315
2666 0.464112448008194
2667 0.37593452387219933
2669 0.33567220597244496
2672 0.4730419892650942
2675 0.4866141120503487
2676 0.5051758276836907
2677 0.7799135413578294
2678 0.2992843280918043
2679 0.3645575037008691
2680 0.7802253017904914
2682 0.6464924316159684
2683 0.523131869765964
2684 0.6520282465048038
2685 0.6140277313885533
2688 0.7188801842316092
2689 0.5992285427773462
2690 0.54763553351194
2691 0.37777461481379593
2692 0.7213644848665157
2694 0.7632030469913559
2695 0.25848683287706653
2696 0.5742760773029287
2697 0.46786239060842333
2698 0.4887915910506662
2702 0.5784522492367488
2705 0.40983338041741463
2707 0.22517975336758345
2708 0.19159016691682754
2710 0.3702347922452359
2712 0.4313506844847837
2713 0.6267054732336953
2714 0.46756326582408203
2715 0.6720566873940185
2716 0.7454393484304446
2717 0.6181320573041228
2718 0.28614959821963903
2721 0.5950308017922531
2723 0.5126813081680572
2724 0.5320385948990508
2725 0.4081319145791328
2726 0.46023255528724827
2728 0.5282336041644361
2730 0.5146437287741145
2731 0.39047852383331316
2732 0.163744251170755
2733 0.42945870882907694
2736 0.609719580934524
2737 0.607131641714217
2738 0.3467354769366753
2740 0.4425784168748254
2742 0.473259867903822
2744 0.4625736876239631
2745 0.46167984517797545
2747 0.6916578279694899
2749 0.4582872596127834
2752 0.27652753687373804
2755 0.4377573532003542
2756 0.4479452028578597
2757 0.5008965182853873
2759 0.6509480739602379
2761 0.5106468449071894
2762 0.4714177110251589
2764 0.5777845169225905
2765 0.35276737991692764
2767 0.296515756269265
2769 0.40008709928281083
2771 0.6505686940007908
2772 0.5854544639108555
2773 0.17367123147123087
2775 0.3629587987753388
2776 0.6147030789301952
2777 0.5032878758377499
2778 0.3536915957394352
2779 0.6491591423545716
2782 0.645329013207124
2783 0.47101938811062605
2785 0.42554702902582703
2786 0.5857279753801847
2787 0.4253850786690811
2788 0.48269542159026324
2789 0.6611910998504401
2791 0.5566104198554522
2792 0.7781773549466753
2793 0.5658307872470555
2796 0.31789507915881476
2797 0.5234946637095406
2798 0.5720022631380788
2799 0.5561392902879032
2801 0.38342921614414155
2802 0.45347636242252154
2804 0.49184487587473025
2805 0.6086841693907695
2806 0.5059881003304426
2807 0.48082969398972436
2810 0.452633410498368
2812 0.6747626498771456
2813 0.6683582860168361
2816 0.4651239188898536
2817 0.5569695530604946
2818 0.5070976275300396
2820 0.4627786169650982
2821 0.6495165265453156
2824 0.4509111246107799
2825 0.657291329415721
2826 0.7651840451386425
2827 0.43274018267839703
2828 0.565847250931686
2829 0.6002420427188317
2830 0.5781675149081137
2831 0.6269747575312266
2834 0.3730323386681517
2836 0.37755163381919715
2838 0.36799357439563407
2839 0.6087622640616521
2841 0.6721087540811295
2843 0.54217842370053
2844 0.37576455980371753
2845 0.5374228746928928
2848 0.379867181201467
2849 0.5678906310542139
2852 0.44498300578785854
2855 0.5128022246704571
2857 0.31304713973009474
2859 0.6054237862247435
2861 0.5505171908923232
2863 0.7700288326363547
2865 0.62671376992745
2866 0.5846915849525992
2867 0.6412619506758386
2871 0.37110630576275333
2873 0.51121533438614
2875 0.6440153024863197
2876 0.6394779595254947
2877 0.37272462270499435
2878 0.5229183831662365
2879 0.41407154476752467
2880 0.5223534577571857
2881 0.5312638496746308
2883 0.5116476581503598
2885 0.4712844473293753
2893 0.5737157271951715
2896 0.5016106060734513
2897 0.3669250049308467
2898 0.6220384602067806
2900 0.557284366164782
2902 0.3092765759811279
2903 0.5243083097731678
2904 0.5109901809130875
2909 0.32755795802564697
2910 0.419326154084523
2911 0.5597577069488487
2912 0.5239117911478581
2915 0.4770814155017687
2916 0.3562665596350136
2918 0.3325912141968639
2922 0.39193375010286813
2923 0.48635349768855196
2924 0.37110233647051516
2925 0.5558766130457459
2927 0.8673676612263778
2928 0.33745413000333113
2929 0.4844863921176211
2930 0.32760263177567256
2931 0.4211579896745117
2934 0.5361661492947981
2937 0.1277684666523727
2938 0.6438942807414937
2941 0.552592818470492
2942 0.7339097520714567
2943 0.5650583696885056
2945 0.6939282589731776
2948 0.40402998522091904
2952 0.42921403112957685
2953 0.4006981801142962
2954 0.5089125922572312
2955 0.5406919952298519
2956 0.3809533952954282
2958 0.41725728881372953
2961 0.5368709697395445
2962 0.5332063643474467
2963 0.37905241598079403
2964 0.3198270415689736
2966 0.38552786539816375
2969 0.44968011999739804
2970 0.31898106632540485
2971 0.6092215243254652
2972 0.6285759468893818
2973 0.5266659711627627
2981 0.38127922983688034
2983 0.3486723329796455
2984 0.9023443475291887
2985 0.52293566437498
2987 0.6523305418017931
2989 0.6386272807185
2991 0.3724927633436084
2992 0.5412539666067958
2993 0.49463553135007104
2994 0.4439853551907351
2995 0.4088406298237401
2997 0.36374805622840956
2998 0.3654919695850415
2999 0.6823503954731522
3001 0.5529801302492745
3002 0.3751103807843416
3003 0.5326563819797624
3006 0.5480865778804507
3010 0.41480176410360403
3015 0.5529135329843535
3016 0.6663442241130948
3019 0.5073174043282825
3020 0.6620014094640599
3021 0.4813505839710252
3023 0.46703693004598545
3025 0.4777668289641202
3026 0.44480863596040154
3028 0.5209981672564994
3030 0.33168785938775563
3031 0.32499439713325406
3034 0.41350224365621324
3035 0.5937832627270146
3036 0.5519796112142253
3037 0.5950304402328959
3039 0.7932132765355671
3043 0.22314580677822246
3044 0.5403713952075275
3047 0.28550578745276944
3048 0.5227483215787215
3049 0.46301437669486956
3050 0.5916188954696703
3051 0.19260681816799116
3052 0.3352804955975278
3053 0.3626096264391267
3054 0.5217908187461834
3055 0.5382591995116677
3056 0.3674788301821288
3057 0.3336008897186195
3060 0.3612389528977848
3063 0.4945222215521084
3064 0.5019412046137226
3066 0.6531253061457499
3067 0.37757068719454817
3069 0.5423833538796082
3071 0.37880069663100424
3072 0.6513434831850815
3074 0.23342645176270221
3075 0.4560324726245026
3079 0.4684987008867515
3080 0.3447661890605638
3081 0.24613878506282247
3083 0.37222051731081185
3084 0.6149800619080211
3085 0.5315372086319858
3086 0.4992255743803117
3087 0.7729249312619387
3088 0.37535423446864186
3091 0.6166827894899518
3092 0.6628672106972896
3094 0.44634462681760895
3095 0.7219050860971477
3096 0.34609208636790717
3097 0.5725313924638862
3099 0.45382062443089793
3100 0.262971452928701
3101 0.42938459956708813
3102 0.4434009490668456
3105 0.589484776200556
3106 0.3409537491388183
3109 0.4871327393915131
3110 0.26709530773671064
3111 0.4096773566121671
3113 0.15619620430407943
3114 0.42647790648098616
3115 0.740996340469322
3116 0.5736165747668859
3117 0.5665096622579476
3118 0.5205185832995467
3119 0.4112010736755758
3120 0.4351557926600565
3121 0.5463863988241267
3122 0.5354274097512567
3128 0.1651296963828192
3130 0.6105836149669842
3131 0.3730471005965794
3132 0.39571017885961207
3134 0.5413512874838082
3136 0.327352532865412
3137 0.6571561412990582
3138 0.5509328642180557
3139 0.5648881931842044
3140 0.3591137739918622
3142 0.4768928558146058
3143 0.5852959061791688
3145 0.29160168307764656
3146 0.3184483273010888
3147 0.43193917578966995
3151 0.45135441921490493
3158 0.5151990701169239
3159 0.1334816269395278
3160 0.516825610629834
3163 0.2567731057249185
3167 0.4868400106104622
3168 0.14049699763375603
3169 0.7036252750019762
3171 0.594747269210219
3173 0.28582944714681136
3175 0.6284497311968372
3176 0.4942723964264681
3179 0.46616166661070363
3180 0.5559309689239127
3182 0.4309884651553297
3183 0.6751876730109309
3187 0.32664569857594467
3188 0.23644874908944913
3190 0.599449125716132
3192 0.4078721818931805
3193 0.4295657527094788
3194 0.4821857670620639
3195 0.6519657394612164
3196 0.514472106194564
3198 0.5879038420210876
3199 0.5784612541720505
3201 0.55282421275007
3203 0.44293875845977915
3204 0.46694777253029307
3207 0.5761601971893304
3209 0.49225971626283566
3210 0.26244058757620164
3211 0.5898767707236219
3214 0.345486179157902
3216 0.49464583849262067
3217 0.5190082015577699
3219 0.545857871898196
3222 0.5242536258408962
3223 0.4698916087880192
3224 0.46396004997078055
3225 0.7434089385522021
3227 0.4100729421104579
3228 0.5933715201766265
3229 0.5708836350342579
3230 0.4953347544351962
3231 0.34541113324520134
3233 0.385856652429384
3234 0.29885061364122834
3235 0.5855760019274585
3236 0.8430753203519594
3237 0.4415185950486336
3239 0.2671465081534169
3242 0.5857075001860932
3243 0.3007672648809413
3245 0.8983322306915921
3249 0.6920378083756012
3250 0.3414129272138398
3252 0.49061901240366257
3253 0.4796902182538108
3254 0.5266698556330714
3257 0.49415172836560545
3258 0.34459523800400016
3259 0.4983679151625903
3261 0.6630629189180336
3262 0.5517659818332972
3264 0.7010636742858394
3265 0.5388491257821929
3266 0.6272928601031169
3268 0.5051561805970566
3270 0.5300877993939334
3271 0.6198990549219975
3272 0.6194415348027366
3274 0.5190047501904799
3275 0.6155096092750985
3276 0.4358473349596202
3277 0.5936174061840167
3278 0.26588022226042207
3280 0.5387662509287494
3281 0.22979057960291258
3286 0.7211167728519822
3289 0.3946436281739567
3290 0.641587303709136
3292 0.5778435828960828
3293 0.407157424501973
3294 0.6023079326295363
3295 0.8434685363677372
3297 0.626576048729266
3298 0.622915377750441
3299 0.5577249680178711
3300 0.7088425194145939
3301 0.29923623419605583
3302 0.6009147428361535
3304 0.5822937645486342
3306 0.41643834039912414
3307 0.715878150371361
3309 0.6879448504254833
3310 0.547165671500442
3311 0.5085160499566904
3312 0.5704116696024629
3313 0.49932355562498754
3315 0.5598377422393485
3316 0.6476377726617218
3317 0.4840103516062264
3319 0.4769997348610178
3320 0.5466413825056282
3322 0.2725746348809759
3324 0.5227932891311622
3326 0.6875050438736696
3327 0.693546577910374
3329 0.527448902501073
3333 0.48801776720620366
3334 0.36444924953100377
3335 0.4077829927128334
3338 0.5346464997562731
3339 0.4997016405932582
3340 0.611614696204769
3342 0.6514316956250072
3343 0.7090322135097632
3345 0.7597279830819815
3346 0.3408425907672741
3347 0.6303844182849551
3348 0.3195026025195304
3349 0.3204152085919953
3353 0.37547210120463576
3354 0.4179307299340434
3355 0.4325588195772684
3357 0.5986749221252609
3358 0.601823005844058
3359 0.4032002680369516
3360 0.5366905989668398
3361 0.5110363954218547
3362 0.6896836275163332
3363 0.6846642477316757
3365 0.5757228190743657
3366 0.4068172793533166
3367 0.4843669989248359
3368 0.7120820184302282
3370 0.42559264239121736
3371 0.3727898732787143
3372 0.5507801202479589
3374 0.5223490788162787
3377 0.572741127130753
3380 0.5438172735028167
3382 0.49348658031489995
3383 0.6175705875343748
3386 0.38605264549582835
3387 0.5179865108927068
3388 0.5201487053261523
3392 0.3887945494773864
3393 0.7728196429067513
3396 0.3033355180188179
3397 0.6164816580120389
3398 0.37181301242202647
3399 0.8288399985392937
3403 0.3909358908363665
3405 0.5370190910457688
3407 0.37003107764033344
3410 0.39653480323251633
3411 0.6397762069579597
3412 0.3108017102378505
3413 0.5819904327362386
3415 0.6829465280887663
3416 0.4980168890828757
3418 0.6252506369548136
3422 0.4096308419613565
3423 0.4340998369672522
3424 0.6113914797402118
3425 0.2679145968345657
3428 0.32703254988254543
3429 0.4901492227866911
3430 0.6132184045989415
3431 0.5535453870742066
3434 0.6385483177790963
3436 0.5039145950227648
3438 0.7410009684280436
3439 0.4332733862727699
3440 0.6336506057759865
3441 0.46044494392462054
3442 0.47331673806353025
3443 0.39555925633636857
3444 0.29395640632526826
3445 0.6536634672926325
3446 0.4489274447667951
3448 0.49502291679503335
3449 0.6102329320489401
3450 0.7183635376691208
3451 0.3057968686741128
3454 0.7116747301870411
3456 0.3127139998483421
3458 0.3385238388765107
3459 0.5382062567333382
3460 0.5606293542131293
3461 0.4825542560315397
3462 0.3129408727264439
3463 0.6364299053354887
3465 0.7237295428506036
3468 0.5891426749543573
3470 0.6854994662404155
3472 0.5872580777705585
3475 0.4931353929348254
3476 0.39207173103858745
3477 0.6219114720830924
3478 0.19968851102741444
3479 0.6438272266890148
3482 0.6046981413762877
3483 0.4737245629080935
3484 0.366707901021202
3485 0.08821450311048733
3487 0.7855511603849972
3488 0.4170658094135352
3489 0.3810947218587462
3490 0.6332092312279156
3491 0.5636038686608125
3492 0.4475102627650364
3495 0.6229180013828625
3496 0.3030827638264604
3497 0.39138881329930053
3499 0.7469093133708928
3500 0.5215483355162325
3501 0.5595962322659516
3503 0.62530508005405
3504 0.6382781373679677
3505 0.5681431858919103
3507 0.09350759162496308
3508 0.544518371695518
3509 0.44202641966970524
3510 0.5316363598864503
3513 0.446317987839342
3514 0.5543571188757866
3515 0.29989398953101326
3516 0.36396303870527524
3518 0.3351079033238677
3519 0.43402129883847723
3521 0.42414560969112863
3522 0.13019646220145775
3525 0.8391614375716328
3526 0.591186168108555
3527 0.42558571224461267
3528 0.5088256778818434
3532 0.5976761322588864
3533 0.5194214203154432
3535 0.2115363626713706
3536 0.5963129126018131
3537 0.26287033684745825
3538 0.6297887972178452
3540 0.5177831139336191
3541 0.3456661024064364
3542 0.3390759165282116
3544 0.601845904866004
3545 0.40378371677986563
3546 0.5373502104458354
3548 0.5795259662944418
3549 0.3522871978322454
3551 0.6016412260323794
3552 0.47026044328472316
3554 0.4791895088471165
3555 0.5263508583522202
3562 0.2637573941119425
3564 0.4775374554727528
3565 0.17112546057488168
3567 0.5173588789461789
3569 0.2839441057323814
3570 0.5628273851074174
3572 0.4365724701904088
3573 0.31151075387429117
3574 0.3521182066853167
3575 0.4319605170001966
3576 0.4055677007406586
3577 0.43861574133245873
3578 0.5412477180579183
3579 0.5675892763525155
3580 0.54925378851686
3581 0.6122726208087153
3582 0.3724139085194673
3583 0.5004128193674796
3584 0.4608207790734888
3585 0.6311190838097211
3586 0.5704665432839702
3587 0.5768812310364816
3589 0.5279713133043945
3591 0.31094790777083986
3592 0.1868016226042257
3594 0.5985979662607259
3595 0.3466352811693522
3597 0.7079988319357083
3598 0.5139115301886287
3600 0.524360988320939
3602 0.5504502177036055
3603 0.4439652545497493
3604 0.5170769852068517
3606 0.6399204467669012
3607 0.35416795392095535
3608 0.4817176150931302
3611 0.4824946759087612
3612 0.2921334119185949
3613 0.44578961186753596
3616 0.45592866328640924
3617 0.5989810413235449
3618 0.5366686732376779
3619 0.6002334313205386
3620 0.541475939908862
3621 0.41639096271079673
3625 0.4647567269315346
3626 0.5140360522143146
3628 0.3682993268492254
3631 0.42298478436245207
3634 0.32291601862612845
3635 0.5729299418790482
3637 0.7445208255247017
3640 0.34148523954968213
3641 0.5131087856826674
3643 0.3379406762118119
3644 0.7080580153904031
3645 0.3598112930651899
3647 0.34695651736411626
3649 0.4460914881688022
3650 0.49579731074853267
3651 0.782768500316407
3652 0.3990540912154499
3653 0.5909908713836283
3654 0.5883239578883573
3656 0.539930697137517
3657 0.375622589029287
3658 0.5662799454955026
3660 0.42406440087469177
3661 0.8717105690506324
3663 0.3576224707610756
3664 0.5377178650015009
3665 0.525718544148902
3666 0.5853634482184601
3667 0.4270626460113121
3670 0.486691526086885
3672 0.35295474520378567
3673 0.3791097078972183
3674 0.3895928740134247
3675 0.5660904784788019
3677 0.8219916440515574
3678 0.4559004389725464
3680 0.5264564389083153
3681 0.6634456082773841
3682 0.5911830171071819
3684 0.7465749930252437
3686 0.3392790021961738
3687 0.48385324805855223
3688 0.7010533059319203
3689 0.40861065560374227
3690 0.41305615469282103
3691 0.6473757320783123
3693 0.5373519967717288
3695 0.4081739699926801
3696 0.5318362966917711
3701 0.5793540509281652
3702 0.5963460589302458
3706 0.367956860676313
3707 0.537080311781361
3709 0.48164086783538906
3714 0.4675296668698752
3717 0.5252599022132824
3718 0.4822129681652801
3719 0.5482030391835392
3720 0.3137232970693027
3722 0.5267371862161463
3724 0.5326697891596422
3726 0.563803766752478
3727 0.36806728569531455
3728 0.5903988064444626
3733 0.44284611444532196
3735 0.4407430813873062
3736 0.48566748613454597
3737 0.6554367808505216
3738 0.7193356166284012
3739 0.4875273342680701
3740 0.5728874946829766
3743 0.347109830913616
3744 0.5307870766736028
3745 0.27871932154699725
3749 0.6773193768314509
3750 0.3596949962252345
3751 0.3053627648201942
3755 0.7152863453954721
3756 0.429538963120479
3758 0.6106940422660782
3759 0.6040129931418723
3760 0.33495583385261707
3762 0.7545170931278524
3765 0.6119399899031308
3766 0.702146494258764
3767 0.594534603775553
3768 0.4244446970716589
3769 0.4363368034441819
3770 0.5104326627534558
3774 0.4895523764959181
3776 0.3763265385940056
3777 0.3319205719586913
3780 0.5047252837154848
3781 0.4263376576450419
3782 0.5328366559285755
3784 0.7570170399313119
3785 0.5896924662130449
3786 0.42682952069270114
3787 0.5695139650830634
3788 0.31013904899003286
3789 0.6748837680230109
3791 0.4490521234080134
3796 0.6623258379222329
3797 0.21324281763550404
3798 0.6726340558372818
3799 0.5528656510633524
3802 0.5075643088993308
3803 0.43778130752333017
3805 0.69252502610329
3806 0.3371632301719858
3811 0.519595671814574
3813 0.4979980351994618
3814 0.6397813973072114
3816 0.7865908130105042
3817 0.5405582192879186
3820 0.3263376803849942
3821 0.6632999131231015
3823 0.6585990208748668
3825 0.5172372712940398
3828 0.8616207021971096
3830 0.5160203470481918
3831 0.4623070402938206
3832 0.4018839750391761
3834 0.35829625361236556
3835 0.6975910936325024
3837 0.7681606888498336
3839 0.4205605865075291
3842 0.16550098069516486
3843 0.24330977337301235
3844 0.34346283684440715
3845 0.4207901488854925
3847 0.6840747283194644
3855 0.5352309157956452
3859 0.2620232050877794
3861 0.4747582035090469
3862 0.23807793140634725
3863 0.20301676461438264
3866 0.771665860567777
3868 0.46824610475533723
3871 0.27432466040929226
3873 0.5519561245652197
3876 0.5282175963027851
3877 0.36387654418767645
3879 0.48450924925439703
3880 0.6499231592660383
3886 0.6074635536756483
3887 0.2732643052508464
3889 0.6455204411995509
3893 0.5413360926603433
3895 0.4162713393911183
3896 0.522859269206288
3897 0.38623924264957243
3900 0.3220684344107035
3901 0.6023861809966039
3902 0.5110936089483813
3903 0.5879034085357512
3904 0.5059166823035585
3906 0.4261703045166053
3908 0.30299622003552645
3909 0.5503779740916706
3911 0.5684965029159966
3913 0.234157409017802
3914 0.6043527684099133
3915 0.4039927985414833
3918 0.4443334778820458
3920 0.7062680065081894
3922 0.43017993155352424
3923 0.6116002907666688
3924 0.5904380005331058
3925 0.49584775955830723
3926 0.5131925298366785
3928 0.5491180367888663
3929 0.7182169856737662
3931 0.281815677159196
3932 0.39241201854265206
3934 0.30177510079121356
3935 0.6038188453118446
3939 0.2437490871763279
3941 0.5674026140604004
3942 0.4307770980691426
3943 0.5514070740389598
3945 0.42871654518061036
3949 0.6372529850606724
3950 0.5789205463243106
3953 0.449732273088029
3954 0.4636327866293449
3955 0.40028278435728776
3956 0.5421977830751379
3957 0.3745953451605382
3958 0.2689003673605028
3961 0.5090377598947516
3963 0.4790452330557501
3966 0.7443474462651067
3967 0.613310032128021
3968 0.44504271885515484
3969 0.4535169005325077
3970 0.7326913851368763
3972 0.6561624587147132
3973 0.3888664570648503
3975 0.3223222348562446
3976 0.3477826610260317
3978 0.5331149010349451
3980 0.6543116557058054
3981 0.769722048696021
3982 0.4123086440543773
3983 0.5547111551071773
3985 0.4565303101334026
3986 0.52953427898734
3987 0.7187664087384198
3988 0.5455648945092313
3993 0.5390055367296661
3994 0.8844225158616588
3995 0.7117797918187585
3998 0.424996352224282
4000 0.6385738317995591
4001 0.7102703706796503
4002 0.0
4004 0.4432532496482995
4005 0.45607335823172035
4007 0.3180564555797369
4008 0.33624678707869965
4010 0.7380683651841251
4012 0.3660885869496701
4014 0.4634492894624953
4017 0.5916312736681574
4018 0.4542377381553257
4020 0.4294835059374746
4021 0.19167512426395236
4022 0.353726278649205
4023 0.391946091233385
4026 0.36770194759855007
4030 0.7111117379752151
4033 0.6388385636319458
4035 0.8534331503944219
4036 0.678909422801793
4037 0.5831269422684534
4038 0.5515790373362812
4041 0.6009882965420414
4042 0.41234371905162037
4043 0.3294965120067986
4044 0.4668071468737311
4045 0.5717767962529186
4046 0.6815320313223943
4047 0.6510873984509123
4048 0.422467953427236
4049 0.47047188882043134
4050 0.4690998667794883
4052 0.4812128952376099
4054 0.6346904124527197
4059 0.4533808956564213
4060 0.5358219344451824
4063 0.45832252733937145
4066 0.7190144603981682
4067 0.6657329385775058
4069 0.33992522915375545
4070 0.6829194458364487
4073 0.34761179619405913
4075 0.36438904763868024
4077 0.4364559155938182
4080 0.8315356801711159
4081 0.5578271911524932
4082 0.5587893040221945
4085 0.46179850952189694
4086 0.7267624455007275
4087 0.4313736415845317
4088 0.33674590836869794
4089 0.5116920471001026
4092 0.48073815247242696
4093 0.25602718910763944
4094 0.3040033592543228
4098 0.7806196653163043
4099 0.33701250278325684
4100 0.630226675787659
4101 0.4176167644073984
4102 0.6270480075115668
4105 0.23187163629291208
4108 0.3872415632509462
4110 0.6662377262000838
4112 0.4419412464746875
4116 0.46260945126208014
4119 0.6575934404641355
4120 0.36716973959547733
4122 0.6299201598985353
4123 0.8013797119736906
4124 0.5444268533487205
4127 0.4870709085777783
4128 0.42363199173935834
4130 0.62645991940217
4131 0.6688034185189968
4134 0.43949467793121844
4135 0.5610711098578887
4137 0.5641343387654125
4139 0.6998302136445046
4140 0.3559487753331893
4141 0.41069462539139123
4143 0.4450292828479791
4146 0.6315974615587688
4147 0.30641838175258773
4149 0.4273697593365819
4152 0.6719846907597279
4153 0.5968771988661786
4154 0.613457454349319
4155 0.31983070049855233
4156 0.39711772993036404
4157 0.2004262153901807
4159 0.5543095930124091
4160 0.44614186726111327
4161 0.6999840253173869
4163 0.29150375304097187
4165 0.6593748177826863
4166 0.3352210472263052
4167 0.325312097497379
4168 0.3754234306134658
4169 0.5212294700065264
4171 0.613115848573641
4172 0.4125864211989553
4173 0.7263032737494314
4174 0.5485487322741198
4175 0.49748466254516943
4178 0.6748719403718701
4179 0.5623569552942421
4180 0.527107406506226
4181 0.44902555449362314
4182 0.26321711151512694
4183 0.5067553703181141
4184 0.5201806858158488
4187 0.5478523817109038
4188 0.4350381357299485
4189 0.6302439910716242
4194 0.34789131717080063
4196 0.23232974665667744
4199 0.6107467216468878
4200 0.5329013508302041
4201 0.553513481116426
4205 0.5931457405301357
4206 0.22088055473493176
4207 0.3799203945320536
4208 0.22933174392997221
4209 0.5296492379780305
4210 0.5515015509852104
4211 0.4869225171738401
4212 0.2912461575866438
4215 0.8288163879422216
4216 0.4469892550802093
4217 0.608486054826165
4219 0.4505002318582743
4220 0.6554546080348521
4221 0.2690003619531597
4224 0.7783389843681742
4225 0.5557714250154637
4226 0.48242733045066016
4227 0.5389756591251906
4229 0.7721550203631998
4230 0.4800666273783266
4232 0.33954972308220693
4235 0.20602223167618255
4236 0.6951768783416435
4237 0.5780727306356502
4239 0.4697441604258078
4242 0.5057202286813337
4245 0.48836799417617716
4246 0.3481765211041266
4248 0.47705569455090774
4249 0.29100304380785075
4250 0.7861494784412538
4251 0.5397577367560089
4254 0.8729596314394198
4256 0.5365627850213628
4257 0.7606543037393795
4258 0.5862603243442321
4259 0.49782162840521565
4260 0.3724064930183594
4267 0.8450328060047734
4269 0.5338737586185193
4270 0.5101417409817304
4273 0.30015583799203527
4275 0.5289955638319555
4277 0.4987289833896801
4278 0.4522595168164878
4279 0.2910631078854958
4280 0.8036373262190601
4281 0.3738113643207429
4283 0.372301215440886
4286 0.5464653938940124
4287 0.4845860820261294
4288 0.5599273929970039
4289 0.41625541893387413
4291 0.5889912809679149
4292 0.3335248972058278
4294 0.4034929139593511
4295 0.3946149654079639
4296 1.0
4298 0.45398844607561045
4300 0.3514761345322797
4301 0.36093444656820495
4305 0.5206704135326437
4306 0.7751723192125315
4307 0.2772488702636801
4308 0.36775294064256137
4309 0.2928909771383697
4310 0.5712701093319902
4311 0.7220591972448153
4312 0.3538960015812945
4315 0.32592622547816663
4316 0.537458899296054
4319 0.407435692757505
4322 0.40643916444043393
4323 0.829347181202612
4325 0.6397040124740845
4326 0.44881373535778196
4327 0.9412256929661329
4329 0.2164690476593693
4330 0.5516869353840338
4331 0.572613877303352
4335 0.46728963202657126
4336 0.4732112108154088
4339 0.24240228843762843
4340 0.6915642334052572
4341 0.6702272102301357
4342 0.7007720123564534
4343 0.8032307693096596
4344 0.49908830815605887
4345 0.2697533295425659
4346 0.5533071098587652
4347 0.8021453344324267
4348 0.6090199466539071
4351 0.6742489544899345
4355 0.4147764816742492
4356 0.42364936409632914
4357 0.6477504090912486
4361 0.6580918623122558
4362 0.5931757549365065
4363 0.595094659604571
4366 0.15445519801975516
4367 0.46766236222077623
4368 0.3776133621835528
4369 0.468422106195028
4370 0.5345441685433614
4371 0.4450200933880368
4373 0.7032282750761246
4374 0.45009147242618563
4376 0.6344744966816367
4377 0.486162743506493
4378 0.6051427037614447
4379 0.535773002558411
4380 0.4972778070100659
4382 0.2525545457399243
4383 0.37105324561554937
4384 0.43559376789468934
4386 0.38778052137865543
4387 0.6483496846773156
4388 0.5368883353605753
4389 0.556408627291601
4390 0.5820775007570301
4391 0.6844961887932249
4392 0.5198161499295355
4394 0.5465622333429031
4399 0.6486048130580654
4401 0.5462884975210879
4402 0.46083386343062194
4406 0.5994432267149621
4407 0.4175944767010645
4410 0.8043455502042591
4411 0.4525280579820618
4416 0.4818996661716323
4418 0.5774890564454246
4419 0.3637918566653938
4420 0.39128334621127037
4421 0.6384632194884505
4422 0.45076750282713857
4424 0.3077413054320238
4426 0.7418802249212548
4427 0.5179157243847909
4429 0.3080718088159604
4430 0.30953815755649894
4431 0.31817955062394715
4433 0.2956590337988471
4434 0.41516764471545237
4436 0.5148650623462699
4438 0.3537006235113084
4440 0.4357145288271454
4441 0.5588537655115481
4443 0.4798595093916175
4445 0.3832773893163606
4446 0.4430157381974149
4449 0.43902373210397433
4455 0.4317315082988324
4456 0.5546295319139846
4458 0.6636262929433524
4460 0.6105528023055793
4461 0.3710356520618814
4462 0.32724648230500464
4463 0.4060599984365107
4465 0.6644064286858589
4467 0.39772530473819007
4470 0.5388447146041275
4471 0.6588148236886685
4473 0.4497281778020847
4476 0.47165300865245124
4477 0.6396150876487029
4480 0.3701838590372864
4481 0.7543478840873934
4483 0.6705192429606972
4484 0.6342262257761014
4485 0.4798464522900868
4487 0.34155019359439587
4488 0.5072100344439159
4489 0.7084236538884017
4492 0.5705069671296161
4493 0.6169524535493622
4494 0.3618430527930332
4495 0.6069052624714888
4498 0.3791967323790128
4501 0.5644900832447418
4502 0.343662396864139
4508 0.6683799980261066
4509 0.4497334802475487
4511 0.7402055037339533
4512 0.4287870107769449
4513 0.5385679456070535
4514 0.4680121434773688
4516 0.448955288497955
4519 0.6464586660675726
4520 0.17709033925832446
4521 0.47813067303144635
4525 0.8616834085475676
4526 0.4570306854628484
4527 0.32105982778579295
4528 0.6074149547930997
4532 0.4961670331526881
4533 0.6002459171178087
4534 0.43237580791475505
4536 0.4575701199184449
4537 0.7486819914648963
4542 0.5567500129243755
4544 0.4831867602535534
4548 0.3384147597843861
4549 0.42700907698570245
4552 0.40441062694634083
4553 0.5518881866962638
4554 0.3478771543153488
4556 0.23436484390202522
4558 0.4822083300981475
4559 0.2943129480621744
4561 0.43184300102441686
4564 0.4846001589817504
4565 0.39998123094538446
4567 0.5393967699379825
4569 0.5430322216154548
4571 0.5047131254787502
4573 0.4194869624594638
4574 0.5425012795441774
4576 0.5991840215966334
4577 0.35845531057758656
4578 0.5143902359539159
4579 0.38546509554243963
4581 0.6524373846902726
4583 0.7881859076106749
4584 0.436672835082918
4587 0.51831359905678
4589 0.34994824900070354
4590 0.4043514520049041
4592 0.3228445418831812
4595 0.6163467074877731
4596 0.6083940103326403
4597 0.48603415142514395
4600 0.39256948188630375
4601 0.5529163928165219
4602 0.31699770472861066
4603 0.5831316535719994
4604 0.4138498259013557
4605 0.5199505286452045
4606 0.3869246690711089
4607 0.6580747216623695
4609 0.619187242718246
4610 0.7003455861648188
4614 0.6895124265551811
4615 0.43660908212138516
4617 0.6222408976654614
4620 0.5848696098642312
4621 0.569943646066348
4623 0.6007043926000063
4624 0.6287422881554422
4625 0.7736055474002909
4626 0.61815987915992
4629 0.6157245752467049
4630 0.5025892598580718
4632 0.4579165845003541
4638 0.7898760207871378
4639 0.10603567888181892
4642 0.5466590478579405
4643 0.4591810759986107
4644 0.2625698510589426
4645 0.6198186321620708
4646 0.6780690650782676
4647 0.48401493668740314
4648 0.5025737952340088
4650 0.49689905476949514
4652 0.5193499678554636
4653 0.4513646876765107
4654 0.16747813143385962
4655 0.45511301287678074
4656 0.574869596378323
4657 0.29020514430879163
4658 0.5043808248589773
4659 0.665319992591012
4660 0.537407759179684
4661 0.4787627539615178
4664 0.5597017464674938
4665 0.3408434947346508
4668 0.5459338388735685
4671 0.3219884652117838
4673 0.48679114142046903
4674 0.5539712033108146
4675 0.7289601650025892
4678 0.3812218295432838
4681 0.4160688306154855
4682 0.447549649116499
4685 0.5020481890235368
4686 0.5477974188512843
4687 0.39309850790078593
4688 0.5260370950877384
4689 0.49729719462921246
4690 0.5155910276898085
4692 0.6810815156205551
4693 0.41149325033544526
4695 0.32742409974415665
4698 0.36688709148277665
4703 0.34260088601818733
4704 0.27101270014595435
4706 0.5754716729248006
4707 0.35549544428905566
4708 0.5928195032565773
4710 0.6052507578241691
4712 0.7143190477030558
4713 0.4295527269125016
4714 0.4803441802287318
4718 0.5563290622306599
4720 0.41705281276187356
4721 0.4338543367304564
4722 0.2806729625034223
4725 0.6717926460251653
4727 0.46258120285772625
4728 0.49061865231220275
4731 0.5973970343561833
4733 0.5852387589144528
4734 0.12396562929699634
4735 0.6132072245741801
4736 0.47426417619006417
4737 0.49920488939566504
4738 0.6328044238064374
4740 0.23400776032347512
4745 0.5456247093213904
4746 0.39335352804302437
4747 0.5321935525678241
4748 0.5153687044899923
4749 0.4700043984630941
4750 0.7352414212243747
4751 0.7575815864982961
4752 0.6678729654608813
4753 0.5663423779211185
4755 0.5519388080443082
4756 0.6586412370933774
4758 0.2966124248206883
4759 0.7643202763793605
4760 0.5377743034137217
4761 0.6352244773879224
4763 0.4356473163827584
4764 0.36145933598833374
4765 0.5144488642243079
4768 0.5155776499616918
4770 0.6423597227005577
4772 0.4190211918034975
4775 0.4385453561279911
4778 0.45005718348044127
4779 0.5191422379937426
4780 0.3721256632011705
4781 0.5376419627150968
4782 0.8132783281326226
4784 0.6347114366551002
4786 0.3516593939886848
4787 0.5863724353396446
4789 0.31162933261633113
4790 0.4466320348045061
4792 0.599238845247458
4795 0.22339240656203796
4796 0.43894029529154743
4797 0.5660982803191151
4798 0.6660526092436453
4799 0.459153023244774
4800 0.5309902119832418
4802 0.8153988967200158
4804 0.4444297752496599
4805 0.5746050986661417
4806 0.6386478747256691
4807 0.586534374587263
4808 0.2514755105605714
4809 0.5643798165142392
4810 0.4643557098962992
4812 0.641569238231184
4813 0.38514040406131816
4818 0.5721986652271375
4820 0.532609983597586
4821 0.5058214518002072
4822 0.6566261070645737
4823 0.42564564502163993
4824 0.41626494128160163
4826 0.4055318612067763
4828 0.2468956482385653
4830 0.47439989464169474
4834 0.6338966050980961
4835 0.476360582098139
4837 0.8187968358480273
4842 0.6124032290051715
4843 0.46351221665866443
4844 0.34818243111360764
4845 0.8149487848986346
4847 0.6659867490569725
4849 0.4551211063825459
4850 0.6796669482940908
4851 0.5371784807536736
4853 0.5866584741923764
4854 0.5737234718555771
4861 0.7075276027895961
4862 0.586466569917718
4864 0.5939867338762334
4865 0.7479867504313348
4868 0.5819323394031025
4869 0.29181364477659144
4871 0.4812654460167801
4872 0.6780810725558014
4873 0.5378918523010822
4874 0.7499452697914284
4875 0.5156174258674965
4878 0.7912857783004797
4879 0.4827552140751407
4882 0.48637128343353464
4883 0.521935267352806
4884 0.796678596003049
4885 0.620368053537527
4886 0.3269839734543715
4887 0.6068608096475299
4888 0.1859547302907534
4891 0.39617974258576016
4892 0.5099548583801876
4893 0.38953462632396957
4894 0.6945986870391313
4896 0.5342122513006072
4897 0.45158842471283245
4899 0.18145381710754105
4900 0.6579537782020386
4902 0.6289697767021033
4904 0.5803911707810648
4905 0.5263781532192785
4906 0.46707507821437394
4907 0.4155327023616628
4908 0.7016877629868364
4909 0.30212849297168337
4912 0.6005593160605583
4913 0.3097944059261608
4916 0.23106725339715736
4917 0.6280538496998506
4918 0.5582642841200331
4920 0.7109214834721062
4921 0.361088938588332
4926 0.5514467034020737
4928 0.4712113250220384
4929 0.30648413823392284
4930 0.5971307314462646
4933 0.30633918837969354
4938 0.5065169978012514
4941 0.5738368218083683
4943 0.07188098112869876
4945 0.22826326598115224
4946 0.6696547940396341
4950 0.3095344150457839
4951 0.6890538920972521
4959 0.7108036991139707
4960 0.48208973249691545
4961 0.4702024843703491
4962 0.30568991366772613
4963 0.4638505803920842
4965 0.4005976312447723
4966 0.5648198365420753
4967 0.5521890688911797
4968 0.4268185994504777
4969 0.5401032695706064
4971 0.6258902013400042
4975 0.511100682491513
4977 0.45481255064210363
4978 0.6024295756216698
4980 0.4648348827831603
4981 0.5729237213540582
4982 0.5893071597694054
4985 0.47861254487234545
4986 0.3710741387185959
4987 0.5724072464316182
4988 0.4499335793523918
4989 0.6151526284377177
4994 0.26680866559102867
4995 0.506018289857505
4997 0.36704794146885344
4998 0.48700319530008573
