1 0.3887821434607202
4 0.3351917121874098
7 0.3049847956741211
24 0.369676625475252
25 0.35061484418162636
27 0.3362174274790269
38 0.3946398767619494
42 0.45106640894384376
44 0.44452828029087
47 0.40406889741949875
50 0.3885085184247275
59 0.4428951021222626
61 0.5564002330210827
64 0.45270851360642034
68 0.5441008400018981
78 0.5844159174135082
85 0.3888838949267379
91 0.5218586490109075
97 0.5955995591567693
98 0.5892235397929038
100 0.5422517552194804
108 0.4790448721696481
114 0.5149524087715496
118 0.4446060546017235
120 0.3247443965532287
121 0.40929194084632886
126 0.4801634956699576
134 0.46842395347719096
140 0.10972217465983118
143 0.27654154255990315
144 0.1973714562871958
153 0.48064557496180993
156 0.40165580725896977
157 0.3720801277030636
164 0.478231756329579
167 0.6894730700906004
176 0.39261406223163303
188 0.426568341205488
191 0.3992626647391381
194 0.455938233377709
198 0.3358985988589784
206 0.488548184483852
209 0.4279060217368026
210 0.49811365554464915
211 0.6540757889866952
212 0.6857824176852665
224 0.6544167622298898
228 0.416391037391104
230 0.30803182374717486
237 0.5089191723030237
239 0.417119583708933
243 0.2229044355561069
251 0.2370442106612878
256 0.461778898240568
257 0.4026051394303598
260 0.44458377093551266
262 0.4035926105323872
269 0.47669991913438986
277 0.5224173837323736
290 0.6448443369112081
292 0.668903475042374
293 0.6838686956231572
308 0.3919657957055171
313 0.1697439613807955
316 0.35429116514813686
317 0.2692535900148188
324 0.4049737208305001
337 0.5994772668178548
340 0.4314086714133239
352 0.5135871071007723
384 0.6828452441071248
386 0.633092529644
392 0.6388217159892482
398 0.4235087980181162
401 0.5122374495816467
402 0.4545652722150686
403 0.4592169741531145
404 0.44511713241761947
407 0.5054224497659213
408 0.388586912002885
411 0.6197102940559379
413 0.4571078898655857
414 0.38728079362216716
425 0.6511140266397507
428 0.5495641110259604
432 0.45804609512547506
433 0.5834281239189572
435 0.3501961195425598
436 0.35768626211358256
439 0.4447640914110206
450 0.5028338421475135
452 0.37914689612613744
457 0.3773925094548175
462 0.46032392517612697
465 0.5109438301316807
471 0.7481623856162799
472 0.7217069029646193
477 0.7405047799552517
484 0.55685755139766
485 0.6197467340157896
494 0.8819594929790574
500 0.372043943770372
502 0.5255976924145689
518 0.4817087561481898
520 0.6559006124131265
525 0.5964950824056928
529 0.76857468086092
530 0.6289815457020657
543 0.5550113620766685
548 0.6460045585179977
552 0.777111859641332
555 0.6813411727154309
559 0.8698399749365927
576 0.6647858905452527
580 0.8612181506271764
581 0.8757272674637979
584 0.7441067187323313
585 0.8178673178139305
590 0.7539051766446031
591 0.8366405092801619
604 0.6399000457801679
609 0.7336509886962032
615 0.5927563804036823
624 0.5617719503099072
625 0.6862084952233304
633 0.7492254579918084
637 0.8173373927714076
638 0.6371335167001247
641 0.6501069579940607
643 0.8112849739218123
654 0.7411340550846467
663 0.5577732482694072
673 0.6896125646257284
683 0.6813894184112996
691 0.7828291826013498
694 0.7490088631038504
696 0.6962245990046033
701 0.603617569435409
707 0.8491701188812795
728 0.8634092960421033
733 0.7249283149462158
736 0.9969877755953768
745 0.7473834229835996
746 0.6885730957477323
747 0.7084172369802805
749 0.5629089188033408
759 0.476399367274742
761 0.43412192660862986
773 0.22077671017571934
774 0.26460829292991045
775 0.36029055665772225
778 0.4381625283784269
781 0.5939084088871217
794 0.2978848192341728
801 0.4055519822867046
804 0.5814811405781517
806 0.6830502311606418
810 0.6923362617443314
816 0.5366638796299091
822 0.6256905711121105
832 0.6078266047779003
834 0.5384843496461019
848 0.43314973896339687
849 0.43416826938586417
853 0.5196070824278407
858 0.6579531999676582
859 0.6502624305546192
875 0.5521837192577528
876 0.620676081485414
879 0.7524415215568759
886 0.5248207988025848
889 0.6081108898020539
902 0.5249714966306894
915 0.5129248935010996
917 0.6364915681948599
921 0.6743584864702701
923 0.5333054997551846
940 0.6730143075749216
943 0.6525765271845937
946 0.6467343689583944
949 0.6364102405582491
960 0.6630282285153805
962 0.8062745794923591
963 0.7383990645342551
975 0.498133069814692
979 0.6106815869991598
992 0.7148485528066157
993 0.8522623267291171
997 0.6090337894574434
1001 0.504578553008956
1002 0.3816024991055966
1014 0.5608044343544261
1015 0.6106099547638633
1016 0.7565003958285745
1025 0.8758134551757915
1028 0.6524842972025422
1043 0.814402277850284
1044 0.5567498527807423
1047 0.62548329879639
1048 0.7151316099536175
1049 0.7257491450641058
1052 0.4338964741492753
1055 0.5296280282398539
1061 0.8090366406139752
1078 0.5906029903109914
1080 0.614500705375231
1081 0.6353854885373831
1087 0.7071131405681587
1094 0.8831177490302602
1096 0.7735223955324633
1097 0.6887447811104075
1100 0.5662021363621887
1101 0.5060446714500614
1103 0.673644175570156
1109 0.5341614019040162
1115 0.6554930651249974
1123 0.6484520569972309
1131 0.5460841624421476
1133 0.48342674172701716
1138 0.687284836353358
1141 0.5514109122742696
1145 0.595176516313553
1147 0.6233976834547433
1150 0.5757148897389277
1154 0.6675107114640622
1157 0.8343998000689273
1158 0.7165972080972771
1160 0.7511870381393883
1164 0.7657096756526951
1165 0.7171223519168172
1167 0.5631687668101673
1173 0.6655307493195717
1174 0.5970921596533832
1185 0.6149648436227416
1186 0.8596406469123576
1195 0.7836475657815183
1196 0.5966429107523321
1198 0.5691295301065026
1202 0.6107053710709988
1205 0.714920529031356
1214 0.5193775789822018
1244 0.5361020932695725
1246 0.4782856094264684
1256 0.4604593022889997
1257 0.4344189755034156
1260 0.41827282338705646
1278 0.40844286258870915
1283 0.38688994511120606
1285 0.49184744730135915
1289 0.5235612267894172
1293 0.3654931194994943
1297 0.41652664355125024
1299 0.3072156451934187
1300 0.37727196807568825
1301 0.5236018842709621
1305 0.4269827814071302
1310 0.26674698988718465
1318 0.4458313562387462
1320 0.3981180880273
1321 0.4417445654496864
1339 0.5596063867204899
1340 0.5849829076148945
1342 0.5555683447958316
1344 0.4828539283975013
1351 0.6013710284061842
1354 0.5320964339773262
1361 0.5374743385989091
1371 0.49274039943265385
1372 0.5634928079633893
1377 0.4842453817193032
1384 0.5338049556807134
1399 0.4694611569827777
1401 0.28726852552679516
1406 0.37584638114950003
1413 0.5488064433182221
1417 0.43020235610710544
1422 0.6134321658003254
1426 0.40186304634810555
1428 0.44593478505848183
1438 0.5054576429535393
1441 0.44844397892140553
1445 0.3582488223644205
1450 0.33891216676807345
1451 0.34489645323923046
1460 0.21976752711782846
1464 0.3306148153433188
1469 0.5107460527748666
1470 0.4423119974035836
1471 0.42427698792768426
1480 0.5508583432775326
1483 0.6712061815268864
1490 0.6151960129619883
1491 0.7168781087394934
1493 0.6616238983238814
1499 0.6856229548224361
1500 0.5836800299181352
1522 0.7050153058483621
1523 0.6686341239474073
1525 0.6291038790800968
1529 0.6028118582885825
1540 0.38141932891295754
1544 0.38357437510095654
1545 0.4980582160436322
1546 0.496179467037696
1553 0.564771466160288
1557 0.517151787481886
1559 0.49310215449165384
1565 0.5234984674208755
1572 0.7800551383562586
1576 0.4442591529324852
1581 0.48511943266569474
1587 0.3832511910787682
1589 0.4469437078511553
1590 0.4820055014246074
1591 0.41622514718957004
1595 0.5475704418111275
1596 0.48225276474263046
1614 0.5313624507961593
1632 0.4541282018188502
1633 0.5414737173071112
1645 0.30899494822429185
1658 0.5201145886026166
1659 0.5454164278738372
1668 0.7216508371738118
1669 0.5142962870735527
1673 0.5201994062809703
1674 0.6639202374812029
1676 0.5695242349807704
1681 0.6506122592505511
1686 0.488413567911503
1693 0.5754891530723498
1707 0.5410637732687346
1709 0.4662767652912959
1711 0.5030611307711302
1718 0.6059441202613939
1722 0.5300022998476949
1729 0.6905709405316458
1732 0.5801441250711635
1734 0.4710529494405742
1738 0.47445255058716257
1741 0.6648891012720071
1743 0.5320917636311884
1750 0.6422254062826902
1753 0.5167946874330772
1760 0.5833001125696771
1770 0.8128583442874183
1780 0.8712894156848916
1798 0.587188159811325
1803 0.5394780305806878
1813 0.5163682921259115
1819 0.6203500254159601
1825 0.7608570415484606
1829 0.7581641831938045
1837 0.6664457033450715
1842 0.3983000353997414
1843 0.45501411109147966
1844 0.573356049515958
1856 0.4661419611855918
1870 0.5903974569028154
1883 0.39291603866083746
1894 0.3560499370418629
1901 0.4704133750469145
1902 0.5775720548989203
1909 0.4447648633229164
1910 0.5233391644172815
1918 0.5893503409917512
1920 0.6466305014304854
1922 0.6378231855772621
1923 0.5090404408803851
1928 0.5561788381066441
1929 0.5805531433890622
1930 0.6240103225514135
1934 0.6391961165517639
1936 0.43702230526603403
1942 0.5290717255735138
1947 0.5607359306076805
1948 0.6383362262587202
1949 0.5238736284137919
1950 0.6185261900418402
1957 0.5662672676461518
1959 0.7085053072524371
1962 0.6501963061126018
1967 0.6303611303337631
1969 0.6261077166538863
1974 0.5473865656412211
1976 0.6648681588709093
1978 0.7175328289135511
1983 0.6904214813586569
1986 0.4587311239559466
1990 0.4542185081492976
1992 0.38702138136070247
1993 0.4380040738121333
2004 0.739342222706057
2007 0.5641098658662882
2021 0.691798743229801
2024 0.30469878950990703
2025 0.4637504587286424
2030 0.712006692127907
2048 0.8323173450232569
2050 0.7957262950863336
2053 0.5987303443756421
2057 0.6533250650420919
2058 0.5832682377241291
2075 0.7657818009238951
2080 0.7289351761035896
2085 0.5916378339701982
2093 0.7217691914014076
2099 0.5787258590234405
2114 0.5109889523404957
2119 0.7713869762074408
2122 0.7693958221055587
2138 0.7540696544864075
2139 0.7011815370732858
2142 0.4977964065126554
2143 0.6899997869959705
2164 0.6799802541697757
2169 0.6705353378628164
2172 0.44427390997832755
2173 0.5137053992179996
2174 0.533222249626418
2179 0.4982429546854581
2181 0.6415423137534602
2185 0.5530705249993156
2187 0.6123348086309447
2188 0.547521574363965
2191 0.5056802337756523
2193 0.5904112898257455
2198 0.3887568994648681
2201 0.5281094656445401
2206 0.4918843166466378
2208 0.366694962438049
2209 0.3116491551390297
2213 0.4360298125747131
2220 0.498433696973003
2224 0.2987052161315311
2225 0.44012711881254674
2230 0.2669293217537069
2241 0.4739668376610353
2246 0.6032654896277654
2250 0.5096386735510456
2252 0.2999115339116115
2262 0.6515220391484056
2263 0.5805432288295236
2268 0.4285295392812534
2274 0.5791611104500318
2283 0.5558821116002282
2285 0.41230736390536277
2286 0.5531606718616796
2287 0.4414144955723068
2293 0.5187023168588011
2296 0.3988518693695314
2298 0.3890096384961755
2313 0.3980897025278071
2314 0.3529875860337103
2315 0.5219934794693181
2316 0.3808570862931422
2325 0.21059211727173996
2329 0.36711992481335426
2334 0.30955877454394115
2341 0.2684393473914956
2342 0.23272986390209294
2344 0.3568698857188738
2353 0.5647699160379844
2354 0.49718476611491874
2355 0.4852525581535226
2357 0.6170705947407228
2365 0.6323143614691304
2366 0.6421580588627
2367 0.5667390978199321
2371 0.5887222958782926
2372 0.5867356998587231
2375 0.5649763407116594
2377 0.5071417654201158
2383 0.45824786189095285
2391 0.6474353289500684
2400 0.5471940826527871
2407 0.5213243772722476
2413 0.39538881340812276
2414 0.5461069803637608
2415 0.6558500943281751
2419 0.7810478275539274
2430 0.548345834044552
2435 0.48781541300569886
2449 0.46260937113589584
2454 0.41556884243078224
2464 0.5146036024832905
2468 0.304691465134474
2469 0.2872106131728562
2470 0.39370738267256056
2478 0.37182966495444897
2481 0.5483195180591116
2486 0.4543302274058754
2489 0.3176116350146133
2490 0.5597432976113274
2501 0.5584532925552081
2506 0.7402120704874935
2510 0.716523793284947
2511 0.6405583636456215
2515 0.6065931708531547
2516 0.5724438087675507
2518 0.43237229464092
2529 0.5839479985223179
2532 0.6272246936737776
2539 0.5265331444357
2541 0.5389606510005147
2549 0.585318870742297
2555 0.4163660487480918
2556 0.4436519278403646
2557 0.3830022845956521
2558 0.40248546742359714
2561 0.5034329378667616
2565 0.5329395999412889
2567 0.6252226965952512
2569 0.6450476751896643
2571 0.6536028570880377
2578 0.4386830261274311
2579 0.49826886863014835
2580 0.43059908546224723
2582 0.6861274013414359
2583 0.515348734359783
2585 0.3942399654378712
2589 0.5248689032198315
2592 0.48715357383844626
2596 0.5050570885284161
2598 0.4308409929916374
2612 0.7006961579111243
2614 0.7089351819386808
2615 0.6800633517787004
2616 0.5292048839608084
2621 0.5086177920789052
2622 0.5871266985741121
2628 0.5091331309811996
2633 0.4820441566563123
2636 0.41717795514069933
2645 0.4302405873874412
2647 0.32233138068444284
2651 0.34927044134560986
2652 0.3473060151093948
2655 0.42714837128271627
2662 0.48592374504017405
2671 0.5428050902341902
2674 0.28363839404266905
2679 0.5330644662481898
2682 0.5148630895392011
2684 0.6428324041034825
2687 0.628777690192566
2692 0.5867743083574563
2697 0.5595401305582505
2699 0.32491427784533206
2702 0.4869863612567205
2703 0.37258982840988447
2711 0.34214585396081515
2715 0.2421090255131289
2719 0.3857764684148519
2723 0.3436184789965517
2729 0.48465386985375664
2735 0.5342114955134273
2746 0.7666954987763875
2758 0.5357851679386753
2764 0.5191713757595157
2769 0.392954457896252
2771 0.5435091740547469
2774 0.37964864108570895
2782 0.3846975099531441
2785 0.354050878637332
2790 0.3251578990889851
2808 0.3010156624693655
2818 0.20647289339985356
2819 0.21206297959420695
2821 0.39802433298434675
2843 0.4320146926492011
2844 0.47836967188027335
2845 0.7539874056522731
2848 0.5016498085995875
2855 0.4992764231503515
2869 0.5172927293120501
2870 0.6117152568538279
2884 0.42360590807407006
2887 0.4371231397923336
2888 0.3842841036183333
2893 0.4768764889169677
2895 0.38898982071385285
2913 0.38460998749095315
2916 0.4243727899265427
2919 0.3755581981679595
2921 0.5765705080832011
2926 0.5447518635314348
2928 0.5023197346048984
2933 0.5486434539668442
2940 0.7565492093511896
2942 0.6809419658338324
2948 0.5802643313365328
2958 0.7173210789380292
2960 0.627803283499733
2963 0.5933516210387314
2971 0.42697028588086083
2984 0.6206819749959994
2986 0.6333455193786808
2991 0.4737871231917438
2995 0.5992099753400869
2997 0.5217800872504464
3008 0.5673062104070599
3009 0.6040912166125927
3011 0.5870876445795291
3012 0.6184379691144152
3022 0.528919914170997
3029 0.5022710685811065
3033 0.6260865194620677
3035 0.6213547164448519
3044 0.5545268225222418
3048 0.586477690449825
3052 0.4675290897549173
3057 0.707591076383842
3061 0.6178925778625547
3062 0.5873287705326014
3071 0.5999665640163826
3079 0.49496288688720136
3087 0.9015422904032683
3088 0.9302950412430738
3095 0.7426017793414473
3097 0.5288301505295795
3101 0.49127440261745364
3102 0.5445041527454751
3105 0.5989100118577516
3110 0.7532766670208872
3112 0.5532170675523319
3121 0.5173931344949066
3125 0.5886491633852183
3137 0.757810801747969
3139 0.5068663930262548
3142 0.4489857397177161
3143 0.5489804439254874
3145 0.6925302854789623
3150 0.5560281770187834
3153 0.5501842338124775
3179 0.6399713844838067
3188 0.5209996538952807
3190 0.6246088976801474
3191 0.6517513216859717
3192 0.5740488844427039
3197 0.6420218960139524
3200 0.7163319570157096
3203 0.6813053797610271
3207 0.7014586146890047
3209 0.4767867247523625
3218 0.3525523541629876
3219 0.4160802688645726
3221 0.6060121239844974
3229 0.6769182285515679
3231 0.6482199989347283
3236 0.6273442396077037
3244 0.33915498061158716
3246 0.39314953483923987
3254 0.4827906981910418
3257 0.3685993791485103
3269 0.4770479168978335
3273 0.28950588585826476
3281 0.43168721190487275
3304 0.6441864649826692
3307 0.7492579629649784
3314 0.6487197613937303
3315 0.6683522190906908
3316 0.7708249133633271
3321 0.7503484212573512
3326 0.5676314093640678
3328 0.6708669944930016
3337 0.5372516609969663
3341 0.6075205598145613
3343 0.5658126355061931
3348 0.7183547135714843
3350 0.8081324593708202
3353 0.6429749059412173
3354 0.6354876886527024
3357 0.7702640788894294
3369 0.5011031236821082
3376 0.5868179550870692
3379 0.7678532433529425
3382 0.6490580899370131
3383 0.709679051891303
3384 0.638543271075203
3387 0.5332625596687088
3390 0.49865348498696216
3394 0.4970352151820993
3399 0.4654467397877842
3411 0.575415868777912
3418 0.2820767489102721
3432 0.6175701613713664
3445 0.4533512602503383
3450 0.32232978764907666
3462 0.382195221297404
3465 0.2999274195204952
3466 0.4421571703577037
3467 0.3765172301030123
3469 0.21803909992894197
3473 0.46894430412221083
3480 0.5360430921490341
3489 0.48230015257054426
3491 0.45214802623194505
3492 0.4551659957900379
3493 0.4816859221638596
3507 0.12530474568334832
3509 0.3889241024932753
3521 0.2954155105330481
3523 0.1517055032750568
3526 0.26100836313570885
3528 0.2565243690648697
3529 0.32733517457800815
3538 0.3362554623861324
3541 0.3445435007774959
3549 0.18042417796377896
3551 0.42193550209320335
3553 0.3598673032449932
3554 0.34514957790582623
3556 0.40849120973640607
3558 0.3454022862961978
3559 0.2918202575904387
3561 0.4642802274856599
3563 0.44287619361046265
3567 0.46278529311909494
3572 0.5541044439953554
3579 0.48290723246973827
3583 0.542469258256578
3585 0.5178995538914715
3588 0.5653866467528613
3589 0.44767305873427266
3595 0.5285791862496293
3606 0.6334705369489737
3614 0.5468276545452642
3617 0.5669808706780061
3628 0.6162080634754192
3640 0.5881303273169762
3646 0.30086879117231685
3648 0.5451059512315808
3657 0.6339625934571196
3663 0.5072221974843314
3667 0.6004314966001193
3668 0.5549996337489379
3676 0.2576899601309781
3680 0.5985058610708056
3688 0.39712005380028775
3694 0.39589774035893877
3702 0.5244920596403783
3705 0.47120969297050036
3708 0.5935848167842681
3714 0.4917734738905774
3727 0.2900881268447699
3729 0.25811428458190183
3730 0.3183494861611423
3732 0.47123244485413307
3741 0.3073746053034057
3753 0.3726605922116994
3765 0.46778285297267086
3767 0.28933841036428337
3769 0.2692988828942759
3770 0.3112962711358819
3774 0.15747260136035907
3783 0.30567769910213427
3788 0.22874046826247105
3789 0.3884743174877837
3790 0.36820785506978093
3796 0.3855753317345654
3797 0.41344004613687446
3803 0.3796705844395593
3809 0.32263075916757805
3814 0.2083160589703781
3823 0.21622160807841528
3825 0.1625617120030364
3827 0.41172369368282496
3832 0.41634614977955353
3842 0.365291775073
3846 0.34802767316173805
3853 0.4796981757559228
3855 0.335092736401199
3856 0.3904224316607659
3857 0.49631066435503346
3870 0.5648284629313415
3871 0.6874501888607244
3877 0.3599461700938792
3879 0.2505169435461525
3882 0.5528739421720125
3886 0.42945594878192794
3902 0.5427152205473467
3904 0.5488140626853424
3910 0.32952580159793576
3912 0.30437542760205205
3920 0.3486253303157687
3931 0.38045515624993215
3934 0.5189896994037136
3937 0.44296607833257673
3950 0.5709671720150634
3955 0.7314446160104839
3956 0.6566757276787131
3957 0.7787736484308558
3959 0.6365170609893634
3966 0.6258248829042412
3968 0.534773993629167
3969 0.49534985179097046
3984 0.49863982820302005
3985 0.43478056646439045
3992 0.7125124217567282
3999 0.7225553361018995
4013 0.7696362461147928
4014 0.8261847596225704
4016 0.8201020249775403
4017 0.9132277696353458
4018 0.9040313183150477
4029 0.530556626833842
4033 0.725697287230363
4041 0.5051368337101676
4042 0.5267731075465611
4045 0.5666320587459109
4047 0.5527861457082849
4050 0.45460590624695546
4053 0.6921759780772222
4064 0.6477668986222199
4067 0.5474689352501212
4081 0.7475128989281707
4087 0.6664356606565064
4093 0.572633248677841
4100 0.7175740271285118
4103 0.7080098894344554
4108 0.5957048339959491
4123 0.8046113595742111
4124 0.9406642412409941
4126 0.926731075059921
4132 0.9812136697732802
4134 0.8820601107093385
4139 0.7407580762001233
4149 0.5291712662390253
4156 0.5346275348020078
4164 0.4765865963988213
4172 0.43801381196890044
4178 0.4662432283268293
4185 0.3568658696633237
4186 0.3398271912335303
4194 0.4765412867615265
4198 0.4735808796442038
4205 0.5029848196864939
4207 0.5043520046883218
4215 0.4600640350514974
4216 0.411386817567042
4231 0.4186622043455728
4232 0.5559215165209784
4233 0.44214999863182536
4234 0.5317161042045346
4238 0.5208756416013289
4242 0.6679594550765658
4245 0.5811443254768098
4250 0.6092049770977971
4254 0.6800704374944295
4255 0.6435567195763887
4257 0.560910772687256
4260 0.5446476516452367
4261 0.650275517556423
4277 0.6240933318483525
4281 0.6003726559697095
4295 0.42196784281514355
4296 0.3900376386945651
4300 0.49537162602072077
4301 0.5011381681063479
4303 0.45415866136629607
4306 0.4086669021865879
4311 0.5636716850539497
4312 0.4306409501190632
4317 0.5387412010401628
4318 0.6301108068815985
4320 0.276318711217941
4322 0.40214201040385456
4333 0.4640802129370377
4334 0.3402964182877778
4340 0.4138412479924521
4343 0.5815793214474759
4349 0.6540844991324831
4352 0.6440857095517617
4354 0.6799640576967131
4356 0.8484945559559772
4372 0.8181916614774263
4375 0.6826129030618161
4410 0.7368053875791629
4417 0.6497732763072687
4422 0.6158986034164969
4424 0.6967231237163828
4427 0.7091168814139741
4439 0.6363520227412017
4440 0.7159275109688908
4443 0.6197048984697617
4447 0.6708959051346088
4451 0.9156723067855485
4455 0.5661589878949704
4457 0.6052149690663818
4467 0.5158632764860026
4469 0.5619640250168644
4477 0.3421259098096739
4486 0.48297623199865436
4488 0.6042079649757583
4501 0.5138276871257832
4508 0.5263594969759374
4522 0.6524672910371692
4525 0.6090579681036798
4527 0.5143027382055674
4531 0.7438679770336528
4534 0.457900008303997
4551 0.7687971740664159
4557 0.44570288755921106
4559 0.48404666562455095
4571 0.48647391268644374
4585 0.7000842568521516
4586 0.7449780709018677
4587 0.6753403779416373
4590 0.5830198555801127
4594 0.39064521721679946
4598 0.4579714626581351
4599 0.4508732423465234
4605 0.45588528664197664
4608 0.16333134246782544
4615 0.5225790394056913
4620 0.5595339937829383
4626 0.5274097648706518
4634 0.61943636667624
4636 0.6577569006381853
4643 0.738824121503566
4644 0.849844661876543
4658 0.45760057419411476
4662 0.49744503648470395
4665 0.589320565247719
4671 0.3587753619661208
4672 0.40788634013409764
4685 0.401852165664731
4686 0.5339916252505056
4696 0.4502030170459833
4697 0.48040402339500526
4702 0.37642266189331197
4710 0.4463916900824903
4718 0.4625521406023443
4719 0.4022198704103457
4723 0.31278058119249746
4725 0.48412475691408347
4726 0.2744047781013842
4727 0.3691075511133268
4732 0.16275221285213842
4739 0.11018896160225636
4741 0.18260526555152767
4746 0.3394508059745501
4756 0.2754514359880899
4762 0.0
4764 0.3148838743091103
4768 0.47454464172611205
4772 0.2924982494785092
4778 0.27877083621732174
4782 0.18551300067190957
4785 0.3647540263657889
4787 0.1721758116752858
4788 0.2867604129174307
4792 0.4806757011641897
4794 0.24608888778590482
4796 0.30235164636331746
4797 0.2864650915263072
4802 0.3546680357368395
4806 0.2200259448098326
4811 0.19275923993677055
4813 0.32419240717250575
4827 0.40100028602264537
4829 0.4073548898175368
4833 0.711874608213899
4834 0.4659480478128747
4850 0.5124747580199887
4853 0.6204383691034578
4863 0.5178063745450003
4864 0.689121634580272
4872 0.6128280198760341
4874 0.5961047108497411
4884 0.38538197353242887
4888 0.37396428337583304
4893 0.45230941009837383
4894 0.4900456695323918
4895 0.3944913613285936
4903 0.40622946252638964
4906 0.2934539879764196
4908 0.3932563263719511
4912 0.5121904844076125
4914 0.4304892537565631
4922 0.35455533010171286
4923 0.45853118386799546
4924 0.5486614873337299
4930 0.6200341854990319
4932 0.4820119434847397
4937 0.3726279568499479
4944 0.4559151972546121
4945 0.4383874140026649
4950 0.39870155801043855
4955 0.37930733168893627
4957 0.45759397885753034
4958 0.3585692260487755
4961 0.31976078283552367
4972 0.4264081221885121
4979 0.41112740241158097
4985 0.33811033339356705
4989 0.284386753298614
4993 0.3586801682924584
4998 0.4020293109778149
