0 0.24514209492460626
1 0.3887821434607202
4 0.3351917121874098
5 0.31871322245077854
6 0.3328970251204432
8 0.39430294862028864
9 0.19128481466223163
14 0.2955141699015721
18 0.1952556326779836
20 0.13047834395200464
21 0.2622462545635313
22 0.3458309267541169
25 0.35061484418162636
26 0.40966702260900406
29 0.5433793847755163
30 0.48191522374600926
31 0.5250411911336081
36 0.26622072920347833
40 0.5564750666406012
42 0.45106640894384376
44 0.44452828029087
47 0.40406889741949875
54 0.5002667830505982
56 0.4550654341855042
59 0.4428951021222626
62 0.6503737778568864
63 0.62689206645025
64 0.45270851360642034
65 0.6554666852981185
66 0.7316290503161809
69 0.5745984280909706
79 0.5852964168989857
81 0.5033612472536754
82 0.5939380692065171
83 0.3889975515364068
88 0.3143716125298798
89 0.33331373518461105
94 0.6398703036060178
95 0.5197281690414831
96 0.6149270517353167
100 0.5422517552194804
101 0.4796644396318694
102 0.5289360134423747
108 0.4790448721696481
111 0.5423775945948284
112 0.632155774778391
123 0.379529816288413
128 0.25454943791558143
135 0.3535920966092635
138 0.25035386434425827
139 0.20278573436441735
142 0.20232312216957396
143 0.27654154255990315
144 0.1973714562871958
145 0.2623994441990479
150 0.32923350968749077
152 0.31062799810409514
154 0.43768559549727104
156 0.40165580725896977
160 0.3987334176121821
166 0.6763672287964166
167 0.6894730700906004
170 0.5713796814040447
171 0.5918224012464156
172 0.5225115680339827
177 0.3569606532184345
178 0.5543709838175686
179 0.47197997956868093
185 0.3426873301751832
188 0.426568341205488
192 0.4553499566119394
197 0.36205872000897493
198 0.3358985988589784
201 0.3725609269879036
202 0.4622952044253884
206 0.488548184483852
207 0.4411270173756445
210 0.49811365554464915
212 0.6857824176852665
218 0.5224546321162231
219 0.7213956327172244
221 0.4936861594592643
223 0.5459162859912
224 0.6544167622298898
226 0.6278942571979367
228 0.416391037391104
230 0.30803182374717486
236 0.49821165738749756
237 0.5089191723030237
239 0.417119583708933
240 0.4108909226810757
241 0.2927844719648939
244 0.322251739112597
248 0.515708823196805
251 0.2370442106612878
253 0.38692260589865307
254 0.557765295666474
255 0.5398955134839178
256 0.461778898240568
257 0.4026051394303598
259 0.5279119654015145
262 0.4035926105323872
263 0.5318908348198306
269 0.47669991913438986
270 0.4549778726349459
271 0.5079084001531954
272 0.45936265925508823
274 0.48421137089220573
278 0.498733651020492
280 0.5917596146356755
281 0.540626748344209
282 0.6456304097865471
283 0.4883239913825985
284 0.4734630089207559
289 0.7508054051764199
290 0.6448443369112081
291 0.49215712978253945
293 0.6838686956231572
295 0.735158988800085
296 0.702618739554878
297 0.4677105466881567
299 0.5132733110213761
300 0.4792765486401021
305 0.4344123861093396
306 0.31982567194066613
307 0.17787220618229244
311 0.19245422588285746
312 0.24240061448278408
314 0.24324859479512898
316 0.35429116514813686
318 0.2327576276132309
322 0.266895547911361
325 0.40420863276387914
338 0.43257712458949704
344 0.5980988998872051
345 0.42706038501865917
347 0.507023690491767
350 0.6211946969318014
351 0.6520123886717911
352 0.5135871071007723
354 0.6209936266479977
356 0.5017981772749123
360 0.46464206810545505
361 0.44834198273145665
362 0.47457622857370474
364 0.5503670231261332
365 0.4427961056905456
369 0.4616801191151744
371 0.5761077420529555
374 0.39674382553094484
375 0.3946131530159902
376 0.4422450414942141
378 0.47279241856885973
380 0.5523320083780353
381 0.6491502953867154
391 0.6191707325713046
394 0.6089678612449437
403 0.4592169741531145
404 0.44511713241761947
406 0.6183980737214274
407 0.5054224497659213
409 0.46521639274325516
414 0.38728079362216716
416 0.34085865021999356
422 0.768990132105293
424 0.7436456104630207
425 0.6511140266397507
426 0.5647944261868602
429 0.45113907458171953
432 0.45804609512547506
433 0.5834281239189572
441 0.6309289931956277
446 0.4243634472642809
447 0.4586683209641946
448 0.3958876486272478
450 0.5028338421475135
452 0.37914689612613744
457 0.3773925094548175
458 0.4245105989499994
460 0.5048513644826166
463 0.6142860005774161
465 0.5109438301316807
466 0.45973920821073777
468 0.6505302837107004
473 0.6742057554085825
479 0.6999423274374259
481 0.8193737699181185
485 0.6197467340157896
492 0.6119093858681133
496 0.7889776818491642
498 0.6852936081406081
499 0.5697291616699633
501 0.5069448422229962
502 0.5255976924145689
505 0.27877212923557726
508 0.21489661001518098
512 0.531793238773787
513 0.4487680801188338
518 0.4817087561481898
520 0.6559006124131265
522 0.6437235799766201
524 0.5995378860520117
531 0.595791247840501
535 0.7878030591953854
536 0.5593468309340078
540 0.7570471971175614
545 0.6546106869026624
546 0.5604492434473402
547 0.6354526766527206
548 0.6460045585179977
550 0.7452267037107319
552 0.777111859641332
553 0.803430298369401
555 0.6813411727154309
557 0.7683683331152039
558 0.8385263885130968
559 0.8698399749365927
561 0.7299042849815012
566 0.5985614973640282
567 0.6131749428048945
568 0.768076106823208
569 0.6187197297177349
572 0.7255439866532544
573 0.7836629621664494
575 0.734729749591571
577 0.6651928927809941
578 0.7951236854364317
580 0.8612181506271764
582 0.9099046226095323
585 0.8178673178139305
588 0.7436605718518874
589 0.7332026509594464
592 0.8870481155995669
594 0.7640084034203704
596 0.6708922755424451
600 0.5875677111043934
601 0.6169178300983538
603 0.5562568326560603
604 0.6399000457801679
606 0.6466338965036377
608 0.6341551629958919
615 0.5927563804036823
616 0.7250300569435725
622 0.5863068305128536
623 0.7114971026905419
629 0.5120593371442166
630 0.4556421149777893
632 0.7154623595446216
636 0.6938845833853406
639 0.5717472046955061
640 0.6582391784729283
644 0.6698268882270603
648 0.8468146330902022
650 0.8480789988592092
651 0.7864719589690847
653 0.698193569672819
654 0.7411340550846467
656 0.6956016270990525
659 0.3159133640984535
669 0.3884026331024146
671 0.6722731095182752
674 0.4964630126980223
675 0.49708241092745425
677 0.5826277546116226
682 0.6907005724614851
683 0.6813894184112996
688 0.44923434872097734
690 0.7871953695270125
693 0.7422574643997462
695 0.7787189208911621
697 0.794637978628024
706 0.6348047364869858
707 0.8491701188812795
709 0.7037697125893478
713 0.7621087959837561
719 0.8056052971975117
722 0.8466588279045246
723 0.6809974011306489
724 0.8905935594211034
726 0.9010449805962912
727 0.9599468986029098
728 0.8634092960421033
730 0.9002978795790996
736 0.9969877755953768
737 0.8944737921785803
738 0.9140912750785898
739 0.7362620003184136
742 0.6793719843052973
746 0.6885730957477323
747 0.7084172369802805
749 0.5629089188033408
750 0.6055322093811063
751 0.5895339709156708
755 0.5941975570470152
757 0.47410701542761596
759 0.476399367274742
760 0.5167626168828642
761 0.43412192660862986
763 0.345940109575834
764 0.28105053964064536
766 0.46730478949860355
770 0.5381894083278677
774 0.26460829292991045
775 0.36029055665772225
781 0.5939084088871217
784 0.5611774160240112
792 0.44653802505287293
794 0.2978848192341728
796 0.3934120134797221
802 0.4411030649782471
805 0.6595175927608351
806 0.6830502311606418
810 0.6923362617443314
811 0.6902336732496475
814 0.6878455847846817
817 0.4820564024447439
820 0.658940290293824
821 0.614988493582281
825 0.6138334105642302
826 0.6914737163911975
827 0.6376016576173814
830 0.3915466292545769
844 0.36808868373313225
848 0.43314973896339687
850 0.49187192910322103
853 0.5196070824278407
856 0.578632555675873
857 0.6404569233331798
858 0.6579531999676582
864 0.6134750628104378
867 0.5403833574877585
868 0.6734349646856542
870 0.6947174045097956
871 0.7022253249187641
874 0.6618951054574781
880 0.6733183606392621
881 0.6681952490471166
882 0.6259265807515187
883 0.5603263858010274
884 0.5081833054214899
885 0.45677020155484216
889 0.6081108898020539
891 0.4457264548552568
892 0.4787414008885161
893 0.4869395229276312
897 0.42039158294249035
900 0.7871563018075057
901 0.5004134764317357
906 0.669828160592728
907 0.7370360213534517
908 0.5861078111084268
909 0.5057379449800126
910 0.4634835730639688
912 0.5180773791188648
918 0.5591952945167245
923 0.5333054997551846
924 0.5193800495593097
928 0.45176391639403934
929 0.30066859550266817
931 0.43579504595898905
936 0.6022051585910055
938 0.6538506518982607
939 0.5871990304160408
940 0.6730143075749216
942 0.6191755022967359
943 0.6525765271845937
944 0.656924151006284
947 0.6779708269572873
948 0.6204173949002932
953 0.6459180297848175
959 0.5903760568722607
961 0.6913027950535175
964 0.6549885026647777
966 0.39570046936758263
973 0.4748976345557098
976 0.49858329516458166
978 0.5768263494994003
983 0.5877366828802792
987 0.7330982284636146
988 0.5850844204063804
990 0.8504623517567027
992 0.7148485528066157
994 0.8190142093065357
997 0.6090337894574434
998 0.6868442967108808
999 0.6228723726447177
1001 0.504578553008956
1009 0.5099538883833847
1013 0.5354429748051917
1016 0.7565003958285745
1018 0.600747617862194
1019 0.7168934816339929
1020 0.7365389172168815
1021 0.878430587110792
1022 0.8503845512445002
1024 0.7276605756386716
1030 0.6468770807882334
1031 0.560714346640028
1035 0.6496980375925004
1038 0.6240274627834804
1042 0.6145598542813496
1043 0.814402277850284
1045 0.6791356276809926
1046 0.5640581447600017
1047 0.62548329879639
1052 0.4338964741492753
1054 0.37884511256341463
1056 0.7022791732492304
1061 0.8090366406139752
1065 0.6351158926908175
1066 0.6949490342222363
1072 0.8550612453752221
1077 0.6063501029823616
1080 0.614500705375231
1082 0.5741728072268147
1084 0.703548644373748
1088 0.8267839589519502
1089 0.782540301903708
1093 0.929779060907109
1094 0.8831177490302602
1095 0.7639812547900212
1096 0.7735223955324633
1097 0.6887447811104075
1098 0.6070327281726784
1100 0.5662021363621887
1101 0.5060446714500614
1105 0.9317670674110967
1107 0.7737511009531478
1111 0.4625472110948381
1112 0.5189191797802138
1114 0.41035092026267567
1115 0.6554930651249974
1116 0.6517391611001699
1118 0.5827317520471398
1119 0.6085941129416134
1120 0.6707822811369025
1122 0.49314643486267445
1124 0.6310178052703466
1129 0.737199335032639
1132 0.47342098499915575
1133 0.48342674172701716
1134 0.4545814138980562
1135 0.460722350816336
1137 0.5151302519280662
1138 0.687284836353358
1142 0.6860718775961157
1144 0.5142172438880689
1145 0.595176516313553
1146 0.5741008080042246
1153 0.6788165752236187
1155 0.7782122367056042
1156 0.7633213211194385
1160 0.7511870381393883
1161 0.6529458366485691
1164 0.7657096756526951
1165 0.7171223519168172
1169 0.6656105730702573
1175 0.8213989082983911
1181 0.7618853621597158
1185 0.6149648436227416
1187 0.8286111504250522
1189 0.6219403511711113
1191 0.7667312493409195
1192 0.5257025060277494
1193 0.7020389475619346
1198 0.5691295301065026
1202 0.6107053710709988
1203 0.7504448331045466
1204 0.6526913607745056
1208 0.4501419580748438
1209 0.5124457519658486
1210 0.4758813218133327
1211 0.49482809762437985
1212 0.49195495192140815
1215 0.3960411911258264
1216 0.3855877332070919
1218 0.4346877624354953
1221 0.4381085745540939
1222 0.382611102622587
1224 0.47013006205335583
1225 0.397730095401601
1227 0.4740166938269094
1228 0.4683163401218338
1232 0.327936425797823
1234 0.5169113324315865
1235 0.5010406182693806
1237 0.37853230007788696
1241 0.30223369676660716
1244 0.5361020932695725
1245 0.5260298050325947
1253 0.6096660097203397
1254 0.4047215996463301
1257 0.4344189755034156
1261 0.48366562686286363
1262 0.5300878731439385
1263 0.5006593561568569
1264 0.45841167886336964
1266 0.42888982329318537
1267 0.4884486729524645
1268 0.606585004432338
1270 0.5071039037836825
1271 0.33072879912324193
1273 0.4598820596015139
1276 0.5979647660324723
1278 0.40844286258870915
1279 0.517688937601915
1281 0.40068624998858055
1283 0.38688994511120606
1289 0.5235612267894172
1290 0.4112772289188517
1294 0.48068814043544345
1297 0.41652664355125024
1298 0.44098943862348416
1299 0.3072156451934187
1301 0.5236018842709621
1302 0.5520212288619597
1306 0.3069728181971496
1308 0.5004182222686804
1312 0.41024628789309436
1314 0.372831893651451
1316 0.2944237791492388
1322 0.5586132021927879
1323 0.4548533750837475
1327 0.5071530468883825
1328 0.49402448366159996
1330 0.5751618751707818
1331 0.6506008922876706
1335 0.5665764933091668
1338 0.5914686109300042
1341 0.5866445663197601
1342 0.5555683447958316
1343 0.5325580719366421
1345 0.43339375002989555
1346 0.4771260626965223
1352 0.5599445246111474
1354 0.5320964339773262
1359 0.7196125348518817
1361 0.5374743385989091
1367 0.5407679525530352
1369 0.5678354049487482
1370 0.5911267936435038
1372 0.5634928079633893
1373 0.4120950409009191
1374 0.26425380030208684
1375 0.5652899900076457
1377 0.4842453817193032
1383 0.5146193857447454
1384 0.5338049556807134
1385 0.5528815357218215
1386 0.4477471566452078
1387 0.45820777239279575
1389 0.4814818429536562
1393 0.3058023161147823
1395 0.2941939356928046
1396 0.3528235090114131
1400 0.4672893418284893
1402 0.3056840002051825
1405 0.4261319487534209
1407 0.4840909440260091
1412 0.395652199418992
1415 0.5474784519516741
1417 0.43020235610710544
1418 0.5763517826930058
1420 0.5125817705193662
1421 0.575619099144946
1426 0.40186304634810555
1428 0.44593478505848183
1429 0.3482440896358503
1430 0.40231217674450026
1431 0.49383461509415916
1434 0.3351526546241372
1435 0.4359875391145363
1436 0.299844312975554
1442 0.4381972869415484
1445 0.3582488223644205
1447 0.31499835410848176
1448 0.22130422214109682
1449 0.33909173222615013
1451 0.34489645323923046
1455 0.28253030102958315
1457 0.3788469015354974
1461 0.22375203279847075
1462 0.2099395189884905
1463 0.20016035149246802
1466 0.42291599942791175
1467 0.5732008183627686
1470 0.4423119974035836
1478 0.45659003651053265
1480 0.5508583432775326
1483 0.6712061815268864
1484 0.472693417398599
1487 0.5720532390050039
1489 0.5996917994787713
1490 0.6151960129619883
1491 0.7168781087394934
1494 0.6429605375335388
1500 0.5836800299181352
1502 0.6652291289420086
1505 0.5207787785028772
1506 0.513701919794017
1507 0.6460037244747984
1509 0.7132908360857756
1510 0.7852336651795387
1513 0.6501015466966965
1515 0.5528838903492331
1518 0.5606865197452223
1522 0.7050153058483621
1526 0.6217379105131798
1531 0.7059860501610892
1534 0.6629145256697612
1535 0.5976447539785005
1537 0.6124394705042172
1540 0.38141932891295754
1546 0.496179467037696
1547 0.3222201673958643
1548 0.41287268233961033
1550 0.5210326272604447
1551 0.5915938784866609
1554 0.4624808507938216
1556 0.5112646723337282
1560 0.7347965679880167
1561 0.6153246834016091
1562 0.49587735241342124
1564 0.4592906025288268
1566 0.5805319175576684
1569 0.632112603118745
1570 0.628434750891591
1571 0.5911923329497926
1573 0.6483929041279718
1579 0.6380132681315043
1580 0.5104107936996751
1581 0.48511943266569474
1584 0.6462955070971101
1585 0.6144991518870837
1586 0.41648258802508403
1588 0.42449001244569434
1590 0.4820055014246074
1593 0.37909680911130356
1596 0.48225276474263046
1597 0.6257312661951309
1598 0.6500163025430731
1600 0.47924196008984465
1601 0.4200831557684479
1603 0.445278531613733
1606 0.281245125170103
1609 0.5091692980470152
1610 0.28694585735844685
1619 0.2803395471642198
1622 0.31322996005263104
1623 0.37758417557299995
1625 0.3418810427686831
1627 0.4394669613957408
1631 0.44702200729640273
1633 0.5414737173071112
1634 0.4628963136304769
1635 0.4806461032828171
1638 0.4580792630384464
1640 0.48677996692309383
1641 0.37565107393400593
1643 0.5027905834294121
1645 0.30899494822429185
1646 0.3840331102332099
1650 0.32049486628648827
1651 0.3390923997899155
1652 0.3416623769524786
1653 0.43022335935724243
1654 0.6749614990998251
1655 0.577128848923431
1658 0.5201145886026166
1659 0.5454164278738372
1662 0.4544305052638886
1664 0.6738320859544916
1665 0.5675998380615467
1668 0.7216508371738118
1670 0.4827242065872595
1671 0.6296158074496513
1672 0.5360033360500771
1673 0.5201994062809703
1674 0.6639202374812029
1675 0.6525304410582636
1680 0.6133468851405619
1683 0.6615947931381745
1686 0.488413567911503
1687 0.5038756168022998
1688 0.3970245980446468
1693 0.5754891530723498
1695 0.6478962855724658
1696 0.6396288811659694
1697 0.5848852091689866
1699 0.479779015202469
1700 0.5886962987238169
1701 0.4986227281510921
1709 0.4662767652912959
1712 0.49885873196078123
1718 0.6059441202613939
1719 0.4850393461067962
1720 0.5124592559674256
1722 0.5300022998476949
1725 0.5703705842654373
1727 0.8473294611764505
1730 0.7978050221442228
1733 0.5649619726320412
1736 0.5053644251319309
1737 0.4876419001706867
1738 0.47445255058716257
1739 0.6807504642063401
1740 0.6517499874757019
1746 0.6954187475227145
1748 0.5953206056396162
1761 0.6025953253766904
1762 0.7876676716496231
1768 0.9246715929661475
1769 0.8894691055495927
1771 0.8467281923301523
1772 0.8695903876591892
1773 0.6942340015314796
1779 0.918425624327521
1781 0.8025540831767807
1784 0.9353387414676246
1786 0.824374197781664
1789 0.7918363897887494
1790 0.643014936868694
1793 0.7354777256223346
1797 0.5685612340594893
1798 0.587188159811325
1801 0.7005803968590243
1805 0.44587284912012654
1806 0.58551841820481
1809 0.46611753321954913
1814 0.5223104780192372
1815 0.49964629936805166
1816 0.6198588508992163
1817 0.6901588620752278
1818 0.6556407493818153
1820 0.4765324105940832
1828 0.8973096375981515
1832 0.44228649561417505
1834 0.4400545480800378
1837 0.6664457033450715
1839 0.38956137630465115
1845 0.4593002744963416
1852 0.5926365698297736
1857 0.4369151046568999
1862 0.6098803747045498
1867 0.4850878540231679
1868 0.6446985665393693
1870 0.5903974569028154
1873 0.5486448074073587
1874 0.47636194486419
1875 0.5826930676686595
1877 0.4860103221141005
1879 0.44992192481169957
1880 0.2664739200495875
1881 0.46966319159939834
1883 0.39291603866083746
1884 0.29829840280303344
1890 0.4306079451694075
1891 0.3507498820384171
1896 0.3996000701864684
1898 0.3558880908248733
1903 0.44418690770417696
1905 0.46197481766268045
1907 0.44642093910165925
1908 0.42628302646730953
1910 0.5233391644172815
1911 0.4777323369968197
1915 0.43682091595399597
1916 0.4802337582050806
1917 0.5771776287177991
1918 0.5893503409917512
1922 0.6378231855772621
1923 0.5090404408803851
1925 0.5925093050274567
1926 0.6379837133691186
1927 0.6022256886941774
1928 0.5561788381066441
1929 0.5805531433890622
1932 0.5607794583476127
1933 0.5480599302209475
1934 0.6391961165517639
1939 0.6209001197851751
1940 0.673783903904545
1942 0.5290717255735138
1944 0.5578966141218914
1945 0.6694853480817415
1946 0.5738350469278527
1949 0.5238736284137919
1950 0.6185261900418402
1955 0.5017436736281256
1956 0.737437895034731
1957 0.5662672676461518
1961 0.5699510339709613
1965 0.7972140820759791
1966 0.7364011408717176
1973 0.563784117751133
1974 0.5473865656412211
1975 0.60509625300901
1976 0.6648681588709093
1978 0.7175328289135511
1979 0.6487580038766818
1980 0.4803470577467421
1982 0.6203877157030222
1986 0.4587311239559466
1987 0.5333895058620474
1994 0.432153617167055
1995 0.4775234407665852
1999 0.6351623996605983
2004 0.739342222706057
2005 0.7590877705210712
2010 0.4117549748405081
2017 0.6050166738971903
2021 0.691798743229801
2023 0.4528002788299112
2025 0.4637504587286424
2027 0.6357129947028606
2031 0.7364735532969714
2032 0.6651133433390451
2036 0.7699143377484362
2038 0.7590670835950045
2040 0.5530918379346983
2045 0.8082299872201113
2046 0.7351778393642822
2047 0.7295698035677878
2049 0.8064355125045682
2052 0.5265390145950469
2055 0.6021232037055254
2056 0.5705475500904627
2060 0.6756572764485175
2062 0.6493315500607946
2067 0.6775579657736689
2068 0.7390628644986645
2069 0.6230473688347354
2071 0.6851962870244207
2072 0.7530602286525467
2076 0.8152941267548812
2077 0.7893472725823905
2082 0.4984609647733771
2086 0.5837907920329227
2092 0.6559562230170245
2093 0.7217691914014076
2096 0.6896068375211978
2099 0.5787258590234405
2105 0.5443292997523302
2106 0.6301938582935925
2107 0.7514023537624924
2110 0.5428318557971582
2112 0.6112949118753267
2113 0.7105896286882792
2116 0.5452373019540477
2119 0.7713869762074408
2122 0.7693958221055587
2123 0.6835217039196655
2124 0.7952655750537958
2125 0.5813681898784562
2126 0.6865962258605564
2134 0.7212516382813638
2135 0.8243093579623075
2138 0.7540696544864075
2140 0.6187234955335872
2141 0.6200612337751342
2142 0.4977964065126554
2143 0.6899997869959705
2144 0.6335554582988363
2146 0.7033936411429795
2147 0.6326573524297004
2148 0.5936581029380977
2151 0.5278694278637367
2152 0.5067584414479284
2154 0.34627145229977613
2156 0.43687376043257503
2159 0.5276106803543492
2160 0.4332311301787842
2162 0.5378027264378031
2164 0.6799802541697757
2170 0.5266970178653385
2173 0.5137053992179996
2174 0.533222249626418
2175 0.4946893306705497
2176 0.5625351700154649
2177 0.6435411893613249
2178 0.5769886995907795
2180 0.5974691878543765
2181 0.6415423137534602
2183 0.5544672812056163
2191 0.5056802337756523
2196 0.5097253305010574
2198 0.3887568994648681
2199 0.46085469427181863
2200 0.4338508527328549
2203 0.3732651005847377
2204 0.4836228179854532
2206 0.4918843166466378
2207 0.5051685503283099
2211 0.44015901874572244
2212 0.38143922715273854
2213 0.4360298125747131
2215 0.40308065092734324
2216 0.4956925880324543
2224 0.2987052161315311
2232 0.2662810365539476
2234 0.3413983871015209
2235 0.3503029261987879
2237 0.48376345377606783
2239 0.43626928803024057
2242 0.41635491754256904
2243 0.5444733679023684
2247 0.6786463197742453
2248 0.5852426927174172
2249 0.45541351110304606
2251 0.38746167226260275
2254 0.5383327611517646
2257 0.43230412936769513
2258 0.5393530590247223
2261 0.6056413906146499
2266 0.5632047301403176
2267 0.5506399837694439
2268 0.4285295392812534
2269 0.6069627445110628
2271 0.5169270770613426
2272 0.5687396614514671
2274 0.5791611104500318
2275 0.5050644729832907
2276 0.3990861301023628
2284 0.4625421656591765
2285 0.41230736390536277
2286 0.5531606718616796
2287 0.4414144955723068
2288 0.3953263376776817
2291 0.5149955966008726
2294 0.46522174423600277
2295 0.4631938896683176
2296 0.3988518693695314
2297 0.3709774760965755
2298 0.3890096384961755
2299 0.3493691214614032
2300 0.49435045691730845
2308 0.41636146681471425
2309 0.42342192783989385
2310 0.3677845841042944
2313 0.3980897025278071
2314 0.3529875860337103
2316 0.3808570862931422
2321 0.5143362472432946
2325 0.21059211727173996
2328 0.27588343121511916
2330 0.3510983803538076
2333 0.283512402647436
2334 0.30955877454394115
2337 0.2619894181458959
2339 0.23687689749452726
2344 0.3568698857188738
2348 0.49091982899499786
2351 0.5164791343915835
2352 0.601362120611042
2355 0.4852525581535226
2356 0.45217688085459545
2360 0.45915835313505277
2365 0.6323143614691304
2368 0.42980724626939804
2369 0.48731428667971194
2370 0.47664309863427484
2372 0.5867356998587231
2377 0.5071417654201158
2378 0.49585415053639736
2380 0.6325768349376606
2382 0.575895267743682
2387 0.4917681551373823
2390 0.4705552032256931
2393 0.6132455415867062
2395 0.44806567153860793
2397 0.43665560641119394
2403 0.48649853697828194
2407 0.5213243772722476
2411 0.5647353433820662
2412 0.5119296633393683
2414 0.5461069803637608
2415 0.6558500943281751
2417 0.8029230300999496
2419 0.7810478275539274
2421 0.6788861995243614
2423 0.5181622805053208
2424 0.42035348612521145
2428 0.47126103340730124
2430 0.548345834044552
2432 0.5303018669351163
2434 0.5780618544113603
2435 0.48781541300569886
2441 0.2699735374817226
2444 0.32878261702304207
2445 0.19650793653944032
2448 0.4676790432677755
2450 0.4150137406724455
2453 0.317717525881278
2456 0.36684680597673797
2462 0.46959002281749757
2464 0.5146036024832905
2467 0.380697036672656
2471 0.3981104438872131
2473 0.3747998476352764
2474 0.3987907565255842
2478 0.37182966495444897
2481 0.5483195180591116
2483 0.495581709853519
2486 0.4543302274058754
2488 0.4672637435772239
2489 0.3176116350146133
2495 0.48561975120499434
2496 0.3323635390991462
2497 0.5613731875252342
2499 0.5776833050344353
2500 0.48135007485898834
2502 0.7611026107861899
2505 0.6226375958441037
2506 0.7402120704874935
2507 0.5698428936507626
2509 0.8037984886536272
2511 0.6405583636456215
2517 0.46152674694437845
2518 0.43237229464092
2520 0.4419736897266466
2523 0.6062450324154722
2524 0.6512699955852193
2528 0.6051586337503697
2529 0.5839479985223179
2531 0.543561806876166
2532 0.6272246936737776
2535 0.44013689672779005
2536 0.39039856537916473
2538 0.5723687721817157
2540 0.5521735663200597
2543 0.5596387145325656
2548 0.5641909392588804
2549 0.585318870742297
2550 0.606535484174412
2554 0.5625855058752468
2556 0.4436519278403646
2558 0.40248546742359714
2560 0.42630892099676215
2561 0.5034329378667616
2564 0.5645591445136031
2565 0.5329395999412889
2567 0.6252226965952512
2568 0.7204879398443701
2573 0.5069440358446872
2575 0.5899763264438662
2576 0.5897816132809635
2578 0.4386830261274311
2581 0.5611466005211752
2582 0.6861274013414359
2583 0.515348734359783
2584 0.48771572324664
2587 0.35737871574100716
2589 0.5248689032198315
2591 0.4654656092002824
2592 0.48715357383844626
2593 0.49827522511642275
2597 0.5187684097254364
2601 0.46150241291814825
2604 0.4942685109217653
2605 0.46718068942623137
2606 0.7353683372730873
2615 0.6800633517787004
2618 0.4575891547704233
2621 0.5086177920789052
2622 0.5871266985741121
2624 0.5471805413259848
2631 0.4643707907822568
2632 0.488042094487833
2633 0.4820441566563123
2634 0.5131221031143606
2636 0.41717795514069933
2638 0.42912093389981215
2639 0.50333326107487
2640 0.43014323274678934
2641 0.4253395146897451
2642 0.3985236511231439
2643 0.5317796734213454
2646 0.4013926490659037
2649 0.38602988916081865
2653 0.43530429527507203
2655 0.42714837128271627
2656 0.4044096743666197
2660 0.6061520896647188
2665 0.5671316855111921
2666 0.4877780426234957
2674 0.28363839404266905
2677 0.37624366617485744
2683 0.6340729584656527
2684 0.6428324041034825
2691 0.49156547340422974
2692 0.5867743083574563
2693 0.6350698745296771
2701 0.532869599592187
2702 0.4869863612567205
2704 0.3458427458851069
2705 0.19024869656292767
2706 0.3889880877411273
2708 0.3235352735532323
2712 0.37307355221178756
2714 0.2877544822696354
2715 0.2421090255131289
2716 0.31438109730181835
2719 0.3857764684148519
2721 0.30372492332599765
2724 0.35268713895032594
2727 0.26901894057348896
2728 0.37486638329841376
2731 0.2676057094881584
2735 0.5342114955134273
2736 0.5107751167693302
2740 0.511771491722848
2741 0.7265551564833712
2745 0.698887474530449
2747 0.6551525896786882
2753 0.5323354179889122
2754 0.6264043128248131
2756 0.6720790508911827
2757 0.6127332629931684
2760 0.5906515180543903
2764 0.5191713757595157
2765 0.5757161878124809
2767 0.5836357438253682
2768 0.6081914093284683
2770 0.37464304495532447
2772 0.622467000051412
2775 0.6324818536125969
2777 0.5537049682852052
2782 0.3846975099531441
2783 0.39678808997297593
2785 0.354050878637332
2790 0.3251578990889851
2791 0.3995026154733904
2795 0.43654076463183633
2798 0.38026443285864525
2800 0.34461695356191946
2809 0.3393635943457997
2815 0.31588403487969263
2821 0.39802433298434675
2822 0.4048869520014313
2828 0.4787040212570964
2831 0.4844202378966353
2833 0.47607004608846204
2834 0.506500555417387
2846 0.6302670530867684
2849 0.6305252972565678
2853 0.5085929689693276
2857 0.49164586907673163
2860 0.5549061041937517
2861 0.5437889725982632
2862 0.5741348147724213
2863 0.5931648238069278
2866 0.5274223549328225
2870 0.6117152568538279
2872 0.46388715301620664
2876 0.49795851596669355
2878 0.47630822558664193
2880 0.489339653859835
2882 0.33733860353788586
2884 0.42360590807407006
2885 0.40182904072452413
2887 0.4371231397923336
2890 0.522204382567601
2893 0.4768764889169677
2895 0.38898982071385285
2896 0.4156553870659664
2901 0.5496695429699677
2903 0.4843790784294743
2904 0.4554496782389603
2906 0.4915704602473067
2909 0.6919433090376812
2911 0.44122497931561194
2912 0.5333522837162241
2913 0.38460998749095315
2917 0.5011293602023121
2918 0.41023239948302986
2923 0.4784866583701885
2924 0.4720175912951352
2925 0.585022168520792
2926 0.5447518635314348
2928 0.5023197346048984
2929 0.6423797806019738
2930 0.5723217562879096
2933 0.5486434539668442
2934 0.5543663796900794
2939 0.664354877039637
2941 0.6393084775979846
2943 0.337530393560863
2944 0.4038631516840192
2945 0.5548538431654567
2948 0.5802643313365328
2952 0.6298899385287854
2953 0.5328131170488508
2954 0.5355740142923394
2955 0.5690511912593751
2956 0.7360620878800982
2957 0.7992966270340696
2959 0.6519912178467974
2965 0.6988971084896948
2969 0.6931407539125802
2971 0.42697028588086083
2972 0.4046257266480313
2977 0.6308671058331229
2981 0.6281044320273887
2983 0.5917745582872657
2986 0.6333455193786808
2987 0.6989593105929087
2994 0.6290202712589695
2999 0.5900813886170816
3000 0.50054871485165
3004 0.5089676426882247
3008 0.5673062104070599
3011 0.5870876445795291
3013 0.46226646431433066
3015 0.48915864084261673
3017 0.5097864729517952
3019 0.42296446041699554
3020 0.26776470229978644
3025 0.5026144329634593
3031 0.6543903789046288
3035 0.6213547164448519
3036 0.5858745107582289
3040 0.43097625588682276
3045 0.5496010848649924
3050 0.6887012829048016
3051 0.42943635307755074
3054 0.35037393684296786
3057 0.707591076383842
3063 0.49955097088421974
3064 0.7649270323535075
3065 0.7706009436373719
3069 0.5948448191338925
3073 0.6842204612704603
3075 0.7264559373735905
3077 0.6154853777367872
3078 0.5433651086218344
3079 0.49496288688720136
3080 0.4530875016770657
3082 0.5728683123596561
3083 0.5822896167634358
3084 0.6367169162894766
3086 0.8039674491213457
3087 0.9015422904032683
3090 0.8056809148262042
3095 0.7426017793414473
3097 0.5288301505295795
3100 0.5742111825969766
3102 0.5445041527454751
3105 0.5989100118577516
3106 0.560169426319022
3109 0.6694116996228164
3112 0.5532170675523319
3114 0.7267703301268744
3115 0.7710377975218058
3117 0.5437990891758421
3118 0.5823863603559636
3125 0.5886491633852183
3128 0.641239413764962
3130 0.7169817083060155
3137 0.757810801747969
3145 0.6925302854789623
3149 0.7537967872253327
3152 0.3683401585593916
3154 0.6182518339139522
3155 0.45551964385830634
3159 0.7041175983925649
3161 0.6146573126079043
3162 0.7186303014738318
3163 0.7546043611220287
3165 0.6905944507788415
3167 0.7657722331328285
3168 0.7532285948344656
3170 0.7619108301229061
3172 0.6286495867091325
3177 0.7753207348496546
3188 0.5209996538952807
3190 0.6246088976801474
3192 0.5740488844427039
3194 0.6933380749054988
3196 0.5782570436484831
3201 0.6475368103227587
3202 0.71050095217824
3203 0.6813053797610271
3204 0.6446931773307832
3206 0.4881686626850421
3215 0.49500133666121005
3216 0.5295861251696199
3222 0.5191195586198482
3224 0.5345309513958004
3227 0.44059943033829635
3228 0.37478777468485214
3231 0.6482199989347283
3237 0.5557800607324213
3241 0.39725021967576707
3243 0.43466732222382226
3245 0.2955862275133879
3250 0.4621505074001158
3252 0.3805591560510258
3255 0.46227072773910655
3258 0.44097877427827903
3264 0.5038854238985222
3269 0.4770479168978335
3270 0.4705180455085622
3274 0.5010223599945686
3277 0.41192884636996063
3279 0.44955331004422683
3282 0.4727990229445696
3285 0.6089448360291233
3287 0.3910138380691896
3288 0.45611008387905605
3293 0.3496486174397312
3294 0.35900701642605803
3298 0.5852600961679897
3300 0.6892028252721919
3301 0.6406431638686647
3302 0.6973445988163044
3303 0.7766746928513186
3304 0.6441864649826692
3307 0.7492579629649784
3308 0.6189179763918566
3310 0.660027728077535
3312 0.5673860196196464
3315 0.6683522190906908
3316 0.7708249133633271
3318 0.5368150865548496
3320 0.5172388452048473
3321 0.7503484212573512
3323 0.6206521448792611
3324 0.487338870355588
3327 0.6400438549840604
3329 0.6438560081352636
3331 0.6120229792163163
3338 0.6546457374991076
3339 0.6142863492604772
3346 0.6358330513458166
3349 0.6901472663763923
3350 0.8081324593708202
3352 0.7646411007034357
3356 0.7122006498418325
3359 0.6253867762119344
3364 0.40163481766132864
3366 0.703092482578579
3368 0.6507347008466364
3373 0.580792429537705
3378 0.7240088888049854
3380 0.6691648295785408
3382 0.6490580899370131
3386 0.6292895473952946
3389 0.5146367999216115
3397 0.48657454869309863
3403 0.39171902295455363
3407 0.4507839711325896
3410 0.4810461505205007
3417 0.3693884609921636
3420 0.42249515960967654
3421 0.2330907129043763
3422 0.36563337878011326
3423 0.5378827426422461
3424 0.49005431451334475
3426 0.519556418459088
3427 0.628446497795609
3430 0.48668530804024385
3432 0.6175701613713664
3433 0.5952325194241173
3434 0.5322640521487695
3436 0.36210771024224403
3440 0.4878302204890617
3441 0.5928084288986175
3443 0.5031376010813731
3446 0.4708554295596337
3447 0.458626702102109
3449 0.2789266410077709
3450 0.32232978764907666
3451 0.46651876339221593
3454 0.3633278887745922
3458 0.2239870357077488
3459 0.38898732629971094
3461 0.27394298748147905
3462 0.382195221297404
3464 0.3036810861771841
3466 0.4421571703577037
3467 0.3765172301030123
3468 0.2643490833040276
3470 0.2678556405321532
3473 0.46894430412221083
3476 0.40351655518015966
3477 0.49138099384368733
3478 0.3853509441240312
3479 0.48041023112800346
3481 0.4126981387116253
3484 0.4397397764173841
3485 0.3222785862139354
3486 0.3463422591979814
3488 0.47252826032753864
3493 0.4816859221638596
3495 0.23323830515216723
3499 0.19127925829587866
3506 0.10103671301777928
3509 0.3889241024932753
3511 0.3182906540768689
3514 0.36086443866383167
3515 0.2401588255348297
3516 0.3512302418100365
3517 0.30604974637989374
3520 0.24968236968959248
3522 0.2465497432538743
3530 0.25570854561604867
3531 0.39034807266122273
3533 0.40698177012841047
3541 0.3445435007774959
3542 0.4241578059449305
3546 0.3142665979457818
3547 0.3457398294388316
3548 0.38223833243777805
3554 0.34514957790582623
3555 0.38975661174374027
3556 0.40849120973640607
3557 0.45248562051691765
3559 0.2918202575904387
3561 0.4642802274856599
3563 0.44287619361046265
3566 0.40373035147851677
3570 0.4987608122594489
3574 0.445205373364123
3575 0.4444372001448077
3577 0.4066566898948459
3581 0.35343228562711676
3582 0.505031439917589
3587 0.4809919583950982
3589 0.44767305873427266
3596 0.45985571605933867
3598 0.6334031125987569
3599 0.6668486936727868
3600 0.6609186363295799
3606 0.6334705369489737
3610 0.5042075632845406
3611 0.28262811812516664
3612 0.514963828972795
3613 0.5393916337211653
3617 0.5669808706780061
3618 0.5150888447901891
3620 0.45714518919035657
3622 0.43879046180315223
3625 0.5597368486026432
3626 0.557888574840164
3628 0.6162080634754192
3629 0.47273958277478834
3633 0.5037202062339456
3635 0.587106294115998
3636 0.6654999562488806
3638 0.6318327139110422
3643 0.35115508289220404
3645 0.42414720029073816
3646 0.30086879117231685
3648 0.5451059512315808
3650 0.49540978041347067
3653 0.46679656065626207
3656 0.4464792630521187
3658 0.43130337919156064
3660 0.50991193813912
3661 0.4469713485460816
3662 0.518402704159636
3663 0.5072221974843314
3665 0.45627329267861066
3668 0.5549996337489379
3671 0.5799253771181991
3672 0.5935255226372103
3674 0.5550784831279147
3675 0.36412875960495733
3677 0.45673125563777495
3678 0.449783771521695
3682 0.5336190651977682
3683 0.5700367443786267
3684 0.5690089543011283
3687 0.404527010776148
3691 0.38746905229233314
3692 0.5064648772382192
3693 0.533240795242722
3697 0.38162574307746805
3699 0.4302125542075318
3700 0.4588873234169782
3704 0.45504504428389125
3705 0.47120969297050036
3707 0.6035677559144913
3708 0.5935848167842681
3719 0.3102201912681367
3721 0.5068614140145766
3724 0.45325524232644815
3727 0.2900881268447699
3728 0.3285346381038581
3729 0.25811428458190183
3731 0.37541773400851686
3732 0.47123244485413307
3733 0.44889337947849817
3734 0.42450304007534756
3735 0.3658374065626753
3739 0.33325753291706217
3740 0.375814623977354
3741 0.3073746053034057
3743 0.37840176096117684
3748 0.36887922852765676
3749 0.3917908660266162
3750 0.4598226380117423
3752 0.42685078185345066
3754 0.5141530887558892
3755 0.4565656054479814
3758 0.5261376267406913
3759 0.2597685933690559
3762 0.5728160682406318
3764 0.6217098276725692
3768 0.3342523583845087
3769 0.2692988828942759
3771 0.36042924029773715
3772 0.2710188771905812
3774 0.15747260136035907
3775 0.2698382365880083
3778 0.3918783857442633
3780 0.24923579820862976
3782 0.20738361522285065
3787 0.33003779102337394
3789 0.3884743174877837
3792 0.3892380380728939
3793 0.49495707897520036
3795 0.43493223621209026
3796 0.3855753317345654
3801 0.46788849029075524
3802 0.4107324366334856
3804 0.399125827067539
3808 0.3972781125885762
3810 0.44907231230160743
3813 0.2734211198110526
3814 0.2083160589703781
3816 0.24943245011806525
3817 0.4365991714250541
3818 0.5301365400062633
3820 0.286607124494424
3823 0.21622160807841528
3825 0.1625617120030364
3829 0.39621432451116034
3830 0.479730315690368
3833 0.46159580684692114
3834 0.298761179119483
3839 0.2942998012466688
3840 0.3514523336931943
3844 0.38811163640487506
3853 0.4796981757559228
3857 0.49631066435503346
3858 0.5416474134716005
3859 0.6132808027369832
3861 0.5467405889775261
3863 0.41029984647087014
3865 0.4819786265062745
3867 0.3479068302446928
3868 0.42834193214716193
3870 0.5648284629313415
3876 0.3953944267466598
3880 0.325880340691856
3882 0.5528739421720125
3883 0.47381412384680816
3884 0.398172922099329
3892 0.466578370722279
3893 0.4094654805399365
3894 0.527145932524341
3895 0.5194958323729425
3896 0.5836285008898251
3897 0.5114323245878056
3898 0.3949600688037913
3902 0.5427152205473467
3904 0.5488140626853424
3906 0.5190911109375012
3908 0.5480977086827877
3909 0.5466865337381511
3911 0.4055406787233625
3919 0.34838158049521023
3921 0.29818195499522027
3922 0.44553500523713524
3923 0.3102479775980789
3926 0.4438405129332086
3936 0.38742437042508615
3939 0.4951186946639847
3942 0.78249588567255
3943 0.66055344812068
3947 0.5651171116560819
3954 0.509356309861337
3956 0.6566757276787131
3957 0.7787736484308558
3959 0.6365170609893634
3960 0.5169461927319118
3964 0.48443748854987934
3971 0.5329967418390444
3972 0.6130075733653731
3973 0.5048516408023456
3975 0.4837684756111953
3976 0.5623570805585071
3986 0.5798294713242216
3987 0.4853644491118933
3988 0.7173044703446066
3995 0.7810376595280011
3997 0.7681298339301783
3998 0.8504838381784906
4005 0.7385502813729208
4008 0.8334878202259667
4010 0.6530527456053946
4012 0.6026410926383943
4014 0.8261847596225704
4015 0.7695566232750565
4016 0.8201020249775403
4017 0.9132277696353458
4022 0.6112726533396257
4023 0.5848276541490685
4024 0.7320244415608737
4029 0.530556626833842
4030 0.43685737853316864
4031 0.6828455489642473
4032 0.6900392607096894
4038 0.5273462063999049
4039 0.6161636797683029
4041 0.5051368337101676
4042 0.5267731075465611
4044 0.5524996963548855
4052 0.7284066866612768
4055 0.5180974211637134
4058 0.5217282876637861
4060 0.7081166346999058
4061 0.6236447577101032
4063 0.6984873375671314
4064 0.6477668986222199
4065 0.4936214056749607
4066 0.6308304190712718
4067 0.5474689352501212
4068 0.4758445969583708
4069 0.4526561913962342
4070 0.5056215092068294
4074 0.575872079338586
4075 0.7291527087815106
4078 0.7339526218412304
4079 0.7566853363626436
4080 0.7696652729913362
4084 0.5000563969420755
4086 0.59377555909459
4088 0.5575164032862394
4089 0.5705318731437139
4090 0.5431766971736443
4092 0.5726008295168102
4095 0.6976934254992574
4096 0.6456029801098737
4099 0.7882484864089193
4102 0.5823258512644389
4103 0.7080098894344554
4105 0.7437114871726024
4106 0.6267719015573613
4107 0.6186398142971896
4114 0.6675051129368191
4116 0.605363904953202
4119 0.523312963814367
4126 0.926731075059921
4127 0.9791936256153582
4128 0.9602542935572645
4131 0.8720407598497523
4133 0.9745161179091908
4135 0.8951427174550471
4136 0.8104978740977933
4140 0.8643564463166529
4142 0.7752699915814433
4143 0.551585571897319
4146 0.6397920182673865
4149 0.5291712662390253
4150 0.5818207985135605
4154 0.5802191281513064
4157 0.5630085471764154
4159 0.4603590577778237
4163 0.38750295015459696
4164 0.4765865963988213
4165 0.49303734349074274
4166 0.46443900266685306
4167 0.49003511275601946
4174 0.41585644178041903
4175 0.46355725129019576
4182 0.5842766124418775
4184 0.4291066164268635
4186 0.3398271912335303
4187 0.49957113292291994
4188 0.38794671932564523
4190 0.33102456189773216
4191 0.26949195939815124
4192 0.4887001670875255
4193 0.4750286338502385
4194 0.4765412867615265
4195 0.354976342799638
4197 0.4158464366016288
4200 0.5795455474489636
4201 0.48223702617418
4202 0.5211143173861084
4204 0.5088530727590447
4205 0.5029848196864939
4208 0.5112606795275463
4209 0.5440821786442873
4210 0.4873715638821178
4211 0.6200146598615655
4214 0.45163011570054934
4215 0.4600640350514974
4217 0.4244575338106939
4222 0.36425425946840867
4224 0.39454025609774945
4226 0.24667859123968525
4228 0.49169858065639976
4237 0.6120393172264631
4239 0.4271443328106455
4241 0.6221440398415707
4245 0.5811443254768098
4249 0.5579457543218459
4254 0.6800704374944295
4258 0.599475864064444
4263 0.68130101930444
4265 0.6750007603510257
4269 0.47439427145937607
4271 0.4578346890071819
4272 0.5783441976470504
4273 0.7095686555343326
4278 0.6407043810776224
4283 0.6898639924937068
4284 0.5372721107426537
4286 0.6739861782345241
4288 0.585704531029356
4289 0.5394814139397474
4291 0.5673603209831006
4294 0.4131097189944929
4300 0.49537162602072077
4301 0.5011381681063479
4305 0.464748613078212
4306 0.4086669021865879
4309 0.5139838465368775
4310 0.6096325257333869
4312 0.4306409501190632
4315 0.41528301969257064
4318 0.6301108068815985
4319 0.37524106462331874
4322 0.40214201040385456
4323 0.4809799055504477
4324 0.5061337125365802
4326 0.4516088121797515
4327 0.4984073568311227
4328 0.6435462434804022
4334 0.3402964182877778
4337 0.38152012168988825
4338 0.3619414548297051
4339 0.5348549112571247
4341 0.4789501236709161
4342 0.6386880312452874
4343 0.5815793214474759
4347 0.6011732616488211
4349 0.6540844991324831
4351 0.767360329970696
4352 0.6440857095517617
4356 0.8484945559559772
4358 0.8311663213198016
4360 0.5548498898675628
4363 0.6699410260565241
4364 0.512859755525971
4367 0.5120765875375449
4370 0.6361827345636855
4372 0.8181916614774263
4376 0.7171607132626369
4378 0.5475028352440273
4380 0.4569422683049765
4382 0.5743811853142614
4383 0.44428159174069254
4386 0.5924125768462521
4387 0.6533526956011299
4388 0.47583732762917663
4389 0.5572189755513414
4390 0.4531635263365772
4391 0.5376759631237701
4396 0.4286989845831465
4398 0.4966662158474479
4399 0.5012225918277358
4401 0.5981388134664964
4410 0.7368053875791629
4411 0.8182640936476651
4416 0.6670305938887037
4419 0.5972504083154258
4424 0.6967231237163828
4425 0.6726030824563528
4427 0.7091168814139741
4428 0.6607290845432832
4430 0.5876419060944968
4432 0.6173107832388891
4435 0.5273937126445111
4436 0.7102719847425024
4440 0.7159275109688908
4446 0.6613447019420596
4447 0.6708959051346088
4450 0.8367596914295243
4451 0.9156723067855485
4454 0.670041792002323
4455 0.5661589878949704
4459 0.5848856971064867
4461 0.7234562659077061
4463 0.7177404440424667
4465 0.7097680791689787
4466 0.6007174846672606
4467 0.5158632764860026
4468 0.5778399976804471
4469 0.5619640250168644
4470 0.48439316509973657
4471 0.5091944354366509
4473 0.45353522435930566
4477 0.3421259098096739
4479 0.4811534722026224
4484 0.4039678078601891
4488 0.6042079649757583
4493 0.5742452551483412
4502 0.5526272589088622
4503 0.5083432805709883
4506 0.4932751954148021
4507 0.4311018095537129
4509 0.5814942573454817
4514 0.6469856266834771
4520 0.6092830275702816
4521 0.7520604581689622
4522 0.6524672910371692
4525 0.6090579681036798
4526 0.5520203845543091
4527 0.5143027382055674
4529 0.5002810268931819
4530 0.5471378563447052
4532 0.5633270301808202
4536 0.6271033957629775
4537 0.6842537693572683
4538 0.7370199168225602
4541 0.6155765998427893
4543 0.6020795444295399
4544 0.5666826105925766
4545 0.545304869927449
4547 0.688655845588273
4548 0.6953907566376835
4552 0.7031647679003672
4560 0.43436832325625907
4561 0.6148277698604507
4566 0.423747490539897
4567 0.43653421114328417
4571 0.48647391268644374
4577 0.5304778697170681
4579 0.6372586176960208
4581 0.760516099473151
4583 0.6836474293310224
4584 0.6994631854829526
4587 0.6753403779416373
4588 0.6462133408837081
4590 0.5830198555801127
4592 0.5455205870466407
4595 0.491803442544755
4596 0.388435632699926
4597 0.3876464459247833
4600 0.46646318023145567
4602 0.46941630285532226
4604 0.4553140017799606
4607 0.3674991960100466
4612 0.2931665087158223
4621 0.5739303218284613
4622 0.55300175990234
4625 0.42377626560355497
4626 0.5274097648706518
4627 0.6836882641027149
4628 0.586635002885968
4637 0.7865584264254063
4639 0.6643190420310707
4642 0.6918500877854944
4647 0.6742220708063549
4653 0.5804969613884374
4655 0.7135200602386392
4659 0.48202815916394554
4661 0.611842978630718
4667 0.39474746807458794
4669 0.4593665551635344
4671 0.3587753619661208
4674 0.4571840944431835
4679 0.5529930452582303
4682 0.5410252255159715
4683 0.4928217254202076
4685 0.401852165664731
4686 0.5339916252505056
4687 0.49795402022575086
4688 0.6469745335777994
4689 0.529079190321591
4691 0.3858107586736995
4694 0.4639712797838441
4698 0.5082426045249905
4701 0.3637590288463895
4706 0.4540265001190092
4707 0.34155193579397786
4709 0.33176658681712023
4716 0.47597085748101564
4718 0.4625521406023443
4719 0.4022198704103457
4720 0.5133746106440629
4722 0.35919526996382556
4724 0.3920653978111573
4729 0.13535076343999794
4730 0.15386853428333644
4732 0.16275221285213842
4736 0.1924168769243354
4737 0.1397695383792581
4746 0.3394508059745501
4747 0.25070749829060895
4750 0.19521403026143364
4755 0.2558022249054449
4756 0.2754514359880899
4760 0.22997527001854862
4761 0.18348862066680796
4763 0.17909626343501012
4766 0.34794907764792715
4767 0.44294366126447426
4772 0.2924982494785092
4776 0.2502602955289706
4777 0.26405414748353995
4779 0.24695710597891077
4781 0.23168765400658137
4783 0.3096819541643302
4788 0.2867604129174307
4790 0.18405227777768896
4793 0.3337922970579385
4794 0.24608888778590482
4795 0.31805787140410613
4796 0.30235164636331746
4797 0.2864650915263072
4799 0.37392819485843865
4800 0.31213870331309684
4802 0.3546680357368395
4803 0.3324552597500059
4805 0.29389620803972677
4810 0.2675374289595793
4812 0.22515716232275296
4815 0.43428950182597503
4817 0.5000309319037415
4819 0.39801915353254347
4821 0.4841916837937166
4824 0.49146582433433544
4825 0.48646011736624806
4830 0.2843067365605398
4832 0.42093693399450904
4836 0.6976919034711554
4840 0.7578200423897922
4841 0.7122906319935974
4844 0.4318047345403659
4851 0.518565472617514
4855 0.6293367486038481
4861 0.5442644058144834
4864 0.689121634580272
4865 0.6292873111150795
4866 0.6419928901586726
4868 0.5459706268137253
4869 0.5162236690738027
4870 0.6208059907620601
4876 0.5458569741363087
4878 0.5160174390043271
4879 0.2668602232548556
4881 0.285073515595124
4883 0.41291255636675817
4884 0.38538197353242887
4887 0.4417323339466896
4889 0.48982556118516224
4892 0.3983356295387879
4895 0.3944913613285936
4896 0.4732900772845988
4897 0.3856656981290583
4902 0.5372732418009233
4904 0.3503673393876285
4908 0.3932563263719511
4909 0.3835115446089395
4913 0.5143648494564854
4916 0.5255746831068513
4919 0.45622267151035495
4921 0.45549033169271946
4925 0.6831985244085377
4926 0.6153715804386605
4930 0.6200341854990319
4931 0.6758746521416015
4933 0.4642392911610389
4938 0.3965023127585944
4941 0.6389109029317657
4943 0.5796456512363899
4948 0.24396578621195142
4949 0.44935431710749185
4952 0.3437773566724967
4953 0.40745243162079264
4957 0.45759397885753034
4958 0.3585692260487755
4964 0.3325130887416747
4966 0.2633015625208027
4968 0.3029038971244532
4972 0.4264081221885121
4973 0.3436486798240836
4974 0.48771545382732895
4983 0.3051532587305473
4984 0.24505955332160123
4989 0.284386753298614
4991 0.3731267957835904
4992 0.42549762606972086
4998 0.4020293109778149
4999 0.40236107483964434
