0 0.24514209492460626
1 0.3887821434607202
3 0.411163524417903
4 0.3351917121874098
5 0.31871322245077854
6 0.3328970251204432
7 0.3049847956741211
8 0.39430294862028864
12 0.27612681210979445
13 0.3595066233676036
15 0.32178558454377565
16 0.3031060818060058
17 0.39826460180078516
19 0.15621028243342955
20 0.13047834395200464
22 0.3458309267541169
25 0.35061484418162636
26 0.40966702260900406
28 0.40265897759125485
29 0.5433793847755163
30 0.48191522374600926
34 0.1798454298278313
35 0.3295778671113849
37 0.3552433078410795
40 0.5564750666406012
41 0.4432545825185932
43 0.41717047435171706
45 0.5800877865418763
47 0.40406889741949875
49 0.3339694077869609
51 0.4671084295119275
53 0.5294441082626056
54 0.5002667830505982
56 0.4550654341855042
58 0.5804708266010851
60 0.4756667281742758
62 0.6503737778568864
64 0.45270851360642034
65 0.6554666852981185
66 0.7316290503161809
67 0.5569249820114884
70 0.6347760782746814
72 0.48813699342933836
73 0.49561973054913017
76 0.5713164125191492
78 0.5844159174135082
81 0.5033612472536754
84 0.4752156405054585
86 0.4536793031437339
87 0.47499808154029877
88 0.3143716125298798
90 0.5070591743861218
91 0.5218586490109075
92 0.42163733115617696
94 0.6398703036060178
95 0.5197281690414831
97 0.5955995591567693
101 0.4796644396318694
103 0.5827908038859625
104 0.27649964581493297
107 0.4592733756958859
108 0.4790448721696481
109 0.38479079194628923
110 0.6304309995772241
111 0.5423775945948284
113 0.5028498545372513
114 0.5149524087715496
115 0.573338924311016
116 0.48085045271756366
117 0.5397317510442149
118 0.4446060546017235
119 0.42199446116876616
124 0.44155785879997633
126 0.4801634956699576
127 0.3434428357039667
129 0.4695700743811987
130 0.49212688066540833
132 0.45839305145344367
133 0.32908109497414034
135 0.3535920966092635
136 0.26849228056355506
137 0.32239427289202677
138 0.25035386434425827
141 0.12213306667995627
142 0.20232312216957396
145 0.2623994441990479
146 0.3869578140544175
147 0.41172530484745873
149 0.4198489293028828
151 0.31629061895137955
152 0.31062799810409514
153 0.48064557496180993
155 0.5170844942342425
158 0.4635067506373111
160 0.3987334176121821
161 0.4392631205733568
163 0.5107966942174667
164 0.478231756329579
165 0.5087345344881352
166 0.6763672287964166
168 0.5918152863836971
170 0.5713796814040447
171 0.5918224012464156
172 0.5225115680339827
174 0.6435619334090451
176 0.39261406223163303
179 0.47197997956868093
180 0.6096302506967912
181 0.43283959368649166
182 0.3773794633996323
183 0.41215123014214283
184 0.41962668817257087
185 0.3426873301751832
187 0.40227587130135317
191 0.3992626647391381
199 0.4321084832823094
201 0.3725609269879036
203 0.5328155611475388
205 0.3804221733835918
208 0.4847226811879281
209 0.4279060217368026
210 0.49811365554464915
212 0.6857824176852665
213 0.6638378898751816
214 0.5925013054173114
216 0.6714712483634651
218 0.5224546321162231
219 0.7213956327172244
221 0.4936861594592643
222 0.6275262329893261
223 0.5459162859912
227 0.3925451238808792
229 0.5018908583197884
231 0.23311077249536358
233 0.4049408801255982
235 0.5123455968199245
237 0.5089191723030237
243 0.2229044355561069
244 0.322251739112597
245 0.27958360795026405
246 0.4154687695558524
247 0.3949340623707817
248 0.515708823196805
249 0.5329416944681215
250 0.3926554111502392
251 0.2370442106612878
252 0.3235044758703562
253 0.38692260589865307
254 0.557765295666474
256 0.461778898240568
257 0.4026051394303598
258 0.4106350444432443
259 0.5279119654015145
261 0.5026058578693415
262 0.4035926105323872
264 0.327752860054849
265 0.5543022927067965
266 0.5620368948987621
267 0.5261196414038937
269 0.47669991913438986
270 0.4549778726349459
274 0.48421137089220573
275 0.4924086492876066
276 0.5641996081912317
281 0.540626748344209
282 0.6456304097865471
283 0.4883239913825985
284 0.4734630089207559
287 0.6326625723246772
289 0.7508054051764199
290 0.6448443369112081
292 0.668903475042374
297 0.4677105466881567
299 0.5132733110213761
301 0.49368954753815425
303 0.4211106824540945
304 0.4376691450106631
305 0.4344123861093396
307 0.17787220618229244
308 0.3919657957055171
309 0.2566443581785146
311 0.19245422588285746
312 0.24240061448278408
313 0.1697439613807955
314 0.24324859479512898
315 0.26905920364543356
316 0.35429116514813686
317 0.2692535900148188
318 0.2327576276132309
319 0.3568821960749412
320 0.24832576023069644
321 0.34348298679402434
322 0.266895547911361
323 0.2783092491411223
324 0.4049737208305001
328 0.3824465393465143
329 0.3887816614359355
330 0.38868546633681317
331 0.5776738940168065
332 0.5223815029892008
333 0.5276000168427141
336 0.44962639905907986
338 0.43257712458949704
339 0.4382564957167767
340 0.4314086714133239
341 0.48625963243719983
344 0.5980988998872051
346 0.5500600286540686
347 0.507023690491767
350 0.6211946969318014
354 0.6209936266479977
355 0.5992776903148286
357 0.580727220421562
358 0.5699942126803852
359 0.3740024110982876
361 0.44834198273145665
362 0.47457622857370474
364 0.5503670231261332
365 0.4427961056905456
367 0.47731520755520845
370 0.503256775294172
371 0.5761077420529555
375 0.3946131530159902
377 0.3827913709071796
378 0.47279241856885973
381 0.6491502953867154
382 0.6036580603645847
383 0.698588982375901
384 0.6828452441071248
385 0.5844235988754379
387 0.6042806152422463
388 0.5390354928839015
389 0.7534974160695905
390 0.6662589820337256
391 0.6191707325713046
392 0.6388217159892482
393 0.658123677102362
395 0.5867086234019354
396 0.5103027166065911
397 0.3962735980424444
398 0.4235087980181162
401 0.5122374495816467
402 0.4545652722150686
403 0.4592169741531145
404 0.44511713241761947
406 0.6183980737214274
407 0.5054224497659213
413 0.4571078898655857
415 0.29755695197920073
417 0.3370648864717567
419 0.35738525074833977
420 0.4867320413385637
421 0.5270264878551991
422 0.768990132105293
423 0.7643023401240334
425 0.6511140266397507
426 0.5647944261868602
429 0.45113907458171953
433 0.5834281239189572
434 0.5077436694359013
435 0.3501961195425598
437 0.5486967131982906
442 0.4868807245314753
445 0.4529146938854312
447 0.4586683209641946
448 0.3958876486272478
451 0.48339207575265847
452 0.37914689612613744
453 0.27325283742516376
456 0.2551375633399256
460 0.5048513644826166
462 0.46032392517612697
463 0.6142860005774161
465 0.5109438301316807
467 0.6173209569709511
468 0.6505302837107004
469 0.6030659967724249
471 0.7481623856162799
474 0.7187525255097016
475 0.6191174176627923
476 0.6742372361767438
478 0.710822432139937
479 0.6999423274374259
480 0.7397339500118052
481 0.8193737699181185
483 0.6591394451328013
484 0.55685755139766
486 0.6392085297453709
487 0.5605029247941229
489 0.6490137497869306
490 0.7078585651160716
491 0.6863645435560065
492 0.6119093858681133
493 0.7389102920209644
498 0.6852936081406081
499 0.5697291616699633
500 0.372043943770372
502 0.5255976924145689
505 0.27877212923557726
506 0.3015042074350629
507 0.21796161860662958
508 0.21489661001518098
509 0.24680789997428867
511 0.4619200940411497
513 0.4487680801188338
514 0.4780720515992504
517 0.5408562822860964
519 0.6436898945073813
520 0.6559006124131265
522 0.6437235799766201
523 0.6545180327089928
524 0.5995378860520117
527 0.6536100712681929
528 0.7146676631107031
530 0.6289815457020657
531 0.595791247840501
532 0.6397895112066415
533 0.6181674562773897
534 0.6416445559910265
535 0.7878030591953854
537 0.6966572067559487
538 0.782295523095701
539 0.5829247523582735
541 0.7372919053067196
544 0.5554335017309353
545 0.6546106869026624
547 0.6354526766527206
551 0.7606020289585708
552 0.777111859641332
555 0.6813411727154309
556 0.6840425730053226
557 0.7683683331152039
559 0.8698399749365927
560 0.6774238857564228
562 0.7469122085385822
564 0.8075458118482037
565 0.7779150360480909
568 0.768076106823208
569 0.6187197297177349
570 0.6151513591491672
571 0.5650763023792734
572 0.7255439866532544
573 0.7836629621664494
574 0.7724038017764447
575 0.734729749591571
576 0.6647858905452527
578 0.7951236854364317
581 0.8757272674637979
582 0.9099046226095323
583 0.7393739615485998
584 0.7441067187323313
589 0.7332026509594464
590 0.7539051766446031
593 0.7628647069308885
595 0.8402024884224988
597 0.7472648032403615
599 0.6629959486746196
600 0.5875677111043934
606 0.6466338965036377
607 0.6452810495816436
608 0.6341551629958919
610 0.749860462866452
611 0.6773386003193982
612 0.5938881147672858
614 0.5705869432978614
615 0.5927563804036823
618 0.6409284391846778
620 0.6076087966609222
622 0.5863068305128536
623 0.7114971026905419
624 0.5617719503099072
626 0.613723411901443
627 0.5942783558373174
628 0.4026317508956667
629 0.5120593371442166
630 0.4556421149777893
632 0.7154623595446216
633 0.7492254579918084
634 0.7470887765813777
635 0.815880054733936
636 0.6938845833853406
638 0.6371335167001247
641 0.6501069579940607
643 0.8112849739218123
644 0.6698268882270603
647 0.8056009019932495
651 0.7864719589690847
652 0.5714134670656247
653 0.698193569672819
656 0.6956016270990525
657 0.5954643870069782
658 0.43701560148443147
659 0.3159133640984535
660 0.31026933372302645
661 0.47695349782327906
662 0.6378539039247166
663 0.5577732482694072
664 0.6258564819998444
668 0.5307692931514135
670 0.5421830401022883
671 0.6722731095182752
673 0.6896125646257284
675 0.49708241092745425
676 0.4881661782077653
679 0.5257508713170524
681 0.5972919290485476
684 0.6704076035551394
685 0.7230822040407128
686 0.5088957255897775
691 0.7828291826013498
692 0.7033653257707978
693 0.7422574643997462
699 0.5731931405783712
701 0.603617569435409
703 0.6300859021862558
704 0.6420422004223749
705 0.6175792470896103
706 0.6348047364869858
708 0.6872260387907163
711 0.6919013742575406
714 0.7847326446771243
715 0.6718299765985978
716 0.7326167035796014
717 0.7634537214333599
718 0.7595004024244694
719 0.8056052971975117
720 0.8107290695336332
721 0.8584152174001061
723 0.6809974011306489
724 0.8905935594211034
725 0.7828177615941557
727 0.9599468986029098
728 0.8634092960421033
729 0.7414163125624637
730 0.9002978795790996
731 0.8437233211570762
732 0.7886268589342563
739 0.7362620003184136
740 0.6434785472562617
741 0.7914274745385653
744 0.8101722347855371
745 0.7473834229835996
747 0.7084172369802805
748 0.8476260333362188
749 0.5629089188033408
750 0.6055322093811063
751 0.5895339709156708
752 0.6484642583646809
753 0.6494586010710606
755 0.5941975570470152
756 0.5064752895007779
757 0.47410701542761596
758 0.39931255187375597
759 0.476399367274742
761 0.43412192660862986
763 0.345940109575834
764 0.28105053964064536
765 0.3284160234942999
767 0.3677919901802744
768 0.38331370088613154
771 0.30678425530327164
772 0.3288522213596457
773 0.22077671017571934
774 0.26460829292991045
775 0.36029055665772225
776 0.45638074801459727
778 0.4381625283784269
779 0.5365843754512546
782 0.6756994595874014
783 0.6596807328987193
784 0.5611774160240112
788 0.5611480935617711
790 0.4776575148044262
791 0.624999983034125
794 0.2978848192341728
795 0.3010976834836596
796 0.3934120134797221
797 0.3658651336488717
798 0.4702229544252035
799 0.3618015918857311
801 0.4055519822867046
803 0.4160641842311096
805 0.6595175927608351
808 0.5501216427839145
809 0.7146522031823148
810 0.6923362617443314
812 0.5990221293357179
814 0.6878455847846817
819 0.7242833504923669
820 0.658940290293824
821 0.614988493582281
825 0.6138334105642302
826 0.6914737163911975
827 0.6376016576173814
829 0.47697829230146394
830 0.3915466292545769
832 0.6078266047779003
833 0.667615177858204
834 0.5384843496461019
835 0.4379669489731609
836 0.34030385503706023
837 0.3366831546291956
839 0.3618266835039032
840 0.4727033323670894
841 0.47854917695687266
843 0.4014099379952374
844 0.36808868373313225
846 0.41827727511059515
849 0.43416826938586417
850 0.49187192910322103
851 0.4622956796834551
854 0.42926900659307665
855 0.5599292412857697
857 0.6404569233331798
859 0.6502624305546192
861 0.7056258101085534
865 0.70160208912503
866 0.5927610058083744
867 0.5403833574877585
869 0.6063559661505268
870 0.6947174045097956
871 0.7022253249187641
872 0.6492724923928952
874 0.6618951054574781
876 0.620676081485414
877 0.580932921685641
880 0.6733183606392621
882 0.6259265807515187
883 0.5603263858010274
885 0.45677020155484216
886 0.5248207988025848
888 0.5295797452428198
890 0.5294684273313385
892 0.4787414008885161
893 0.4869395229276312
894 0.4710428222987228
895 0.507023944652785
896 0.48454125455949504
903 0.5991346176318486
904 0.6608754701387808
905 0.6306482709265215
907 0.7370360213534517
908 0.5861078111084268
909 0.5057379449800126
910 0.4634835730639688
912 0.5180773791188648
916 0.666701643865807
919 0.524727441649014
920 0.539751861636602
921 0.6743584864702701
922 0.7299607966664771
923 0.5333054997551846
927 0.5195384079034595
932 0.5791264370958759
933 0.6577047797174603
935 0.5440177366958417
936 0.6022051585910055
937 0.5690310044960195
938 0.6538506518982607
939 0.5871990304160408
944 0.656924151006284
945 0.6909868166121638
947 0.6779708269572873
948 0.6204173949002932
950 0.7764751508608407
952 0.5661481019184527
953 0.6459180297848175
956 0.6407977498637233
958 0.4507710887441659
959 0.5903760568722607
960 0.6630282285153805
961 0.6913027950535175
962 0.8062745794923591
963 0.7383990645342551
964 0.6549885026647777
965 0.5937236673819408
967 0.4471865838153993
968 0.3517865454025813
971 0.4762462913685843
973 0.4748976345557098
974 0.46324087639543104
975 0.498133069814692
976 0.49858329516458166
978 0.5768263494994003
980 0.4932194049883731
983 0.5877366828802792
984 0.7193449846874067
985 0.732176925978129
988 0.5850844204063804
990 0.8504623517567027
992 0.7148485528066157
997 0.6090337894574434
999 0.6228723726447177
1000 0.5656214043858261
1001 0.504578553008956
1002 0.3816024991055966
1005 0.5458633668640896
1006 0.43387956827223617
1008 0.4857835318587148
1010 0.6117781437401211
1011 0.6723694758877733
1012 0.7064154541757232
1014 0.5608044343544261
1015 0.6106099547638633
1016 0.7565003958285745
1018 0.600747617862194
1019 0.7168934816339929
1021 0.878430587110792
1022 0.8503845512445002
1024 0.7276605756386716
1029 0.887851750754988
1030 0.6468770807882334
1031 0.560714346640028
1032 0.6444716995299813
1033 0.6199333156871355
1035 0.6496980375925004
1036 0.5369203688760064
1038 0.6240274627834804
1039 0.5931924362892741
1041 0.6874975078133103
1042 0.6145598542813496
1045 0.6791356276809926
1048 0.7151316099536175
1052 0.4338964741492753
1053 0.4251234993137255
1056 0.7022791732492304
1058 0.7744881781061136
1060 0.7554408692914638
1061 0.8090366406139752
1063 0.7289174889489849
1065 0.6351158926908175
1068 0.6599094643938794
1071 0.6013333483034293
1072 0.8550612453752221
1075 0.5240243017055946
1077 0.6063501029823616
1078 0.5906029903109914
1079 0.5422306561690502
1081 0.6353854885373831
1082 0.5741728072268147
1083 0.7695292026087716
1085 0.6876802342184336
1087 0.7071131405681587
1093 0.929779060907109
1095 0.7639812547900212
1096 0.7735223955324633
1100 0.5662021363621887
1103 0.673644175570156
1104 0.8088961885551231
1107 0.7737511009531478
1109 0.5341614019040162
1110 0.48638383880126573
1111 0.4625472110948381
1112 0.5189191797802138
1114 0.41035092026267567
1116 0.6517391611001699
1117 0.5884398832109886
1118 0.5827317520471398
1119 0.6085941129416134
1120 0.6707822811369025
1123 0.6484520569972309
1125 0.6595884207446882
1126 0.5865481054828219
1128 0.8074230829455582
1129 0.737199335032639
1131 0.5460841624421476
1133 0.48342674172701716
1134 0.4545814138980562
1135 0.460722350816336
1136 0.47257572068714154
1137 0.5151302519280662
1139 0.682177043375806
1140 0.7458432147450474
1143 0.5547093167763166
1145 0.595176516313553
1148 0.5957620577626009
1149 0.5153667837865957
1150 0.5757148897389277
1152 0.5823634911423118
1153 0.6788165752236187
1154 0.6675107114640622
1155 0.7782122367056042
1156 0.7633213211194385
1157 0.8343998000689273
1158 0.7165972080972771
1161 0.6529458366485691
1164 0.7657096756526951
1166 0.736281427536775
1167 0.5631687668101673
1169 0.6656105730702573
1171 0.7599720967621922
1172 0.7079434424910962
1176 0.7604339686953573
1177 0.6793361943679707
1180 0.7529337282139996
1181 0.7618853621597158
1186 0.8596406469123576
1187 0.8286111504250522
1190 0.6460199796731274
1191 0.7667312493409195
1194 0.7603238577141959
1197 0.5806348118839543
1199 0.5483147377267164
1200 0.4498321426504062
1203 0.7504448331045466
1205 0.714920529031356
1206 0.6910175306373848
1209 0.5124457519658486
1210 0.4758813218133327
1211 0.49482809762437985
1215 0.3960411911258264
1216 0.3855877332070919
1218 0.4346877624354953
1220 0.49701098922963666
1221 0.4381085745540939
1222 0.382611102622587
1226 0.394780021874844
1228 0.4683163401218338
1231 0.4163492741752105
1232 0.327936425797823
1233 0.6000657512603467
1234 0.5169113324315865
1235 0.5010406182693806
1236 0.34635450201619317
1238 0.3461384394030042
1239 0.5009041906978348
1240 0.42038155628873397
1241 0.30223369676660716
1242 0.45368080735298033
1244 0.5361020932695725
1246 0.4782856094264684
1247 0.44253848484660435
1249 0.5978547065971493
1252 0.4994336221896271
1253 0.6096660097203397
1254 0.4047215996463301
1257 0.4344189755034156
1260 0.41827282338705646
1262 0.5300878731439385
1264 0.45841167886336964
1265 0.42298116063227675
1266 0.42888982329318537
1267 0.4884486729524645
1269 0.5857721359178325
1270 0.5071039037836825
1271 0.33072879912324193
1275 0.42884323183293876
1276 0.5979647660324723
1278 0.40844286258870915
1281 0.40068624998858055
1283 0.38688994511120606
1286 0.6025391783078277
1287 0.5059307574684633
1291 0.385990952442218
1295 0.541091894408786
1296 0.482652969560362
1297 0.41652664355125024
1298 0.44098943862348416
1299 0.3072156451934187
1300 0.37727196807568825
1303 0.6507755370711906
1304 0.552143986716702
1307 0.39859827338592885
1309 0.3823133767413188
1311 0.41852400016332264
1312 0.41024628789309436
1313 0.33436439736459006
1318 0.4458313562387462
1320 0.3981180880273
1321 0.4417445654496864
1326 0.5926425518063188
1327 0.5071530468883825
1328 0.49402448366159996
1330 0.5751618751707818
1333 0.5866536021897556
1334 0.6779258240100546
1335 0.5665764933091668
1337 0.5870632151613897
1338 0.5914686109300042
1340 0.5849829076148945
1341 0.5866445663197601
1343 0.5325580719366421
1344 0.4828539283975013
1345 0.43339375002989555
1346 0.4771260626965223
1347 0.47088150699085274
1350 0.6584558962956156
1354 0.5320964339773262
1356 0.49318239166276817
1358 0.5820535912346274
1359 0.7196125348518817
1361 0.5374743385989091
1362 0.4424040977299477
1363 0.5285032965598546
1364 0.5562558729072703
1365 0.39539936587701574
1366 0.5395777729403525
1368 0.6055250208943525
1369 0.5678354049487482
1371 0.49274039943265385
1374 0.26425380030208684
1375 0.5652899900076457
1376 0.6114641080835572
1377 0.4842453817193032
1378 0.5215515372061519
1379 0.4537782538936368
1381 0.39715679755045136
1383 0.5146193857447454
1385 0.5528815357218215
1386 0.4477471566452078
1389 0.4814818429536562
1390 0.5104369029508578
1392 0.33807743155067116
1393 0.3058023161147823
1395 0.2941939356928046
1396 0.3528235090114131
1398 0.3603392578815365
1405 0.4261319487534209
1406 0.37584638114950003
1408 0.47515706871267516
1409 0.420476679250856
1412 0.395652199418992
1415 0.5474784519516741
1417 0.43020235610710544
1420 0.5125817705193662
1422 0.6134321658003254
1424 0.6045924775567932
1425 0.4779059992542202
1427 0.3198929021330509
1428 0.44593478505848183
1432 0.3433716406428368
1433 0.24249893662793245
1434 0.3351526546241372
1437 0.46286966121248163
1439 0.3797472657288053
1440 0.26672074266814816
1441 0.44844397892140553
1444 0.37577316938674316
1445 0.3582488223644205
1446 0.34933659464632427
1449 0.33909173222615013
1454 0.3697521512378622
1455 0.28253030102958315
1456 0.3892825354627033
1457 0.3788469015354974
1459 0.3282125005155965
1462 0.2099395189884905
1464 0.3306148153433188
1465 0.28107978209532325
1467 0.5732008183627686
1468 0.4258402800056849
1469 0.5107460527748666
1471 0.42427698792768426
1472 0.3086862550489132
1474 0.48982206321046323
1478 0.45659003651053265
1479 0.809080716775847
1480 0.5508583432775326
1481 0.6542734644730368
1482 0.6206321552248456
1483 0.6712061815268864
1484 0.472693417398599
1485 0.5236062250907141
1486 0.5900769326400317
1487 0.5720532390050039
1488 0.7177320775963874
1490 0.6151960129619883
1491 0.7168781087394934
1494 0.6429605375335388
1497 0.7420116436732495
1499 0.6856229548224361
1500 0.5836800299181352
1501 0.6032687227586334
1502 0.6652291289420086
1503 0.5685087436773046
1504 0.7307827690105823
1507 0.6460037244747984
1508 0.725155798824316
1510 0.7852336651795387
1515 0.5528838903492331
1516 0.6962159127384105
1518 0.5606865197452223
1520 0.7511646578475449
1521 0.6711449373353142
1522 0.7050153058483621
1523 0.6686341239474073
1524 0.5860245114946819
1529 0.6028118582885825
1530 0.6430388266009758
1531 0.7059860501610892
1532 0.7402816066299943
1533 0.7666496480439811
1534 0.6629145256697612
1535 0.5976447539785005
1536 0.5961035560500391
1537 0.6124394705042172
1538 0.4095712131521854
1541 0.4353927864604877
1543 0.43405663356054536
1545 0.4980582160436322
1547 0.3222201673958643
1548 0.41287268233961033
1550 0.5210326272604447
1551 0.5915938784866609
1554 0.4624808507938216
1555 0.5402753093187654
1560 0.7347965679880167
1561 0.6153246834016091
1562 0.49587735241342124
1563 0.4874157475161417
1564 0.4592906025288268
1565 0.5234984674208755
1566 0.5805319175576684
1567 0.6737538365843894
1568 0.7283902922409844
1569 0.632112603118745
1572 0.7800551383562586
1573 0.6483929041279718
1574 0.6796082602998054
1577 0.4253660177057355
1578 0.6251838042292724
1579 0.6380132681315043
1585 0.6144991518870837
1587 0.3832511910787682
1592 0.35841225256396475
1593 0.37909680911130356
1594 0.43519136075011816
1596 0.48225276474263046
1597 0.6257312661951309
1598 0.6500163025430731
1599 0.5569717568339286
1602 0.45834346122780745
1604 0.2352090877359357
1608 0.5354715371224964
1609 0.5091692980470152
1611 0.2676253637786435
1612 0.2864627694800927
1614 0.5313624507961593
1615 0.41147408401466573
1616 0.3451625089426716
1619 0.2803395471642198
1621 0.43091902719482267
1623 0.37758417557299995
1625 0.3418810427686831
1626 0.36251262012772134
1627 0.4394669613957408
1630 0.5003241493783823
1631 0.44702200729640273
1633 0.5414737173071112
1634 0.4628963136304769
1636 0.3687844866790824
1637 0.31080792924937145
1638 0.4580792630384464
1641 0.37565107393400593
1642 0.38060666061762594
1644 0.3473977339496597
1645 0.30899494822429185
1648 0.508359937771036
1650 0.32049486628648827
1651 0.3390923997899155
1652 0.3416623769524786
1653 0.43022335935724243
1654 0.6749614990998251
1656 0.5539109638923343
1658 0.5201145886026166
1660 0.36488852585500425
1661 0.33389181585243055
1662 0.4544305052638886
1664 0.6738320859544916
1665 0.5675998380615467
1666 0.6371519191885578
1667 0.6888861183579909
1668 0.7216508371738118
1669 0.5142962870735527
1672 0.5360033360500771
1673 0.5201994062809703
1674 0.6639202374812029
1675 0.6525304410582636
1676 0.5695242349807704
1677 0.48750631627766955
1678 0.6326959389993873
1680 0.6133468851405619
1682 0.74415259799761
1683 0.6615947931381745
1687 0.5038756168022998
1688 0.3970245980446468
1689 0.4430385325799543
1692 0.4525868325812755
1694 0.559263551004006
1695 0.6478962855724658
1696 0.6396288811659694
1698 0.551060765945665
1699 0.479779015202469
1700 0.5886962987238169
1701 0.4986227281510921
1703 0.6330360174057484
1704 0.7357606578975213
1705 0.6458573679286246
1707 0.5410637732687346
1709 0.4662767652912959
1710 0.4398551983134698
1713 0.5827170704724517
1714 0.5319651404758574
1715 0.3948680635819189
1716 0.5247760466992466
1719 0.4850393461067962
1723 0.4914572751654275
1727 0.8473294611764505
1728 0.7131197496060006
1729 0.6905709405316458
1731 0.7701706496825249
1732 0.5801441250711635
1733 0.5649619726320412
1734 0.4710529494405742
1737 0.4876419001706867
1739 0.6807504642063401
1742 0.6882102419681112
1743 0.5320917636311884
1744 0.6348464321330296
1746 0.6954187475227145
1747 0.6243698074958667
1748 0.5953206056396162
1749 0.6182830754604646
1750 0.6422254062826902
1752 0.47698715779927975
1754 0.5757884181972142
1756 0.5586366444453243
1759 0.7585014812093244
1760 0.5833001125696771
1761 0.6025953253766904
1762 0.7876676716496231
1763 0.8890555039605013
1764 0.6953450727331612
1765 0.7808102228598988
1769 0.8894691055495927
1772 0.8695903876591892
1773 0.6942340015314796
1774 0.6398061240966563
1776 0.7220899343846301
1780 0.8712894156848916
1781 0.8025540831767807
1782 0.7889700332574079
1783 0.8013684154432339
1785 0.7546568305259306
1786 0.824374197781664
1787 0.8235209349068155
1790 0.643014936868694
1792 0.7419872196293111
1793 0.7354777256223346
1794 0.6309652917990819
1799 0.5806290593719157
1802 0.5109259846792314
1803 0.5394780305806878
1804 0.5263102776508235
1806 0.58551841820481
1807 0.5648710205611456
1808 0.5994569069793249
1810 0.6165489293544502
1814 0.5223104780192372
1815 0.49964629936805166
1816 0.6198588508992163
1820 0.4765324105940832
1822 0.49128064068136673
1823 0.61886914881971
1826 0.6247067266559642
1828 0.8973096375981515
1829 0.7581641831938045
1830 0.6282004445620485
1831 0.5506320041449833
1832 0.44228649561417505
1833 0.4331082436565879
1834 0.4400545480800378
1841 0.41241528452390486
1842 0.3983000353997414
1843 0.45501411109147966
1844 0.573356049515958
1846 0.5805452542514302
1847 0.5153082837645185
1849 0.45138287063661836
1850 0.4763472608749039
1851 0.5641256717570368
1852 0.5926365698297736
1853 0.5071203782559051
1855 0.4239349357453624
1857 0.4369151046568999
1858 0.42303934657099396
1859 0.5566279980654948
1860 0.5915651686945919
1861 0.7370340592075116
1863 0.5433124317011071
1865 0.5898184657087501
1867 0.4850878540231679
1868 0.6446985665393693
1869 0.5246910696701214
1875 0.5826930676686595
1876 0.5727210140961776
1879 0.44992192481169957
1880 0.2664739200495875
1881 0.46966319159939834
1882 0.39413767147710316
1883 0.39291603866083746
1886 0.39074369265911246
1887 0.4001247442071424
1888 0.3794683309265135
1889 0.39362827540205786
1891 0.3507498820384171
1894 0.3560499370418629
1897 0.3833673081346085
1898 0.3558880908248733
1903 0.44418690770417696
1904 0.4359467923899959
1906 0.30706842821917024
1907 0.44642093910165925
1908 0.42628302646730953
1909 0.4447648633229164
1910 0.5233391644172815
1911 0.4777323369968197
1912 0.519631821261486
1913 0.4707319579109543
1915 0.43682091595399597
1916 0.4802337582050806
1917 0.5771776287177991
1920 0.6466305014304854
1923 0.5090404408803851
1924 0.5212742057309786
1925 0.5925093050274567
1926 0.6379837133691186
1928 0.5561788381066441
1932 0.5607794583476127
1933 0.5480599302209475
1934 0.6391961165517639
1935 0.470246849933139
1936 0.43702230526603403
1937 0.47033832421638827
1938 0.6219731089207563
1939 0.6209001197851751
1940 0.673783903904545
1943 0.5918457254512268
1944 0.5578966141218914
1946 0.5738350469278527
1947 0.5607359306076805
1948 0.6383362262587202
1949 0.5238736284137919
1951 0.5656757434854308
1952 0.6603437677161672
1953 0.6567339449948928
1956 0.737437895034731
1957 0.5662672676461518
1960 0.59930116866661
1964 0.596068710948804
1965 0.7972140820759791
1966 0.7364011408717176
1967 0.6303611303337631
1972 0.5098309927171026
1976 0.6648681588709093
1977 0.7374834425425292
1979 0.6487580038766818
1980 0.4803470577467421
1981 0.5109382725581149
1983 0.6904214813586569
1987 0.5333895058620474
1988 0.47942672239455547
1990 0.4542185081492976
1994 0.432153617167055
1995 0.4775234407665852
1997 0.6068825620904866
1998 0.45320133932517964
1999 0.6351623996605983
2002 0.7723705655255001
2003 0.6784556629116361
2009 0.5718752285786286
2010 0.4117549748405081
2012 0.4038462385915251
2013 0.5175547460755593
2016 0.5963760631862065
2017 0.6050166738971903
2018 0.546411233385189
2020 0.5332581097977007
2021 0.691798743229801
2024 0.30469878950990703
2025 0.4637504587286424
2028 0.6756639461459666
2029 0.7229656350694457
2032 0.6651133433390451
2033 0.6279325049600675
2034 0.5915481057382368
2035 0.6402459057961755
2036 0.7699143377484362
2039 0.6788808185378531
2040 0.5530918379346983
2041 0.6539089520075281
2042 0.6013839377814711
2043 0.7704317482720295
2044 0.7735220589296179
2047 0.7295698035677878
2048 0.8323173450232569
2049 0.8064355125045682
2050 0.7957262950863336
2051 0.7155173632113563
2052 0.5265390145950469
2053 0.5987303443756421
2054 0.4607121497040313
2056 0.5705475500904627
2058 0.5832682377241291
2061 0.6145268226926605
2062 0.6493315500607946
2063 0.6210159365481891
2064 0.6682893832494469
2065 0.6132452986070359
2067 0.6775579657736689
2068 0.7390628644986645
2069 0.6230473688347354
2070 0.5454175825642751
2071 0.6851962870244207
2073 0.66708623961489
2074 0.7543985939968747
2075 0.7657818009238951
2078 0.8867341571897056
2079 0.857740188547098
2084 0.5681470788509823
2086 0.5837907920329227
2089 0.6907911359785318
2090 0.7863656700720543
2091 0.7050332518834136
2092 0.6559562230170245
2093 0.7217691914014076
2094 0.7697957159650455
2096 0.6896068375211978
2098 0.7274317955460062
2099 0.5787258590234405
2100 0.7173562609170437
2101 0.747882752802791
2107 0.7514023537624924
2110 0.5428318557971582
2111 0.6695982240348407
2112 0.6112949118753267
2113 0.7105896286882792
2114 0.5109889523404957
2118 0.6846164448196758
2122 0.7693958221055587
2124 0.7952655750537958
2126 0.6865962258605564
2127 0.6139233203510422
2128 0.6367754808168
2130 0.6115741292292617
2132 0.49140046022286177
2134 0.7212516382813638
2136 0.8663053349907646
2137 0.8374714181825879
2141 0.6200612337751342
2146 0.7033936411429795
2147 0.6326573524297004
2148 0.5936581029380977
2149 0.49055011913593827
2151 0.5278694278637367
2152 0.5067584414479284
2153 0.32238320551411953
2154 0.34627145229977613
2155 0.432411778591885
2156 0.43687376043257503
2157 0.4064168531752417
2159 0.5276106803543492
2161 0.5291044796946958
2165 0.6384598310181107
2167 0.5814501439664477
2169 0.6705353378628164
2171 0.566921317969858
2172 0.44427390997832755
2173 0.5137053992179996
2176 0.5625351700154649
2177 0.6435411893613249
2179 0.4982429546854581
2180 0.5974691878543765
2181 0.6415423137534602
2183 0.5544672812056163
2185 0.5530705249993156
2186 0.534868576455345
2188 0.547521574363965
2189 0.5884807965266203
2192 0.6477108683277037
2193 0.5904112898257455
2195 0.5485846866130594
2196 0.5097253305010574
2200 0.4338508527328549
2202 0.5898269705774183
2204 0.4836228179854532
2205 0.4650508249575574
2207 0.5051685503283099
2208 0.366694962438049
2209 0.3116491551390297
2211 0.44015901874572244
2213 0.4360298125747131
2215 0.40308065092734324
2218 0.5261506869822501
2219 0.548364093209419
2221 0.561135216861761
2222 0.5331939571781543
2224 0.2987052161315311
2225 0.44012711881254674
2228 0.2468113278649077
2230 0.2669293217537069
2231 0.42710914286110147
2232 0.2662810365539476
2235 0.3503029261987879
2236 0.5831914956539157
2238 0.4821113690034484
2245 0.5238726016931827
2248 0.5852426927174172
2249 0.45541351110304606
2250 0.5096386735510456
2251 0.38746167226260275
2252 0.2999115339116115
2253 0.3598641834247232
2254 0.5383327611517646
2255 0.6588721360501643
2256 0.6743773299750516
2257 0.43230412936769513
2258 0.5393530590247223
2259 0.6132824486761321
2261 0.6056413906146499
2262 0.6515220391484056
2264 0.4299788674256928
2265 0.45992466983981467
2268 0.4285295392812534
2271 0.5169270770613426
2273 0.4252566983238166
2276 0.3990861301023628
2277 0.4292738130067612
2278 0.5321609752882092
2279 0.43484437450842794
2280 0.4095518988383918
2281 0.5040094501506556
2282 0.6685437905806855
2283 0.5558821116002282
2285 0.41230736390536277
2286 0.5531606718616796
2287 0.4414144955723068
2289 0.3571036580686103
2290 0.4233209883527803
2291 0.5149955966008726
2292 0.4379657338949841
2293 0.5187023168588011
2296 0.3988518693695314
2301 0.47481715876913394
2303 0.424309486465361
2305 0.5761543050653959
2306 0.5247921790101874
2308 0.41636146681471425
2309 0.42342192783989385
2310 0.3677845841042944
2311 0.3671379213597929
2312 0.22159343633676773
2313 0.3980897025278071
2314 0.3529875860337103
2317 0.5128245695891719
2318 0.3608675453697966
2319 0.36932977507302667
2321 0.5143362472432946
2322 0.3848250615299617
2323 0.4460041919466586
2324 0.33059527347776113
2325 0.21059211727173996
2326 0.2932953787531644
2328 0.27588343121511916
2329 0.36711992481335426
2333 0.283512402647436
2334 0.30955877454394115
2337 0.2619894181458959
2339 0.23687689749452726
2342 0.23272986390209294
2344 0.3568698857188738
2345 0.4524763497107451
2347 0.4031969205539422
2348 0.49091982899499786
2350 0.33134191415377456
2352 0.601362120611042
2354 0.49718476611491874
2355 0.4852525581535226
2356 0.45217688085459545
2358 0.44413542127964334
2359 0.5593906896068708
2361 0.5003750398122592
2363 0.6702527703038167
2364 0.675596805208625
2366 0.6421580588627
2367 0.5667390978199321
2368 0.42980724626939804
2369 0.48731428667971194
2371 0.5887222958782926
2378 0.49585415053639736
2380 0.6325768349376606
2384 0.56333752036704
2385 0.6248136462366202
2387 0.4917681551373823
2390 0.4705552032256931
2391 0.6474353289500684
2393 0.6132455415867062
2394 0.5879210297356008
2395 0.44806567153860793
2396 0.5217422870490451
2397 0.43665560641119394
2404 0.547707039394388
2406 0.6476463368099152
2407 0.5213243772722476
2408 0.5341667146165348
2409 0.5610380589130575
2410 0.5638250862314801
2411 0.5647353433820662
2415 0.6558500943281751
2416 0.6980629412419495
2417 0.8029230300999496
2419 0.7810478275539274
2420 0.6226889514015674
2421 0.6788861995243614
2427 0.5718492061633349
2428 0.47126103340730124
2430 0.548345834044552
2431 0.4489408727334104
2432 0.5303018669351163
2433 0.5080107213419479
2434 0.5780618544113603
2436 0.4834512675956246
2439 0.25725960029177847
2444 0.32878261702304207
2445 0.19650793653944032
2446 0.274047177246443
2447 0.32378682239794976
2448 0.4676790432677755
2449 0.46260937113589584
2450 0.4150137406724455
2451 0.399668169099585
2452 0.3683044986799499
2454 0.41556884243078224
2455 0.41045732664666157
2456 0.36684680597673797
2457 0.3413805819742411
2460 0.3579953736687831
2462 0.46959002281749757
2464 0.5146036024832905
2465 0.5728667551931933
2466 0.39003020649116055
2467 0.380697036672656
2468 0.304691465134474
2469 0.2872106131728562
2470 0.39370738267256056
2472 0.41976598203242693
2473 0.3747998476352764
2474 0.3987907565255842
2477 0.44798139980767365
2478 0.37182966495444897
2479 0.5736840931490081
2480 0.673225981247684
2482 0.5181615096070432
2484 0.6130689975941834
2485 0.43660241597774196
2486 0.4543302274058754
2487 0.5823726313177686
2488 0.4672637435772239
2489 0.3176116350146133
2493 0.4374313979303021
2496 0.3323635390991462
2497 0.5613731875252342
2499 0.5776833050344353
2500 0.48135007485898834
2502 0.7611026107861899
2503 0.6708787586451643
2504 0.5414581282609833
2506 0.7402120704874935
2507 0.5698428936507626
2508 0.6103500904537504
2509 0.8037984886536272
2510 0.716523793284947
2512 0.6590326340529471
2514 0.6265373747451213
2515 0.6065931708531547
2517 0.46152674694437845
2519 0.49702689842122855
2521 0.3939350709089096
2525 0.5497984715999322
2528 0.6051586337503697
2529 0.5839479985223179
2531 0.543561806876166
2536 0.39039856537916473
2538 0.5723687721817157
2541 0.5389606510005147
2545 0.46916927006414877
2546 0.5157739807653263
2549 0.585318870742297
2550 0.606535484174412
2551 0.6958211294517435
2552 0.601822379832209
2553 0.6954933459882034
2554 0.5625855058752468
2556 0.4436519278403646
2557 0.3830022845956521
2558 0.40248546742359714
2559 0.4914122386725414
2560 0.42630892099676215
2562 0.44889417859141095
2565 0.5329395999412889
2566 0.42458738297268783
2569 0.6450476751896643
2570 0.6906147845374347
2571 0.6536028570880377
2572 0.7296682984195267
2574 0.5317421268508392
2576 0.5897816132809635
2578 0.4386830261274311
2579 0.49826886863014835
2580 0.43059908546224723
2581 0.5611466005211752
2582 0.6861274013414359
2583 0.515348734359783
2584 0.48771572324664
2586 0.41818045207422855
2587 0.35737871574100716
2590 0.4589412535018558
2591 0.4654656092002824
2592 0.48715357383844626
2593 0.49827522511642275
2595 0.6162863366754026
2599 0.5289554859969372
2601 0.46150241291814825
2602 0.39177846562104773
2605 0.46718068942623137
2606 0.7353683372730873
2607 0.5597835848142253
2610 0.7743621873225653
2611 0.6840581689083121
2612 0.7006961579111243
2613 0.759730684280313
2615 0.6800633517787004
2616 0.5292048839608084
2617 0.5188890801058226
2621 0.5086177920789052
2623 0.44767308485187074
2624 0.5471805413259848
2625 0.4559115902688969
2626 0.5357436952941944
2627 0.5971318493898844
2628 0.5091331309811996
2629 0.5515229372488332
2631 0.4643707907822568
2632 0.488042094487833
2633 0.4820441566563123
2634 0.5131221031143606
2635 0.3577508558649968
2636 0.41717795514069933
2638 0.42912093389981215
2639 0.50333326107487
2640 0.43014323274678934
2644 0.4148638064043655
2645 0.4302405873874412
2648 0.46155155786891783
2650 0.26425307751949473
2651 0.34927044134560986
2652 0.3473060151093948
2653 0.43530429527507203
2655 0.42714837128271627
2658 0.23717606941014097
2659 0.4857562525649282
2660 0.6061520896647188
2663 0.4569726001490946
2665 0.5671316855111921
2666 0.4877780426234957
2669 0.6565195558391139
2671 0.5428050902341902
2672 0.446382349624564
2675 0.4575295231890286
2676 0.5539874701444262
2678 0.5177285535138617
2679 0.5330644662481898
2680 0.5398429816651891
2682 0.5148630895392011
2683 0.6340729584656527
2686 0.5948481355527163
2687 0.628777690192566
2688 0.48714101107005164
2691 0.49156547340422974
2692 0.5867743083574563
2695 0.46251692001874134
2697 0.5595401305582505
2699 0.32491427784533206
2702 0.4869863612567205
2704 0.3458427458851069
2705 0.19024869656292767
2706 0.3889880877411273
2707 0.28642490494981676
2708 0.3235352735532323
2709 0.35567301965253556
2711 0.34214585396081515
2712 0.37307355221178756
2715 0.2421090255131289
2717 0.4928313222312053
2718 0.37870627777009913
2719 0.3857764684148519
2720 0.4167212575989559
2721 0.30372492332599765
2723 0.3436184789965517
2725 0.38578280723873143
2728 0.37486638329841376
2729 0.48465386985375664
2730 0.38220306902323353
2731 0.2676057094881584
2735 0.5342114955134273
2736 0.5107751167693302
2737 0.7660613494357024
2738 0.6539095736695034
2739 0.560612310676714
2740 0.511771491722848
2741 0.7265551564833712
2742 0.5677985627238892
2743 0.5983233181143149
2745 0.698887474530449
2746 0.7666954987763875
2748 0.6762956630880647
2749 0.6145259003259242
2750 0.7208345220434627
2751 0.7012211379049521
2753 0.5323354179889122
2755 0.6894258535179767
2756 0.6720790508911827
2757 0.6127332629931684
2758 0.5357851679386753
2759 0.5474014950911928
2761 0.6118112284278909
2763 0.6002399650104353
2764 0.5191713757595157
2766 0.5607732074678345
2767 0.5836357438253682
2769 0.392954457896252
2770 0.37464304495532447
2771 0.5435091740547469
2773 0.5203836173052451
2774 0.37964864108570895
2775 0.6324818536125969
2777 0.5537049682852052
2779 0.48641731831575585
2780 0.5368034572480144
2781 0.5278090798112999
2782 0.3846975099531441
2783 0.39678808997297593
2784 0.2783789841893559
2786 0.49169846811030427
2787 0.5500044657355836
2788 0.34192671898403026
2791 0.3995026154733904
2795 0.43654076463183633
2798 0.38026443285864525
2801 0.42323487437512997
2802 0.28832239253936787
2804 0.3376127322441318
2805 0.19591908834093918
2806 0.3174564359196982
2807 0.23010134406574806
2808 0.3010156624693655
2810 0.3715947494770208
2811 0.42234507099790003
2813 0.4525386557688398
2814 0.4347292013411124
2816 0.2941793793683498
2817 0.2925594261315064
2818 0.20647289339985356
2820 0.33351128788457474
2821 0.39802433298434675
2822 0.4048869520014313
2823 0.6114444536513346
2824 0.4874509305896267
2825 0.4643091830078631
2826 0.45824337523608893
2827 0.41292662792206397
2828 0.4787040212570964
2830 0.45994269129592896
2831 0.4844202378966353
2832 0.417083013154715
2834 0.506500555417387
2836 0.3524183189616663
2838 0.395888296596709
2839 0.4397585389448119
2845 0.7539874056522731
2847 0.5179421679285766
2849 0.6305252972565678
2850 0.5905553344006456
2851 0.562264195686162
2855 0.4992764231503515
2857 0.49164586907673163
2858 0.551820788973481
2859 0.5063777569898099
2861 0.5437889725982632
2863 0.5931648238069278
2865 0.4570835112624607
2866 0.5274223549328225
2867 0.5947791342555304
2869 0.5172927293120501
2870 0.6117152568538279
2874 0.5160582257724643
2875 0.528716433344975
2876 0.49795851596669355
2877 0.49636435151954933
2878 0.47630822558664193
2879 0.5020814677980016
2880 0.489339653859835
2881 0.3592634315283922
2883 0.46605469020837254
2884 0.42360590807407006
2885 0.40182904072452413
2887 0.4371231397923336
2889 0.5585574068914312
2890 0.522204382567601
2891 0.5227221607666515
2892 0.5578192080044987
2894 0.40013469857640155
2895 0.38898982071385285
2896 0.4156553870659664
2900 0.6361820770699158
2902 0.5144104589004033
2904 0.4554496782389603
2905 0.5168209103446243
2906 0.4915704602473067
2908 0.3649274323508313
2909 0.6919433090376812
2911 0.44122497931561194
2912 0.5333522837162241
2913 0.38460998749095315
2914 0.4273115689958219
2916 0.4243727899265427
2917 0.5011293602023121
2918 0.41023239948302986
2919 0.3755581981679595
2920 0.5643732381023691
2921 0.5765705080832011
2922 0.5869752576786681
2923 0.4784866583701885
2924 0.4720175912951352
2926 0.5447518635314348
2927 0.5095885622177033
2929 0.6423797806019738
2931 0.4378340523817356
2933 0.5486434539668442
2934 0.5543663796900794
2935 0.6401973854803845
2937 0.5171803147469285
2939 0.664354877039637
2940 0.7565492093511896
2941 0.6393084775979846
2944 0.4038631516840192
2946 0.6797620460231459
2947 0.5609755139987813
2949 0.5367697156709343
2952 0.6298899385287854
2956 0.7360620878800982
2958 0.7173210789380292
2959 0.6519912178467974
2960 0.627803283499733
2961 0.5433113318951077
2963 0.5933516210387314
2964 0.4848374460196546
2966 0.7430545830848584
2967 0.7382365233411043
2968 0.5836617568324369
2970 0.5736413623372957
2972 0.4046257266480313
2974 0.5388728808643453
2976 0.4856988451493469
2977 0.6308671058331229
2978 0.6645301978431235
2979 0.650644669810914
2980 0.5231542714026057
2981 0.6281044320273887
2982 0.6349832909114937
2983 0.5917745582872657
2984 0.6206819749959994
2985 0.6160662426959287
2986 0.6333455193786808
2990 0.30491814769703934
2991 0.4737871231917438
2993 0.42548891842962666
2994 0.6290202712589695
2995 0.5992099753400869
2996 0.4775301480113687
2997 0.5217800872504464
2998 0.584365885419919
2999 0.5900813886170816
3000 0.50054871485165
3002 0.49619200387261964
3004 0.5089676426882247
3005 0.6276108901792903
3006 0.5845370158287956
3008 0.5673062104070599
3010 0.5162432060211652
3011 0.5870876445795291
3013 0.46226646431433066
3014 0.4661535154213966
3016 0.4766230308293704
3017 0.5097864729517952
3018 0.4728110521253225
3019 0.42296446041699554
3020 0.26776470229978644
3021 0.45057576459925863
3023 0.498537149586908
3025 0.5026144329634593
3026 0.580854022664577
3027 0.6391872926689457
3029 0.5022710685811065
3031 0.6543903789046288
3034 0.3646192268792025
3035 0.6213547164448519
3037 0.6777721871556599
3039 0.5144071992860755
3044 0.5545268225222418
3045 0.5496010848649924
3046 0.5629363062805487
3047 0.3528024851974499
3048 0.586477690449825
3049 0.5249180547014962
3051 0.42943635307755074
3052 0.4675290897549173
3055 0.47979000337516636
3056 0.5208460378029969
3057 0.707591076383842
3058 0.7181492103131353
3060 0.6013733167571902
3062 0.5873287705326014
3063 0.49955097088421974
3064 0.7649270323535075
3065 0.7706009436373719
3066 0.7246890920100523
3067 0.6388998442868771
3069 0.5948448191338925
3071 0.5999665640163826
3072 0.6592412162491278
3073 0.6842204612704603
3076 0.6071311815153724
3077 0.6154853777367872
3078 0.5433651086218344
3079 0.49496288688720136
3080 0.4530875016770657
3081 0.6142145290666673
3082 0.5728683123596561
3084 0.6367169162894766
3085 0.8298156989861527
3086 0.8039674491213457
3088 0.9302950412430738
3090 0.8056809148262042
3091 0.7629885146313918
3093 0.7728633789073697
3095 0.7426017793414473
3097 0.5288301505295795
3098 0.5196775010668545
3099 0.49486585369080766
3104 0.7096159949270192
3106 0.560169426319022
3107 0.6564429342908774
3108 0.5547004823701467
3109 0.6694116996228164
3111 0.5503963024557155
3112 0.5532170675523319
3114 0.7267703301268744
3115 0.7710377975218058
3119 0.7446770392204441
3121 0.5173931344949066
3125 0.5886491633852183
3126 0.6531731031426372
3127 0.6643240770985966
3130 0.7169817083060155
3133 0.5955060472601531
3134 0.527336533273287
3135 0.5335589247121838
3136 0.7461963391954699
3137 0.757810801747969
3138 0.6045289251699344
3141 0.46895673775342395
3142 0.4489857397177161
3143 0.5489804439254874
3144 0.6179844291820332
3146 0.8025815785431586
3149 0.7537967872253327
3150 0.5560281770187834
3151 0.41173184064743334
3153 0.5501842338124775
3155 0.45551964385830634
3156 0.5429649638288201
3161 0.6146573126079043
3162 0.7186303014738318
3166 0.6665322858119854
3168 0.7532285948344656
3169 0.6546039613350896
3170 0.7619108301229061
3173 0.5737169471320339
3174 0.6556472015651283
3176 0.6870489630683564
3178 0.8029467874091054
3179 0.6399713844838067
3180 0.5753732514898725
3181 0.56954271524637
3183 0.5082716292602488
3184 0.48747284436182275
3185 0.4500628277544907
3186 0.5180945784610644
3189 0.5571761189222446
3190 0.6246088976801474
3191 0.6517513216859717
3192 0.5740488844427039
3193 0.5309327907549964
3198 0.5866993602820849
3202 0.71050095217824
3203 0.6813053797610271
3204 0.6446931773307832
3205 0.5918306420738055
3206 0.4881686626850421
3207 0.7014586146890047
3208 0.6592690802729148
3209 0.4767867247523625
3210 0.47846090686144244
3211 0.4863732834679593
3214 0.4865359866254346
3217 0.526498729331004
3218 0.3525523541629876
3219 0.4160802688645726
3220 0.5087087181876476
3222 0.5191195586198482
3223 0.41764302751982185
3226 0.45617220570561795
3227 0.44059943033829635
3228 0.37478777468485214
3229 0.6769182285515679
3231 0.6482199989347283
3232 0.6025903669422059
3234 0.6774870447630046
3235 0.6070223860338256
3236 0.6273442396077037
3237 0.5557800607324213
3238 0.5520860527961803
3239 0.43574969611009856
3240 0.43883657757217964
3241 0.39725021967576707
3244 0.33915498061158716
3246 0.39314953483923987
3248 0.5411234689634578
3250 0.4621505074001158
3251 0.41046038656068545
3252 0.3805591560510258
3254 0.4827906981910418
3255 0.46227072773910655
3256 0.44811143823776156
3259 0.41266374449695536
3260 0.41261987781489873
3261 0.461004389971421
3263 0.6540272359282466
3264 0.5038854238985222
3266 0.4643448475728168
3267 0.4327169695369555
3268 0.526288463523329
3269 0.4770479168978335
3270 0.4705180455085622
3271 0.3157328819182146
3273 0.28950588585826476
3274 0.5010223599945686
3275 0.6608613156267614
3276 0.6417246263352157
3278 0.529725452631671
3280 0.45572384512033287
3281 0.43168721190487275
3283 0.40708049094018106
3284 0.40232801536275603
3285 0.6089448360291233
3287 0.3910138380691896
3288 0.45611008387905605
3290 0.40169724533555556
3292 0.373583075554642
3294 0.35900701642605803
3295 0.3882838524865735
3297 0.4610938005511297
3299 0.7125842570704739
3300 0.6892028252721919
3302 0.6973445988163044
3303 0.7766746928513186
3305 0.7425759463227923
3306 0.7374481616414256
3307 0.7492579629649784
3308 0.6189179763918566
3310 0.660027728077535
3311 0.5090002783970397
3312 0.5673860196196464
3313 0.6483486205340044
3314 0.6487197613937303
3317 0.6246888663333677
3318 0.5368150865548496
3319 0.6387788056037507
3322 0.7371021940629525
3324 0.487338870355588
3325 0.6402338339245497
3328 0.6708669944930016
3329 0.6438560081352636
3331 0.6120229792163163
3332 0.701147473150076
3333 0.5368596141575147
3334 0.5551965981205647
3336 0.5874626102762125
3337 0.5372516609969663
3340 0.6318674133252807
3341 0.6075205598145613
3342 0.5427989385722503
3343 0.5658126355061931
3346 0.6358330513458166
3348 0.7183547135714843
3349 0.6901472663763923
3350 0.8081324593708202
3353 0.6429749059412173
3356 0.7122006498418325
3358 0.6648306337644732
3359 0.6253867762119344
3361 0.5959027162802786
3362 0.5100999531324018
3363 0.5586256996200692
3364 0.40163481766132864
3365 0.6272354467931868
3366 0.703092482578579
3367 0.6439278705401876
3371 0.644119446122191
3372 0.6449376261240141
3373 0.580792429537705
3374 0.49644169091567675
3375 0.6850908792005558
3376 0.5868179550870692
3377 0.6905880512132813
3379 0.7678532433529425
3381 0.751804437394843
3384 0.638543271075203
3388 0.45978003683148083
3393 0.5746125789643779
3394 0.4970352151820993
3395 0.326815316069105
3398 0.3904353062674579
3399 0.4654467397877842
3400 0.6043194865519487
3401 0.5228919657006428
3402 0.5298907465051524
3404 0.47960159568049887
3405 0.5051307512916576
3407 0.4507839711325896
3411 0.575415868777912
3412 0.41415629327272846
3413 0.3822867864597336
3414 0.3578333483329054
3415 0.4243889909443415
3416 0.4777437423721691
3418 0.2820767489102721
3419 0.48729230924845907
3423 0.5378827426422461
3425 0.5299082734435938
3426 0.519556418459088
3427 0.628446497795609
3429 0.5842530231822687
3431 0.42765678513919925
3433 0.5952325194241173
3434 0.5322640521487695
3436 0.36210771024224403
3439 0.5351984545850548
3440 0.4878302204890617
3441 0.5928084288986175
3443 0.5031376010813731
3445 0.4533512602503383
3451 0.46651876339221593
3452 0.48947888280123436
3453 0.563006181407957
3454 0.3633278887745922
3455 0.31247045673074586
3456 0.38294990305939985
3458 0.2239870357077488
3459 0.38898732629971094
3460 0.33116247736803733
3462 0.382195221297404
3465 0.2999274195204952
3466 0.4421571703577037
3467 0.3765172301030123
3468 0.2643490833040276
3471 0.3425777865906652
3472 0.36750179701847685
3473 0.46894430412221083
3474 0.5164915056830287
3475 0.3117448177278373
3476 0.40351655518015966
3477 0.49138099384368733
3478 0.3853509441240312
3479 0.48041023112800346
3480 0.5360430921490341
3483 0.5263355944208515
3484 0.4397397764173841
3485 0.3222785862139354
3486 0.3463422591979814
3487 0.3991087626375736
3488 0.47252826032753864
3489 0.48230015257054426
3494 0.44862261439834766
3495 0.23323830515216723
3496 0.20858513759636496
3497 0.2911439416995842
3498 0.3782311274460361
3499 0.19127925829587866
3500 0.2889360919117316
3501 0.23294010610451482
3502 0.35432424798249124
3504 0.15700170623489174
3505 0.1530274473652649
3510 0.2215092900072821
3511 0.3182906540768689
3512 0.35194529332174534
3513 0.4103342090522084
3516 0.3512302418100365
3521 0.2954155105330481
3523 0.1517055032750568
3524 0.16767566890186344
3525 0.2592720634350329
3528 0.2565243690648697
3530 0.25570854561604867
3531 0.39034807266122273
3532 0.3886819522487916
3533 0.40698177012841047
3536 0.42257025531949904
3537 0.3438196658344831
3538 0.3362554623861324
3539 0.43590187412665526
3540 0.35298637647685405
3541 0.3445435007774959
3542 0.4241578059449305
3546 0.3142665979457818
3547 0.3457398294388316
3549 0.18042417796377896
3552 0.46608199264315003
3553 0.3598673032449932
3555 0.38975661174374027
3557 0.45248562051691765
3558 0.3454022862961978
3560 0.4403536721462615
3562 0.45515175375389855
3563 0.44287619361046265
3565 0.4890368586759001
3566 0.40373035147851677
3568 0.40165342484391864
3569 0.42454131593869127
3570 0.4987608122594489
3571 0.5331709602704484
3572 0.5541044439953554
3573 0.5848044629176955
3574 0.445205373364123
3575 0.4444372001448077
3580 0.42997326589672347
3581 0.35343228562711676
3582 0.505031439917589
3583 0.542469258256578
3586 0.38495737243559175
3588 0.5653866467528613
3590 0.3389639849896617
3591 0.37039183624928734
3592 0.32111970490333197
3594 0.5212890312286675
3596 0.45985571605933867
3597 0.5067655997301305
3598 0.6334031125987569
3599 0.6668486936727868
3600 0.6609186363295799
3601 0.5660797737394566
3602 0.23326096158323262
3604 0.48174906910291937
3605 0.7466044163727147
3606 0.6334705369489737
3607 0.62102124075989
3608 0.5459629694758154
3609 0.4369651318144565
3610 0.5042075632845406
3614 0.5468276545452642
3615 0.3940372277312988
3617 0.5669808706780061
3618 0.5150888447901891
3619 0.5112039166796454
3620 0.45714518919035657
3621 0.3598514295304959
3624 0.5898423305676054
3626 0.557888574840164
3630 0.39489414511420595
3631 0.5302230108681432
3633 0.5037202062339456
3635 0.587106294115998
3636 0.6654999562488806
3640 0.5881303273169762
3642 0.4231747628349024
3643 0.35115508289220404
3645 0.42414720029073816
3648 0.5451059512315808
3651 0.4032683000715747
3653 0.46679656065626207
3655 0.49816176134674567
3656 0.4464792630521187
3658 0.43130337919156064
3660 0.50991193813912
3661 0.4469713485460816
3662 0.518402704159636
3663 0.5072221974843314
3664 0.4447528748172912
3666 0.5120855894202193
3667 0.6004314966001193
3670 0.4403464717876411
3671 0.5799253771181991
3672 0.5935255226372103
3673 0.5784837405199343
3674 0.5550784831279147
3679 0.4666189500855319
3681 0.5080252152928549
3682 0.5336190651977682
3683 0.5700367443786267
3684 0.5690089543011283
3687 0.404527010776148
3688 0.39712005380028775
3690 0.5641681513200786
3691 0.38746905229233314
3692 0.5064648772382192
3695 0.40625686496688235
3697 0.38162574307746805
3698 0.5475709342909754
3703 0.5798285548844938
3708 0.5935848167842681
3711 0.45045443878368535
3714 0.4917734738905774
3716 0.5166869156498903
3717 0.445804929244799
3719 0.3102201912681367
3721 0.5068614140145766
3722 0.42057306978732373
3727 0.2900881268447699
3728 0.3285346381038581
3731 0.37541773400851686
3733 0.44889337947849817
3735 0.3658374065626753
3737 0.48165001732727725
3738 0.3659242744878925
3742 0.30410407367760145
3745 0.46798770162555614
3746 0.5396324416676276
3747 0.3264205781475604
3749 0.3917908660266162
3752 0.42685078185345066
3754 0.5141530887558892
3755 0.4565656054479814
3759 0.2597685933690559
3760 0.511240431913309
3761 0.48160677445059136
3762 0.5728160682406318
3763 0.5413691860857827
3765 0.46778285297267086
3766 0.41589855233767437
3769 0.2692988828942759
3772 0.2710188771905812
3773 0.25924789032260187
3778 0.3918783857442633
3779 0.12229283731778703
3780 0.24923579820862976
3781 0.2975655782670766
3782 0.20738361522285065
3783 0.30567769910213427
3784 0.26085290597518623
3786 0.35188100885362655
3787 0.33003779102337394
3789 0.3884743174877837
3790 0.36820785506978093
3791 0.19624117800636853
3792 0.3892380380728939
3795 0.43493223621209026
3796 0.3855753317345654
3803 0.3796705844395593
3807 0.5122515359636929
3808 0.3972781125885762
3809 0.32263075916757805
3811 0.2807998320253348
3815 0.23846884654275366
3816 0.24943245011806525
3818 0.5301365400062633
3820 0.286607124494424
3821 0.22517852581865067
3822 0.2032466721476076
3824 0.07052886975994176
3825 0.1625617120030364
3826 0.3048448460599688
3829 0.39621432451116034
3830 0.479730315690368
3832 0.41634614977955353
3833 0.46159580684692114
3834 0.298761179119483
3835 0.3726278676269896
3836 0.28926837370834896
3839 0.2942998012466688
3840 0.3514523336931943
3841 0.3906202821718524
3845 0.36873378217964065
3846 0.34802767316173805
3848 0.5733914912121857
3849 0.5813048124556077
3850 0.47627910162454234
3853 0.4796981757559228
3854 0.4022073839761445
3855 0.335092736401199
3856 0.3904224316607659
3857 0.49631066435503346
3858 0.5416474134716005
3860 0.4818616848219999
3863 0.41029984647087014
3865 0.4819786265062745
3866 0.3847524781027224
3868 0.42834193214716193
3869 0.4688275397595683
3870 0.5648284629313415
3871 0.6874501888607244
3872 0.6017453625509797
3873 0.4940309340111654
3876 0.3953944267466598
3878 0.3112950253548297
3880 0.325880340691856
3881 0.5298581468745897
3882 0.5528739421720125
3883 0.47381412384680816
3884 0.398172922099329
3885 0.573834548299624
3886 0.42945594878192794
3887 0.5878630247987843
3888 0.624189918500636
3890 0.7448497641419833
3891 0.6364106155178495
3892 0.466578370722279
3894 0.527145932524341
3896 0.5836285008898251
3898 0.3949600688037913
3899 0.4111787349587014
3900 0.4116943820684532
3901 0.49705439018207886
3902 0.5427152205473467
3903 0.5904174730190318
3904 0.5488140626853424
3905 0.4381650424627558
3906 0.5190911109375012
3907 0.44612467868578903
3909 0.5466865337381511
3910 0.32952580159793576
3911 0.4055406787233625
3915 0.3272594058272367
3916 0.34018609660544685
3917 0.42594954210328034
3919 0.34838158049521023
3921 0.29818195499522027
3922 0.44553500523713524
3923 0.3102479775980789
3925 0.47597024033371205
3927 0.38368681245466846
3929 0.33407596574879983
3930 0.3318495104137108
3931 0.38045515624993215
3933 0.42251787677897096
3934 0.5189896994037136
3935 0.5520830106481172
3936 0.38742437042508615
3938 0.5153892116150476
3940 0.5561218135435729
3942 0.78249588567255
3943 0.66055344812068
3945 0.7412183086790606
3946 0.6799000192482489
3949 0.5413186312383755
3950 0.5709671720150634
3954 0.509356309861337
3955 0.7314446160104839
3957 0.7787736484308558
3959 0.6365170609893634
3960 0.5169461927319118
3962 0.6639426324256549
3966 0.6258248829042412
3967 0.5415561720032455
3968 0.534773993629167
3971 0.5329967418390444
3972 0.6130075733653731
3973 0.5048516408023456
3975 0.4837684756111953
3977 0.5021068885309249
3979 0.7204871274016262
3980 0.7334865769832871
3981 0.6651888563472163
3985 0.43478056646439045
3988 0.7173044703446066
3990 0.4736402284244933
3991 0.672950670869581
3992 0.7125124217567282
3993 0.6737294011381345
3994 0.7712761679533909
3995 0.7810376595280011
3998 0.8504838381784906
3999 0.7225553361018995
4000 0.6909103311253502
4001 0.6694909796291515
4002 0.7119439870211307
4003 0.7326869353004827
4004 0.657964181813383
4006 0.6886238491997394
4008 0.8334878202259667
4009 0.8604164026748985
4010 0.6530527456053946
4011 0.6059146239612568
4013 0.7696362461147928
4015 0.7695566232750565
4016 0.8201020249775403
4017 0.9132277696353458
4019 0.7153001751572043
4022 0.6112726533396257
4024 0.7320244415608737
4026 0.8235114483602536
4027 0.8283213910144966
4028 0.8135398193987873
4031 0.6828455489642473
4034 0.5544470224826251
4036 0.5851744106478681
4039 0.6161636797683029
4041 0.5051368337101676
4044 0.5524996963548855
4045 0.5666320587459109
4047 0.5527861457082849
4049 0.45538257888816414
4051 0.6089789240453765
4052 0.7284066866612768
4053 0.6921759780772222
4056 0.46468816175716143
4058 0.5217282876637861
4059 0.593338123230584
4060 0.7081166346999058
4061 0.6236447577101032
4064 0.6477668986222199
4068 0.4758445969583708
4070 0.5056215092068294
4072 0.4513684246753829
4073 0.5459423231140376
4074 0.575872079338586
4075 0.7291527087815106
4076 0.7523199500872455
4078 0.7339526218412304
4079 0.7566853363626436
4080 0.7696652729913362
4082 0.6799051073058053
4083 0.6669986955705823
4085 0.5118923702302551
4087 0.6664356606565064
4090 0.5431766971736443
4092 0.5726008295168102
4093 0.572633248677841
4094 0.7347551903312602
4096 0.6456029801098737
4097 0.5972299606138359
4099 0.7882484864089193
4100 0.7175740271285118
4103 0.7080098894344554
4104 0.8050555075896457
4105 0.7437114871726024
4107 0.6186398142971896
4109 0.6613245873927897
4110 0.8148301214658596
4111 0.8229233089902064
4113 0.6851875301955896
4114 0.6675051129368191
4115 0.7180598979934042
4116 0.605363904953202
4117 0.5747088163786361
4119 0.523312963814367
4120 0.7313089310386546
4124 0.9406642412409941
4125 0.9497297500795693
4130 0.8276327050947483
4132 0.9812136697732802
4138 0.7407136118364684
4140 0.8643564463166529
4141 0.720480679763876
4142 0.7752699915814433
4143 0.551585571897319
4145 0.6205612316248258
4146 0.6397920182673865
4147 0.6537786802660738
4149 0.5291712662390253
4150 0.5818207985135605
4152 0.32266835578185216
4153 0.42828181860462805
4154 0.5802191281513064
4159 0.4603590577778237
4160 0.42598357363634737
4162 0.4061894260756798
4166 0.46443900266685306
4168 0.5917601631236358
4169 0.4647459030507758
4170 0.36469257935159294
4171 0.3835482063266499
4172 0.43801381196890044
4177 0.44591564303785036
4179 0.43201838183421365
4181 0.5054871089686629
4182 0.5842766124418775
4185 0.3568658696633237
4186 0.3398271912335303
4187 0.49957113292291994
4188 0.38794671932564523
4190 0.33102456189773216
4192 0.4887001670875255
4193 0.4750286338502385
4194 0.4765412867615265
4195 0.354976342799638
4196 0.49985688311103893
4197 0.4158464366016288
4198 0.4735808796442038
4200 0.5795455474489636
4203 0.45346111779605386
4205 0.5029848196864939
4206 0.6594942423207135
4207 0.5043520046883218
4208 0.5112606795275463
4210 0.4873715638821178
4211 0.6200146598615655
4212 0.594265318740252
4213 0.4608439360760836
4214 0.45163011570054934
4216 0.411386817567042
4217 0.4244575338106939
4223 0.40953752062130644
4224 0.39454025609774945
4225 0.22005936673967963
4226 0.24667859123968525
4228 0.49169858065639976
4229 0.575456203615672
4230 0.4373291677561677
4231 0.4186622043455728
4232 0.5559215165209784
4233 0.44214999863182536
4235 0.5207282550629458
4236 0.5792041245942028
4237 0.6120393172264631
4238 0.5208756416013289
4239 0.4271443328106455
4240 0.6730024998350327
4241 0.6221440398415707
4244 0.6594770424698583
4246 0.6348710007336152
4247 0.5794866824232472
4248 0.6905293773810538
4250 0.6092049770977971
4251 0.6118999256542518
4253 0.6588602019797234
4254 0.6800704374944295
4255 0.6435567195763887
4256 0.6982844532171325
4257 0.560910772687256
4259 0.675468062013131
4260 0.5446476516452367
4262 0.6423197284094163
4266 0.697738620582106
4268 0.5867811630288383
4271 0.4578346890071819
4273 0.7095686555343326
4274 0.6003990785053547
4277 0.6240933318483525
4279 0.5957335544935716
4282 0.714923885211324
4283 0.6898639924937068
4284 0.5372721107426537
4286 0.6739861782345241
4288 0.585704531029356
4289 0.5394814139397474
4290 0.502759893250843
4292 0.5399576793266798
4295 0.42196784281514355
4296 0.3900376386945651
4299 0.4018038468028937
4300 0.49537162602072077
4303 0.45415866136629607
4305 0.464748613078212
4306 0.4086669021865879
4308 0.5038719660344941
4309 0.5139838465368775
4310 0.6096325257333869
4312 0.4306409501190632
4313 0.5966021452508653
4314 0.610430658510864
4316 0.39056114286475374
4318 0.6301108068815985
4319 0.37524106462331874
4320 0.276318711217941
4321 0.30862800669510615
4322 0.40214201040385456
4323 0.4809799055504477
4324 0.5061337125365802
4325 0.5272029249479363
4327 0.4984073568311227
4328 0.6435462434804022
4329 0.550728174393776
4332 0.5735676580404175
4333 0.4640802129370377
4334 0.3402964182877778
4336 0.5427737376734112
4338 0.3619414548297051
4339 0.5348549112571247
4340 0.4138412479924521
4341 0.4789501236709161
4342 0.6386880312452874
4343 0.5815793214474759
4346 0.6724176722895722
4348 0.6540852465700938
4349 0.6540844991324831
4353 0.6017164274639188
4354 0.6799640576967131
4355 0.7996417444786698
4356 0.8484945559559772
4357 0.8168060718941031
4358 0.8311663213198016
4360 0.5548498898675628
4363 0.6699410260565241
4364 0.512859755525971
4367 0.5120765875375449
4369 0.585344246815751
4371 0.7304345715073167
4374 0.759909343330452
4379 0.49550011404819405
4380 0.4569422683049765
4382 0.5743811853142614
4384 0.4530454524527593
4385 0.539124240538264
4386 0.5924125768462521
4389 0.5572189755513414
4390 0.4531635263365772
4392 0.5243085386478655
4394 0.4134334547000737
4396 0.4286989845831465
4397 0.4327651166011752
4398 0.4966662158474479
4399 0.5012225918277358
4400 0.36823873557765874
4401 0.5981388134664964
4404 0.5150997776130473
4405 0.7334485376282591
4407 0.633979776550075
4408 0.8398008963792736
4409 0.8053365080921371
4414 0.821783376769142
4415 0.8242616820486843
4418 0.6844114881202266
4420 0.6395599016992316
4423 0.7656066836856346
4425 0.6726030824563528
4428 0.6607290845432832
4430 0.5876419060944968
4435 0.5273937126445111
4437 0.614568856076636
4438 0.5785092564542038
4439 0.6363520227412017
4442 0.7511666136636237
4443 0.6197048984697617
4444 0.6484930218421645
4445 0.6883106329221081
4447 0.6708959051346088
4448 0.7070420458236076
4449 0.8057662720302876
4451 0.9156723067855485
4453 0.7099494089110413
4454 0.670041792002323
4455 0.5661589878949704
4456 0.7990458876543561
4457 0.6052149690663818
4458 0.5756406646024598
4459 0.5848856971064867
4460 0.7241223048693622
4461 0.7234562659077061
4462 0.5850760438775845
4463 0.7177404440424667
4465 0.7097680791689787
4468 0.5778399976804471
4469 0.5619640250168644
4470 0.48439316509973657
4471 0.5091944354366509
4472 0.435820492518658
4475 0.3933858821852486
4478 0.4720066249756437
4479 0.4811534722026224
4481 0.534902522757233
4482 0.46231920083960165
4483 0.3527823585175767
4484 0.4039678078601891
4487 0.6015767173776968
4488 0.6042079649757583
4489 0.5504585679956293
4490 0.551252077638724
4491 0.46731387354961357
4493 0.5742452551483412
4494 0.5428545146732499
4495 0.5868752604196835
4496 0.621350391761391
4500 0.5276327102714029
4506 0.4932751954148021
4507 0.4311018095537129
4509 0.5814942573454817
4510 0.5607788841133783
4511 0.6422580448457234
4512 0.6575161559491042
4513 0.67689786015299
4514 0.6469856266834771
4519 0.7269768240730323
4520 0.6092830275702816
4522 0.6524672910371692
4524 0.7386847749666672
4525 0.6090579681036798
4527 0.5143027382055674
4528 0.35781989402328246
4529 0.5002810268931819
4530 0.5471378563447052
4535 0.4755684773622366
4537 0.6842537693572683
4538 0.7370199168225602
4539 0.47509105470495455
4542 0.6581066824107896
4543 0.6020795444295399
4547 0.688655845588273
4549 0.8474588313095656
4550 0.9032245950821027
4551 0.7687971740664159
4552 0.7031647679003672
4553 0.6332409989626561
4555 0.5681817286481433
4556 0.5024517382242886
4558 0.54481332292862
4559 0.48404666562455095
4560 0.43436832325625907
4562 0.6420073170381112
4565 0.46280374712607486
4566 0.423747490539897
4567 0.43653421114328417
4568 0.37191124796006647
4569 0.5381318213444067
4571 0.48647391268644374
4572 0.6927854038470396
4573 0.569215952636184
4579 0.6372586176960208
4581 0.760516099473151
4582 0.7771138094195981
4584 0.6994631854829526
4585 0.7000842568521516
4589 0.5801010631026237
4590 0.5830198555801127
4593 0.5190369797993272
4594 0.39064521721679946
4596 0.388435632699926
4598 0.4579714626581351
4599 0.4508732423465234
4600 0.46646318023145567
4601 0.5639218332979518
4602 0.46941630285532226
4603 0.4604139419942814
4604 0.4553140017799606
4606 0.4469910358553334
4607 0.3674991960100466
4608 0.16333134246782544
4609 0.19357315594319258
4610 0.3566137681232949
4611 0.2597736979524554
4613 0.5666996152578984
4615 0.5225790394056913
4616 0.6200197125541734
4617 0.6171137850396838
4618 0.5567849673807755
4619 0.6177670531760209
4620 0.5595339937829383
4624 0.4502194664489528
4628 0.586635002885968
4630 0.5673153093231842
4631 0.6397367791038668
4632 0.6341518723132139
4634 0.61943636667624
4635 0.6127392315198656
4636 0.6577569006381853
4637 0.7865584264254063
4638 0.5900266449321921
4639 0.6643190420310707
4640 0.6107839636654988
4641 0.6111375702866161
4642 0.6918500877854944
4643 0.738824121503566
4644 0.849844661876543
4645 0.6606135579277195
4646 0.6834205588664322
4647 0.6742220708063549
4649 0.6722295444892944
4650 0.5389327453420384
4651 0.5206628345886464
4655 0.7135200602386392
4656 0.5863198891151082
4657 0.5158056132127224
4658 0.45760057419411476
4660 0.5258679438210893
4661 0.611842978630718
4662 0.49744503648470395
4665 0.589320565247719
4667 0.39474746807458794
4668 0.3419706096077874
4670 0.29732395756732
4674 0.4571840944431835
4675 0.5386435474421702
4676 0.7432732739845178
4678 0.5182341120371405
4680 0.6285473958127352
4681 0.48646409385936945
4682 0.5410252255159715
4683 0.4928217254202076
4684 0.4149908396931676
4685 0.401852165664731
4686 0.5339916252505056
4688 0.6469745335777994
4689 0.529079190321591
4690 0.4707670094952343
4694 0.4639712797838441
4695 0.3056493816871276
4696 0.4502030170459833
4697 0.48040402339500526
4698 0.5082426045249905
4699 0.3750696446335815
4702 0.37642266189331197
4705 0.39486234925289887
4706 0.4540265001190092
4707 0.34155193579397786
4708 0.4404096492607852
4709 0.33176658681712023
4710 0.4463916900824903
4712 0.6684329423495435
4713 0.4194631738879785
4714 0.45687511451075014
4715 0.6097772877841667
4716 0.47597085748101564
4717 0.5307742878859482
4718 0.4625521406023443
4719 0.4022198704103457
4721 0.36293937680199645
4723 0.31278058119249746
4724 0.3920653978111573
4725 0.48412475691408347
4727 0.3691075511133268
4728 0.3226341117371058
4729 0.13535076343999794
4731 0.16719532896951775
4732 0.16275221285213842
4733 0.2250625715245059
4734 0.1962909845341173
4735 0.21707727805950025
4738 0.10217187042319008
4740 0.12235087114209212
4741 0.18260526555152767
4742 0.22488323369350802
4743 0.10663158602838187
4745 0.27932019141029674
4746 0.3394508059745501
4747 0.25070749829060895
4748 0.3310851793793318
4751 0.1728966708319046
4753 0.16778411241164592
4760 0.22997527001854862
4762 0.0
4763 0.17909626343501012
4764 0.3148838743091103
4765 0.3489167027733095
4766 0.34794907764792715
4768 0.47454464172611205
4770 0.29515974856661586
4771 0.4038922081731089
4772 0.2924982494785092
4777 0.26405414748353995
4780 0.195230022503748
4782 0.18551300067190957
4784 0.3294810944126423
4785 0.3647540263657889
4786 0.2633274686109606
4787 0.1721758116752858
4789 0.10781394128216897
4791 0.4011474647995913
4792 0.4806757011641897
4793 0.3337922970579385
4795 0.31805787140410613
4796 0.30235164636331746
4797 0.2864650915263072
4798 0.4027497575934392
4799 0.37392819485843865
4801 0.32973474584438384
4802 0.3546680357368395
4804 0.22016534184934777
4805 0.29389620803972677
4809 0.2873212774512234
4811 0.19275923993677055
4812 0.22515716232275296
4813 0.32419240717250575
4814 0.5012218410124474
4815 0.43428950182597503
4816 0.4134080037566282
4817 0.5000309319037415
4818 0.5191871056526974
4819 0.39801915353254347
4820 0.3935689196750613
4821 0.4841916837937166
4822 0.2439815741056514
4823 0.4876271944556744
4825 0.48646011736624806
4827 0.40100028602264537
4831 0.349905250052579
4832 0.42093693399450904
4833 0.711874608213899
4834 0.4659480478128747
4836 0.6976919034711554
4837 0.6403032500282608
4838 0.6149263681322226
4839 0.6055576770552469
4841 0.7122906319935974
4843 0.36250354787914324
4846 0.5472195841860303
4851 0.518565472617514
4852 0.5819851293560545
4853 0.6204383691034578
4855 0.6293367486038481
4857 0.6202401910483464
4858 0.5561715469593985
4861 0.5442644058144834
4863 0.5178063745450003
4864 0.689121634580272
4865 0.6292873111150795
4868 0.5459706268137253
4872 0.6128280198760341
4873 0.561486672152123
4874 0.5961047108497411
4876 0.5458569741363087
4878 0.5160174390043271
4880 0.386918326525977
4883 0.41291255636675817
4888 0.37396428337583304
4889 0.48982556118516224
4890 0.537412904153529
4892 0.3983356295387879
4893 0.45230941009837383
4894 0.4900456695323918
4895 0.3944913613285936
4896 0.4732900772845988
4898 0.6319564701921855
4899 0.3807185452609286
4900 0.4589714834311026
4901 0.6333622830793102
4902 0.5372732418009233
4903 0.40622946252638964
4906 0.2934539879764196
4907 0.3539551796721593
4910 0.4433339234338384
4911 0.48363086934196126
4915 0.5730762701999617
4918 0.7109945452604727
4920 0.5386609524044423
4921 0.45549033169271946
4923 0.45853118386799546
4924 0.5486614873337299
4926 0.6153715804386605
4930 0.6200341854990319
4931 0.6758746521416015
4932 0.4820119434847397
4933 0.4642392911610389
4934 0.5181594849223182
4937 0.3726279568499479
4943 0.5796456512363899
4944 0.4559151972546121
4945 0.4383874140026649
4947 0.32468949476128683
4948 0.24396578621195142
4949 0.44935431710749185
4950 0.39870155801043855
4951 0.4472847463502295
4952 0.3437773566724967
4954 0.43869860265011223
4955 0.37930733168893627
4956 0.3250670255544669
4958 0.3585692260487755
4959 0.3243765310546269
4961 0.31976078283552367
4964 0.3325130887416747
4966 0.2633015625208027
4967 0.2729699484045461
4971 0.4310823731813025
4974 0.48771545382732895
4975 0.3730057326867178
4979 0.41112740241158097
4980 0.3066009384511901
4981 0.3102403428686362
4982 0.4611493859284183
4983 0.3051532587305473
4984 0.24505955332160123
4987 0.3186851584456394
4988 0.2500298941229699
4989 0.284386753298614
4990 0.1632100647206895
4993 0.3586801682924584
4994 0.41516143006996525
4996 0.46329380340021425
4997 0.4206436210895337
