5 0.45405752952974493
7 0.4316024819522825
17 0.4925816967794352
20 0.37620729489018284
23 0.6254113452812463
30 0.40165212420344915
31 0.4617243056667422
33 0.7641783938637299
53 0.5893739730838926
54 0.7957922840030119
69 0.38056843280886227
79 0.6642015773903169
82 0.49489723722791773
84 0.5609321089358935
94 0.5170302280422262
109 0.09537433271016685
117 0.42613747687769976
118 0.9224107217099221
141 0.5852535023722885
153 0.31238078755135695
157 0.4162707843229296
159 0.4345044693678589
169 0.6804319747550392
170 0.5807041468906988
172 0.4276720095567333
177 0.5426743154336322
190 0.33778582438071325
193 0.5844531208318612
196 0.4492688392046454
197 0.4668600079716902
198 0.7336819417079631
199 0.5223547318616801
200 0.3638665170619205
213 0.8094403192797457
214 0.2996854084106047
225 0.6608483643602832
228 0.6550165459403214
235 0.7147227065263496
238 0.6500453057862784
250 0.3355447543178461
253 0.4884589337162228
255 0.44393634356007755
256 0.5397853917130502
257 0.36292030978588735
260 0.7029464945577923
263 0.7103857613248703
271 0.6051607363391712
272 0.4086605748991749
290 0.5855149172193503
291 0.5628425578439188
293 0.5472462192133815
302 0.7031795828777527
309 0.5727277761863342
311 0.4974492504432423
313 0.5311901210775282
317 0.6971873848922592
319 0.5093553328665616
324 0.443816447949449
328 0.6610910437277814
329 0.4871552624196951
335 0.34210897370643034
340 0.45841551064469915
348 0.5429287639806915
350 0.5654298791047527
353 0.6394550912706773
358 0.6427634701445557
359 0.597710748042014
366 0.5327159081914593
373 0.5207667978069466
375 0.41687955216024114
377 0.47236782127685767
383 0.41328129050928347
388 0.580846835932572
390 0.43132508443210643
392 0.47241809793403267
394 0.6088396462195581
399 0.32697203407827713
406 0.635666058758611
408 0.49998872709916564
410 0.47624838872399716
416 0.7320113652640761
418 0.6042937956025565
419 0.6274753410926743
422 0.4566243009687959
429 0.5534797172804417
430 0.4698573852322897
435 0.4689836471379281
437 0.6588498385704602
438 0.3399985688208485
440 0.32047597061849975
447 0.6135535464598979
448 0.4359559255481149
458 0.4977118374333532
460 0.2361885041956709
462 0.5737546563516573
463 0.41382700727873184
464 0.6254110901453334
466 0.5083733683955979
475 0.42889599689326047
476 0.6357118376325889
478 0.03598114978980804
479 0.830545070799236
481 0.597896308187385
487 0.2635429446872915
495 0.6925943933139143
498 0.5368607940317153
500 0.44627839954294163
508 0.40051966875929923
513 0.4119328731830415
518 0.5776048907117679
523 0.5607403853425201
526 0.31976702270850116
527 0.6404657123071367
532 0.4046397407929018
539 0.6605839786829264
560 0.5094582592627814
563 0.5672919717559383
581 0.3320929904705522
584 0.8131335217733173
586 0.5318832512874246
594 0.4630512199450669
595 0.49883199898717645
596 0.4709110735404318
597 0.4976769127576538
604 0.3175422614972103
606 0.6416106819437076
611 0.5984638730249712
618 0.4521444848358711
623 0.2770483016651786
627 0.4668389774413221
628 0.7388260687177417
639 0.3303390084371895
640 0.5742408487087124
643 0.3710310577174914
646 0.5234203303705832
650 0.7047609100438812
652 0.5464703292096061
656 0.3700196652460387
669 0.4590746041753633
682 0.385212523827075
683 0.6197798707084791
687 0.5098446648504228
688 0.49792337178680734
692 0.47869229124284646
699 0.7475321241087919
700 0.5222947091969224
703 0.3544567948293484
704 0.39499456976027225
712 0.37374377311906526
715 0.4309766772299478
718 0.34171091465186937
734 0.6873297620213564
738 0.7310704402582515
740 0.1502986965844411
743 0.5816586636928716
748 0.43981762464885643
749 0.5886868786182675
757 0.21794917892351903
764 0.4210440958237795
765 0.7054263513629612
769 0.47085276309417934
770 0.5493784334927277
776 0.5994557235199754
785 0.6830910573760205
806 0.5477243556169495
809 0.5608394093759898
810 0.6823353619343593
811 0.5287002805935724
814 0.43265492235430847
815 0.43100037362529103
816 0.543527247286299
817 0.3479675655279775
820 0.7657275501141482
827 0.36649210726204734
828 0.6437000914187058
832 0.6885151736910888
837 0.6713342345443547
838 0.4111817172864478
842 0.42078684548031675
843 0.35698945760529976
854 0.6978367031424467
856 0.610578900686581
859 0.35786402814411267
865 0.5163449081312038
871 0.3012733212223861
872 0.7758730571913233
876 0.5806525294467151
882 0.7552197711805496
883 0.47627777882857086
885 0.36213232751543695
892 0.7139788487188811
904 0.1993170405650216
905 0.5303639251465514
910 0.5114191453509709
912 0.4230171731569346
914 0.6030674671767985
916 0.752499187523348
920 0.622483089927079
921 0.6245428306998306
922 0.4350655325989398
927 0.37017991932724925
928 0.6828092888323494
931 0.6794476014414674
935 0.40707282617239626
941 0.5426355606332265
966 0.9099127801590099
967 0.33932699979048
969 0.39798288050223973
971 0.5139692377681762
974 0.7508331358657754
975 0.3657896351453467
981 0.6717819190991992
982 0.5318400684651908
986 0.5857868184309106
990 0.7509187697330636
994 0.5350806935137277
995 0.630856777093656
1004 0.44224365820095296
1005 0.519961372097193
1007 0.5420854072853464
1009 0.27482359436109455
1010 0.7415099642155002
1012 0.5537996444370368
1013 0.6825877711425902
1026 0.4919645756142618
1033 0.7155737733786912
1036 0.578834794668734
1052 0.618046763275008
1062 0.7259410736379088
1068 0.4262105963152452
1069 0.6797822214035434
1070 0.5621710316139088
1073 0.5973198982356832
1078 0.46819733795118174
1082 0.4605588559657551
1084 0.5154604215463962
1087 0.5506667650491204
1089 0.5138035838357766
1099 0.7120774498597365
1101 0.5569806841639792
1103 0.5897706563129435
1106 0.4865597133002966
1107 0.6156093880294601
1112 0.2571105817271008
1128 0.5371831233859526
1131 0.4744395819912884
1134 0.5165455849606655
1152 0.5337276869767725
1157 0.6097939826515388
1161 0.26985322578886844
1163 0.6721842154520552
1165 0.5383417756593297
1171 0.46771438103112506
1179 0.5274727079858108
1186 0.6888702782033976
1187 0.5968878868589138
1192 0.6797579452095274
1197 0.6034779137374722
1199 0.4631861073114078
1202 0.29791449403551307
1213 0.4105471285832932
1215 0.6055875673879724
1231 0.364096077276759
1232 0.9022738897382612
1234 0.43792810263365956
1263 0.5563726091936879
1265 0.6335932463821004
1271 0.40411743900626196
1282 0.39752044585126084
1289 0.4182379746344092
1293 0.4133331824336676
1303 0.8162660611802671
1304 0.2597123596391603
1310 0.34560893874542076
1317 0.39315925750007197
1318 0.8055663574633899
1328 0.5158135467766476
1329 0.5097951117153424
1332 0.6436016943250802
1340 0.7459869980669916
1359 0.4978344709560296
1364 0.674545823107456
1366 0.6965971632923872
1382 0.5131328566608746
1387 0.7220958445320493
1404 0.561541034998086
1406 0.3455632384156564
1410 0.42621332881493973
1411 0.33327634077979384
1416 0.4188105780532885
1417 0.6625005401443653
1426 0.3850280416678074
1444 0.4911788239969329
1459 0.7171519442678924
1468 0.40548684757218145
1470 0.44338021795696186
1480 0.6080777288319414
1484 0.7247735795202682
1489 0.3908392029294082
1499 0.5943239232270618
1500 0.3961452493194205
1501 0.851184078139443
1503 0.49790268756950945
1504 0.4943881923593302
1514 0.4527951613964188
1517 0.46762274266311304
1525 0.373304315983098
1528 0.4693953931916271
1529 0.6429795049837604
1531 0.5615279735584636
1545 0.46284552457421146
1550 0.7241839246294951
1553 0.4860434520360321
1556 0.6441251789371593
1558 0.49859591389476837
1559 0.44625347199280274
1564 0.4520181317390742
1565 0.5719452490817092
1568 0.7323068638967163
1571 0.37225131373676673
1583 0.5262607919285567
1584 0.4892907609758122
1586 0.3542066225139814
1595 0.5246171519105267
1596 0.5025217886924901
1598 0.48129243163882574
1617 0.5529466417936196
1637 0.4401896879140381
1638 0.776431666524714
1639 0.31386359366751865
1641 0.5675928762677646
1645 0.5256173310085046
1663 0.33948748570726217
1665 0.6650312592980759
1670 0.4044795280903951
1687 0.5437721322936421
1688 0.6591012203908139
1689 0.5247861677948226
1692 0.45854372909985813
1693 0.44029673355915694
1699 0.43886876468749203
1702 0.48121865676501036
1704 0.7382208907139799
1705 0.4670797057609142
1711 0.35771844611432824
1717 0.4418134639721231
1724 0.3363496980802115
1727 0.7257591259965045
1731 0.6064216349225687
1736 0.6017457856588301
1739 0.5041464032642244
1742 0.5795003884105495
1747 0.46512361161751703
1752 0.4010385045271039
1754 0.24013399479456352
1755 0.6929465685863503
1756 0.5616620077852099
1773 0.678704612312334
1782 0.7502398332542699
1788 0.7489588566491148
1789 0.5320092027198466
1791 0.44797305269377746
1792 0.43067491399526037
1796 0.31260149953917066
1803 0.4627019927853767
1809 0.7303544923637106
1817 0.7170806092374005
1820 0.5816753945324401
1824 0.6822052114692927
1826 0.532338069934791
1829 0.5836904923558287
1832 0.59485794581836
1833 0.40313634178741053
1844 0.4376677992204688
1847 0.5379720014391436
1850 0.5779013358273719
1864 0.67939716926151
1865 0.5188235478012622
1879 0.5956741352735588
1880 0.5413678648385803
1888 0.5925413171913952
1889 0.6298093108157687
1892 0.481805131766593
1894 0.6550715293988911
1900 0.611019429201077
1904 0.32284153133094945
1906 0.33739177424223754
1915 0.41417321687271924
1917 0.5027269064605244
1919 0.6914742493475731
1929 0.4620340216338355
1933 0.6994636652176793
1935 0.3544978686059008
1943 0.39732464892178554
1951 0.5246719413488509
1952 0.4670477018456498
1955 0.343127266273023
1956 0.7048441329242724
1974 0.5491036295714655
1976 0.19416903959416937
1981 0.5551191404507239
1983 0.5386723776235365
1987 0.8476532200385433
1993 0.5942983533451942
1994 0.5481158493434565
2006 0.5127012611200151
2012 0.4705118383341525
2017 0.7541927541806609
2023 0.46395050570919466
2025 0.4396489021228077
2030 0.5499166934734003
2036 0.5928254818865497
2047 0.6691360140681871
2053 0.6310471574147813
2060 0.5176182232487303
2062 0.6107422483734936
2076 0.5355192562410213
2085 0.5784532125197374
2091 0.6853253861639346
2107 0.3689504697437235
2108 0.6644115804378916
2110 0.6709421111541167
2116 0.5178023016040323
2117 0.6298201826304397
2120 0.5724249502613622
2122 0.35540577733622397
2123 0.4345267225447764
2127 0.45228091493773015
2138 0.3213622830678909
2144 0.7154982353477731
2145 0.506841263697963
2153 0.37415533762912234
2154 0.7998451370110734
2159 0.42716089971407883
2168 0.42998045819013214
2169 0.38427514610273195
2173 0.6157509288742493
2178 0.33300301181000286
2186 0.6959457201362791
2216 0.23969941531238495
2218 0.5668971707337448
2221 0.28669620348699865
2228 0.6027781844476923
2233 0.5045642530915913
2243 0.6862098444436044
2244 0.42836886271388575
2247 0.7085184758607438
2253 0.7245900808922695
2255 0.40218045574605693
2257 0.4997990996809374
2262 0.4720463161635583
2273 0.36320144725438663
2275 0.5591487557401925
2277 0.5560873711787853
2281 0.45679722528509065
2282 0.5742784088122976
2285 0.4770429000279554
2290 0.5937254161347132
2297 0.5241453635660077
2298 0.6488029884774023
2306 0.5199372807627572
2307 0.45806710141533746
2308 0.5150463225996319
2309 0.3336076610390961
2310 0.7523692078524292
2311 0.3158261565875346
2322 0.42143860167733477
2324 0.5053784525598084
2326 0.47520630618236087
2338 0.4847196820998506
2339 0.3651472650439879
2343 0.5048988009157355
2347 0.7665865708499856
2349 0.6122953295439739
2352 0.5244146381506891
2354 0.4417191435767514
2361 0.672573069628731
2365 0.6280003284873241
2367 0.6070937045518555
2370 0.634447824595157
2375 0.7548204068573098
2378 0.5470272733736112
2381 0.7843843428685063
2383 0.4764737214933469
2391 0.4218606247855243
2392 0.6082604606733412
2399 0.42641159857205063
2405 0.7393771975209097
2406 0.350369273136415
2419 0.8002902838867475
2426 0.47257953094692284
2428 0.5009568957141499
2431 0.5543753466472254
2435 0.6261905221521687
2442 0.4791979735229224
2450 0.5141906290270073
2455 0.46866000760734833
2456 0.7315546415876815
2464 0.3556967695021526
2469 0.4638106206394622
2482 0.6242835950842665
2487 0.535898765989283
2489 0.35689192188181723
2496 0.5061563660769438
2497 0.5840443419338173
2499 0.5259885685350969
2504 0.4780299543550414
2506 0.62486306973397
2512 0.3831250128387053
2517 0.4350756430369037
2518 0.6497449839480474
2535 0.283501218222948
2538 0.7374738148690149
2539 0.5802945565697138
2541 0.48545584206876286
2547 0.49332984740368757
2549 0.6423220420395842
2552 0.5405798534707786
2556 0.42822510288284815
2563 0.5543331287423499
2576 0.6668881230753023
2590 0.648463686561674
2594 0.3831330648337683
2595 0.6272931411641445
2598 0.5449535279483673
2601 0.4596798892385412
2603 0.4908339894119314
2605 0.6506534172913038
2606 0.5032081791822302
2609 0.699088535572098
2614 0.49501187132436847
2631 0.6481141919683594
2634 0.41204628516196956
2636 0.5576261321109818
2639 0.5361353791874559
2641 0.6865876485815361
2643 0.5258889679725871
2644 0.3687697107763005
2648 0.31273678855246184
2660 0.4253993823175384
2665 0.817121679164791
2666 0.3748367842877162
2668 0.28799294356663857
2682 0.5298543990291943
2683 0.31551639774935664
2687 0.1998657434622194
2688 0.8576318711002826
2691 0.6085001494379644
2692 0.3213502011704485
2743 0.6280958109587667
2747 0.744599761410371
2750 0.3686658909825789
2760 0.658936109207413
2764 0.6922595776992934
2773 0.5939685250498237
2776 0.48720329650707433
2780 0.42673923889804455
2797 0.31555100340499415
2802 0.6184726301828877
2804 0.6311227548337965
2807 0.4902132464528799
2810 0.6128491883538397
2811 0.5163938152249165
2812 0.6192803243885363
2817 0.3207101174981594
2818 0.6535168151715914
2822 0.37126188086584466
2829 0.5804517671248968
2837 0.5101989870286462
2844 0.5297720649601732
2847 0.47683095433239336
2854 0.5346555699669934
2864 0.402360634448875
2870 0.4736521822500287
2873 0.14539650286591876
2876 0.597747741062443
2883 0.6899780231833269
2889 0.34371023946552354
2890 0.5154797395338766
2898 0.44869717688719524
2899 0.7073450238506053
2901 0.4023648007258729
2902 0.5086070572376946
2903 0.5752166464314511
2909 0.5528881370348511
2915 0.6446806269090686
2918 0.5881858171552179
2923 0.7783764460638027
2924 0.5749341740493588
2928 0.5224016260667534
2930 0.5653895848053367
2931 0.9662347730094113
2935 0.518491236970131
2950 0.6692714192334035
2954 0.155369628053072
2955 0.5832096961543544
2958 0.4119487721245913
2959 0.40420079918821433
2961 0.3377875095434614
2966 0.7019997355735493
2981 0.3249672875144215
2990 0.4279938704922224
3008 0.7134232142639055
3010 0.638672998076925
3014 0.6088321486148621
3015 0.5530470191566706
3021 0.4820149252194184
3031 0.6704425123788553
3032 0.30089244308582647
3035 0.7681285640612021
3048 0.41960483995791265
3054 0.5434822080805481
3062 0.5134985271963518
3064 0.5284625497286404
3071 0.49504219727504933
3081 0.5012435817722731
3082 0.6492189804295146
3085 0.6452256485234958
3098 0.4852424521762702
3100 0.4140344860816451
3104 0.5698186667968057
3106 0.45911009126818536
3109 0.5706225203064784
3114 0.5457691152067616
3115 0.6391950894375904
3117 0.6020409964544604
3118 0.45777199166090676
3133 0.5230477459657188
3134 0.5544381601035736
3139 0.4526508998950527
3148 0.6125914299775735
3149 0.252725957854451
3158 0.5681299590170765
3160 0.43581870888676144
3162 0.5706312968864004
3185 0.6017525776380999
3186 0.4895077905626398
3194 0.5708353103611061
3195 0.5628112219724148
3196 0.5527569992357174
3197 0.4236642531545153
3208 0.5958327760965548
3211 0.4525788769180763
3224 0.4392782704941089
3229 0.5947208855394019
3234 0.5056871795556581
3237 0.5711032188545913
3238 0.49225372874423784
3240 0.5876004442615502
3246 0.4228990800749726
3248 0.35277491956877655
3256 0.6204433526501941
3257 0.5117098650521398
3264 0.675547940806173
3270 0.5087893879637777
3274 0.49427391929054637
3286 0.5450886903499742
3287 0.6203086285373206
3298 0.6032341950251392
3299 0.41290703938834383
3303 0.6794714290091461
3305 0.27997820281739494
3308 0.6101831012064293
3311 0.5150040754659848
3316 0.3925309299002833
3318 0.4626444466047382
3328 0.5435533694675412
3343 0.2800490906920756
3354 0.47200218112632253
3355 0.7465911425548228
3361 0.2762594591112461
3362 0.5309756638173916
3365 0.49603762971239934
3373 0.46762233287898225
3374 0.6553974615708605
3381 0.420478454201359
3388 0.6413011164991049
3393 0.7706092727695555
3395 0.25787998926119315
3411 0.5545550197950211
3414 0.611499621055803
3416 0.23939582196368786
3419 0.7175556008686872
3424 0.43195930807083965
3431 0.34699229937383996
3435 0.549107030943441
3445 0.6731719357885482
3446 0.3593775653765242
3452 0.37802478946882534
3453 0.6559427587830594
3464 0.5239076619042365
3465 0.6584312119385662
3468 0.6069502777389654
3472 0.45175784472144775
3480 0.4147774158855238
3482 0.5652359725455499
3490 0.823468098412782
3506 0.428047494363127
3509 0.38751321979460635
3514 0.5506011490786034
3524 0.5313940619430971
3527 0.5864441487906911
3528 0.27014150210481835
3538 0.5237123105288138
3539 0.5906986270331764
3548 0.6948760303917081
3549 0.5749210634720463
3550 0.31379463016682024
3554 0.38398176639090625
3556 0.08563221005241678
3561 0.6839483395711192
3565 0.686109216164455
3567 0.6201473122687317
3583 0.6637914820965023
3596 0.652386109233899
3607 0.4698651567983411
3617 0.4380207317630926
3633 0.6376196946754487
3634 0.7059488776746751
3638 0.6628136506157694
3642 0.5491512981612242
3650 0.44642522886918873
3655 0.34109715654665534
3657 0.4610827699697232
3673 0.6011281340659861
3674 0.4720467240588018
3675 0.7210682779552525
3677 0.6477853738722547
3678 0.18683996573334455
3684 0.21055875846935082
3689 0.9063969695061145
3690 0.3149889377304304
3693 0.6051220606214898
3699 0.5422558908070824
3701 0.3060419805804072
3704 0.37122816514274315
3721 0.4701795137148447
3724 0.6323408745690434
3725 0.5407935612318363
3735 0.5371417084089833
3736 0.5885209786295236
3753 0.4995847949938137
3756 0.5881963092493011
3761 0.40874995830465377
3763 0.624856123899974
3775 0.604792203416923
3805 0.6391293785763505
3813 0.580169494400842
3814 0.5298450324319909
3815 0.6535563654634768
3816 0.3480175269195729
3817 0.5858014225607672
3818 0.5969081258025337
3830 0.5526535307618587
3831 0.5534594898336581
3838 0.38925091306225146
3840 0.8040090360405816
3841 0.42094291641783116
3847 0.29141616122404296
3849 0.5272202965217834
3857 0.4865583426586873
3866 0.5601017930571414
3891 0.41130150699827717
3894 0.26611514260620345
3916 0.5283064069677336
3917 0.549999539199639
3923 0.5959311354609795
3929 0.39031586625851894
3933 0.7053637955827449
3934 0.471255622198358
3935 0.5925696134135827
3936 0.5125584535404271
3937 0.39876847589387765
3940 0.4539784982050253
3950 0.44100052583189525
3955 0.5443006860461358
3956 0.3765374422914411
3959 0.6374820039861894
3961 0.6056772737860048
3964 0.6258892126034084
3969 0.654945480889193
3976 0.49721293158446916
3978 0.4813506570972208
3981 0.4076739808198191
3982 0.4824001087107438
3985 0.6444141463937032
3986 0.604808115377528
3987 0.5328308033799232
3992 0.4896948317440296
3997 0.6610991857947661
4002 0.43799546565729536
4003 0.5472799164735646
4005 0.4103352363190256
4007 0.5243867936624503
4010 0.2590118805209287
4018 0.32627251981906963
4025 0.5022353974991953
4030 0.8023571400195243
4032 0.6493187596973607
4033 0.6801284851592458
4035 0.49566740798326775
4036 0.36060567976162505
4037 0.8297587593437213
4043 0.4880842221091452
4047 0.35448647819074736
4056 0.5485186420656247
4059 0.5900304839841863
4062 0.4325800735260825
4063 0.5275098323842814
4064 0.43181899651632216
4066 0.7508550162887152
4070 0.6287458943346689
4081 0.5735799822571016
4085 0.43901890661806314
4097 0.5924538665678928
4099 0.5372726824960776
4100 0.4879155805958092
4104 0.643129375123991
4111 0.6433617575101882
4117 0.47296417040050176
4125 0.575828224577642
4129 0.5425980951940907
4131 0.3642303207474231
4133 0.816009685490335
4141 0.4911567178087371
4146 0.6111665821108445
4147 0.3914228100265443
4149 0.6380391603608574
4152 0.5536850813389447
4161 0.668111516828141
4171 0.6599899583142445
4177 0.5553378849070608
4178 0.5280793011676703
4182 0.8790805266217395
4185 0.416678091442333
4192 0.6721504178256658
4197 0.6016274444572652
4203 0.36723870203865344
4207 0.4433983338502562
4209 0.7502656473765014
4210 0.41012883623110935
4215 0.5778773514267666
4216 0.3574567074440584
4218 0.5986978278947589
4223 0.5398313921749196
4225 0.290449235927711
4242 0.7207753322177008
4245 0.35017401172279494
4252 0.7299948491861957
4256 0.502366501195341
4275 0.5380623974722968
4278 0.5369821215461158
4279 0.6097256024854202
4286 0.6322087307130287
4294 0.26926915878713065
4296 0.42835216764758477
4298 0.28024680175933536
4304 0.4793581233276211
4314 0.7015501176466155
4315 0.5251107116211543
4318 0.5051084429647572
4323 0.9611723077529443
4324 0.40919438674760616
4344 0.724545271932308
4345 0.4619830074330669
4347 0.4462743237939234
4363 0.6960351512603714
4364 0.8353204535842912
4369 0.5070024808628864
4372 0.6265966129211855
4381 0.5290222367901967
4386 0.48030182417567924
4387 0.3500804108192798
4390 0.48499925551599016
4413 0.6056911425479328
4422 0.43193571553409504
4423 0.515126453616345
4436 0.4880376304199081
4437 0.6709429611411765
4438 0.47766655116869045
4448 0.3373539620949922
4451 0.45940595789514715
4453 0.4857841755020716
4455 0.4975491642367497
4475 0.7339311149250614
4481 0.4696870011141565
4483 0.5712714995377124
4486 0.6477978806250354
4487 0.31883181151457396
4490 0.7571195992062921
4492 0.3938270339910753
4495 0.9055495880997075
4497 0.3940399008850938
4501 0.39039099757175355
4504 0.34591645014246775
4507 0.5232448004627912
4510 0.693993420192041
4512 0.36483903952574864
4519 0.5510189622423176
4520 0.48700558892242407
4527 0.6867425953704758
4529 0.8762621165306204
4530 0.5389141530669049
4531 0.3064614135495867
4535 0.7646766373105683
4538 0.526760106322944
4539 0.24666295914376388
4541 0.46344803542159735
4546 0.5546611416446776
4555 0.26715626126206027
4556 0.5265636802628921
4561 0.5472986453365702
4577 0.5573975318390395
4587 0.5364157152681389
4588 0.47688700250750604
4603 0.33297703082716784
4604 0.6141216577811606
4615 0.4070311379456524
4616 0.5478698908331849
4617 0.6140091126317752
4624 0.40124222274600496
4630 0.45756306009560366
4631 0.7130207115947625
4637 0.6527201472494394
4640 0.3828774240761487
4646 0.7687520408457575
4647 0.44324131747792705
4649 0.30293218020572227
4656 0.4123753339699129
4667 0.6200391195191755
4670 0.5725152448997376
4672 0.421215927165815
4673 0.7976490055092926
4675 0.7430936365974949
4676 0.3109671271557054
4688 0.624003870059854
4705 0.25767409342843156
4709 0.35393906207478576
4715 0.10900298283512844
4716 0.763523753499036
4720 0.47608299258158826
4723 0.6511986225603759
4726 0.4872417987056139
4730 0.5075057362977775
4742 0.7561742085902917
4744 0.5150661656391661
4751 0.3425151650460626
4758 0.5851285521119067
4760 0.5701963554142729
4764 0.6633359201801878
4769 0.34134542205991897
4773 0.5093507632757257
4779 0.622383528651712
4780 0.5193123501671537
4783 0.538070072350397
4784 0.4851229151089377
4791 0.42846989371675465
4795 0.48883613923279007
4800 0.2886799393968619
4801 0.7098808575408705
4806 0.5654704016327902
4817 0.49509868975420657
4818 0.5382668273255612
4824 0.19166818327193968
4830 0.7618096655457631
4831 0.5043554708537469
4835 0.4127944072813931
4843 0.486516867421242
4852 0.458634251939346
4855 0.4024616080345473
4856 0.7629037650215906
4859 0.5449376695038183
4862 0.6210107952387361
4867 0.47238407585028935
4875 0.5740980597530635
4882 0.6201776569461933
4887 0.3198064490806294
4899 0.5266014057238065
4902 0.3577805936342638
4905 0.5406094137761943
4909 0.49219270274210286
4910 0.6625022794234645
4914 0.2553687022675362
4916 0.4489691955152054
4917 0.6243292972428554
4920 0.5562867984928481
4925 0.6029877473633471
4926 0.25094579510968335
4928 0.6274967320840933
4935 0.6211678298163417
4942 0.2853166457412882
4953 0.6301308049312375
4957 0.3615135047890569
4963 0.6668831548880915
4974 0.6224318328611096
4983 0.3638416535662087
4991 0.36107892513299095
4994 0.423045563612988
4995 0.71075099543344
4998 0.40607875826707207
