1 0.4864781466487373
11 0.7550422158587445
12 0.30940957902381405
14 0.5963939461382869
16 0.5155903422954701
20 0.37620729489018284
22 0.5199881897678916
27 0.4170556482798106
31 0.4617243056667422
32 0.6842651987256478
34 0.43607473772153593
35 0.3014893108133579
36 0.6431080721152334
37 0.4840561037077569
41 0.4604160274453537
42 0.3610712653945254
44 0.5267731542071579
46 0.4659238171601736
49 0.6812426271455838
51 0.5733315652957384
52 0.2153790591653413
53 0.5893739730838926
61 0.4527165463194272
63 0.7167225586045405
65 0.7542420330106008
68 0.6164069101671665
69 0.38056843280886227
73 0.39350295508094074
76 0.47976991700532556
77 0.5048843551561373
79 0.6642015773903169
85 0.4834442898894654
86 0.6906816146345206
87 0.5056443538206054
89 0.44511543104797097
90 0.6959181521777921
91 0.5815516987403743
92 0.36059545741756616
93 0.5516064064570836
95 0.44072429680579517
96 0.45150087012665435
99 0.5796258581853737
100 0.7125414850359028
102 0.3520404656024636
104 0.18560789743516234
105 0.5760775326810653
108 0.47392485076930024
109 0.09537433271016685
110 0.624980725909394
111 0.8612359607996297
112 0.3449273116701033
113 0.572783351097927
116 0.5243873268912927
122 0.3633482324767952
127 0.4027504894509301
131 0.6254213417016125
142 0.44725279472480056
144 0.4067072847196842
150 0.3845790706953089
154 0.6377005685628809
157 0.4162707843229296
162 0.6108179330932314
163 0.3896001028074675
169 0.6804319747550392
174 0.42566087944233916
176 0.6368444669960235
180 0.5779841727650774
183 0.5407120313644954
184 0.4207605293432057
187 0.6900834670485524
193 0.5844531208318612
195 0.5660944289217699
199 0.5223547318616801
204 0.5753636955202072
205 0.5310053823692459
207 0.4748054631156038
209 0.5610549077598125
210 0.3713911941254233
213 0.8094403192797457
215 0.5452055423188209
218 0.607084999931319
221 0.4541673972539427
223 0.7347788242644239
224 0.40278231620910426
225 0.6608483643602832
226 0.45055916168271526
228 0.6550165459403214
234 0.320484415102946
236 0.4339694305035678
237 0.7145082877543104
239 0.36676069004928036
240 0.36545633334080474
243 0.33821790275938535
244 0.8035537803472995
248 0.40470649224781263
251 0.43691143459907683
253 0.4884589337162228
254 0.7232651957746968
260 0.7029464945577923
262 0.5866368946500379
265 0.8314544011546736
271 0.6051607363391712
272 0.4086605748991749
281 0.5877597770722999
282 0.4166345745535692
284 0.47761982341732945
287 0.7392794378896373
291 0.5628425578439188
292 0.5015721036893926
293 0.5472462192133815
295 0.7653001874235741
297 0.2801919109342155
298 0.6975913325902973
299 0.3848177472518058
301 0.5871141300011053
303 0.49490156407647773
304 0.6481356117025707
313 0.5311901210775282
316 0.5694776889193579
318 0.4772241522492074
320 0.3100311878544658
323 0.6691862716771456
324 0.443816447949449
325 0.4820854322652777
327 0.7324020618683074
330 0.17937615511051916
334 0.2653947081818693
335 0.34210897370643034
344 0.6985092939089184
347 0.3692120540261114
350 0.5654298791047527
352 0.3458162367832731
355 0.31360125155262414
356 0.6541104813733756
360 0.5295121718245688
361 0.5572959069079908
362 0.7288789610410022
363 0.48400999848548765
368 0.7346627787615874
374 0.5013497317299693
376 0.7567083397224853
377 0.47236782127685767
379 0.495536192670749
383 0.41328129050928347
386 0.48682662437425245
388 0.580846835932572
389 0.6198166201104007
391 0.5082717122786681
395 0.6021125495712465
398 0.5683160671611066
399 0.32697203407827713
404 0.5112141589114894
406 0.635666058758611
412 0.4101218085570078
414 0.27704973010101963
415 0.3997613556276325
418 0.6042937956025565
423 0.4933120776915004
424 0.6237469229056204
431 0.35457849732688174
435 0.4689836471379281
440 0.32047597061849975
447 0.6135535464598979
449 0.4747165329329778
456 0.4552279493339548
465 0.3811923879744785
467 0.43141682743874843
470 0.49279988495021426
471 0.5371674966738202
473 0.38704576566066123
474 0.5260207446218765
475 0.42889599689326047
477 0.4716337886533816
482 0.5873972218415662
484 0.32968970726215385
486 0.5901271476791321
488 0.8210999265350578
501 0.25483644147167245
502 0.7021754571173986
503 0.5421890778132797
504 0.3638189494755806
506 0.557235590954959
513 0.4119328731830415
515 0.5726499767961382
516 0.19033288067517992
518 0.5776048907117679
519 0.43142109836386167
520 0.51079478571112
521 0.5692876154721713
524 0.49648373437996474
525 0.47072189621635807
526 0.31976702270850116
527 0.6404657123071367
532 0.4046397407929018
537 0.6619169653417472
538 0.21100967306139634
541 0.3513455231326072
542 0.8149559059059441
546 0.5329972308266171
548 0.49730150025985337
549 0.3456996153686883
552 0.6244184366712794
554 0.748093332832707
556 0.6910880666941429
558 0.45257973082083947
560 0.5094582592627814
561 0.3865537215713715
564 0.4667697573310979
566 0.5397994732139946
577 0.6419679188933224
581 0.3320929904705522
584 0.8131335217733173
585 0.5283110288616336
586 0.5318832512874246
587 0.6044999596931822
589 0.47944631754529243
590 0.5579540800719034
592 0.4797638890424445
593 0.7453941550717393
595 0.49883199898717645
596 0.4709110735404318
599 0.6875375384575848
603 0.7144690105141827
604 0.3175422614972103
607 0.35483832655142306
614 0.4381181944518467
615 0.7248344399693654
616 0.46350110208115214
620 0.6609983778938386
621 0.39751417286507335
622 0.7241016662337967
626 0.540868888969927
627 0.4668389774413221
629 0.675467048641851
630 0.34939812493660344
631 0.7317988644429534
635 0.5213061706722282
639 0.3303390084371895
647 0.29382185504473685
648 0.7233522110281979
649 0.3248386366968309
651 0.47646726268563167
652 0.5464703292096061
655 0.574051309536282
656 0.3700196652460387
658 0.5529642206430766
659 0.3965159301259608
660 0.3862399119560425
661 0.7564889522003667
662 0.3758833960605722
672 0.48335962482246364
675 0.4502670550557793
676 0.41067579935799636
678 0.33840415809110086
684 0.3460658735067349
685 0.747993836315978
686 0.473705547444902
689 0.3262209190737516
690 0.6309867083605206
691 0.5036569136532977
692 0.47869229124284646
693 0.3513888300736621
694 0.6468187992970231
700 0.5222947091969224
705 0.47609251224141574
714 0.44469439428572255
716 0.5354525002609428
718 0.34171091465186937
719 0.5145809295235294
720 0.7071848818291976
723 0.5255449899036148
727 0.6577885347407618
728 0.5454410903161336
731 0.548693273174065
732 0.42461084251050996
733 0.4879873363587907
734 0.6873297620213564
736 0.5218884024737359
738 0.7310704402582515
743 0.5816586636928716
746 0.45733293553851906
749 0.5886868786182675
754 0.5547092200158941
759 0.5277708179921262
765 0.7054263513629612
768 0.4418782827038907
770 0.5493784334927277
771 0.47380943854888025
773 0.5580205545126962
775 0.5351343265675768
776 0.5994557235199754
777 0.5574659390681745
779 0.740283487647761
780 0.6423385858217567
784 0.4984631231046127
788 0.33955408666204445
794 0.473178403545054
797 0.6510303206244301
798 0.7318747615251185
799 0.4305929403703188
802 0.4807675079391798
803 0.5453013198082717
805 0.5360621130953672
808 0.5798586023512337
809 0.5608394093759898
810 0.6823353619343593
811 0.5287002805935724
821 0.49858496306337186
822 0.48711047985784517
823 0.5289555615182935
825 0.5906759861453839
827 0.36649210726204734
833 0.3211682804994187
835 0.5265591901859169
836 0.527718622481514
837 0.6713342345443547
838 0.4111817172864478
841 0.5884262060604767
852 0.6615925687526714
858 0.4961149932929302
861 0.6918171234109791
863 0.4314429035145693
866 0.42032389970785555
869 0.5909973754293755
874 0.4349542106707115
877 0.35400070210048495
881 0.07070053895842833
882 0.7552197711805496
883 0.47627777882857086
884 0.6497307340959895
887 0.6853319324252523
889 0.5885114274235674
890 0.5295766907363398
891 0.23882683418601447
892 0.7139788487188811
897 0.6296801259154815
899 0.4354616559991861
901 0.267581076862947
908 0.4200952619182743
915 0.569168337894552
916 0.752499187523348
918 0.5486867706351213
924 0.6363930560814999
925 0.6187178607677016
926 0.4571147625111074
928 0.6828092888323494
929 0.5594580092430896
932 0.6817230999556015
934 0.5453678662122762
936 0.4895628069767223
939 0.5658195615355022
945 0.6539018286138226
947 0.654891578780226
949 0.7298044033095489
950 0.43992053891125543
955 0.33035382936474417
959 0.674372306145294
968 0.5091783377449169
969 0.39798288050223973
975 0.3657896351453467
977 0.48696105146608515
978 0.43510573713136974
979 0.588611108878635
980 0.5114076756528415
983 0.3088683045803656
987 0.6930960255579721
992 0.4412065889875536
993 0.7906498109595451
994 0.5350806935137277
995 0.630856777093656
998 0.49738131981818096
999 0.6717993770295636
1000 0.49586459650734055
1003 0.5313256223821037
1005 0.519961372097193
1008 0.5243458183017532
1010 0.7415099642155002
1012 0.5537996444370368
1018 0.48696295912057946
1020 0.4679878461027165
1024 0.5628699929817267
1026 0.4919645756142618
1027 0.5768155973429108
1034 0.4590371926903691
1036 0.578834794668734
1039 0.6326631964861188
1041 0.46713934047551026
1042 0.4098498073464828
1045 0.6218068736074275
1047 0.5386689851008324
1051 0.5316982802700901
1054 0.21628810581825889
1055 0.7361737623414084
1061 0.5081323183562859
1062 0.7259410736379088
1064 0.6909212085844579
1068 0.4262105963152452
1073 0.5973198982356832
1089 0.5138035838357766
1093 0.5174102724119753
1095 0.30953197076521943
1099 0.7120774498597365
1101 0.5569806841639792
1103 0.5897706563129435
1104 0.4052006293399191
1106 0.4865597133002966
1109 0.3814306099764918
1113 0.8006886441907586
1115 0.6221355891494501
1118 0.5418881490653934
1126 0.7433848562146487
1127 0.4821714365318484
1128 0.5371831233859526
1133 0.6588098756937514
1138 0.8189767944802062
1141 0.6683418822597704
1143 0.7038636921204201
1144 0.5374587118236187
1146 0.532294817414685
1147 0.3754019640433569
1149 0.693523685815293
1153 0.5188538880732861
1154 0.3232952779359723
1157 0.6097939826515388
1162 0.5322652791058453
1164 0.435468483375903
1166 0.46888950483953123
1167 0.5829204319385792
1172 0.44460228608516295
1173 0.5070298297731289
1175 0.5576487276262413
1176 0.5006670058076345
1179 0.5274727079858108
1180 0.5403784441397793
1181 0.6910051002582197
1189 0.7337899184847622
1192 0.6797579452095274
1193 0.4443279305669216
1196 0.4987240417052297
1201 0.646499094332567
1202 0.29791449403551307
1206 0.3997680870452532
1210 0.7169322914217756
1218 0.49367959334893335
1220 0.8931825533978017
1224 0.4436777887529397
1226 0.32186000692376165
1227 0.41508042706403375
1229 0.6308622979783042
1232 0.9022738897382612
1233 0.12439853971932832
1235 0.40722846090620246
1239 0.3471601211908618
1241 0.6953514303239534
1242 0.3981335551615337
1244 0.8142750697419285
1247 0.39225805605835146
1248 0.5147500998514618
1250 0.7304738548193228
1251 0.3246371172653854
1252 0.543042247843002
1256 0.6732663658788441
1258 0.5775963226802198
1260 0.6482407660231589
1263 0.5563726091936879
1264 0.4710725579960254
1266 0.607957077145403
1270 0.5665517171322166
1271 0.40411743900626196
1274 0.2891248297890764
1279 0.6518505818806742
1281 0.6189159448572851
1282 0.39752044585126084
1284 0.4394679301271328
1285 0.6214223068468225
1286 0.365872536265492
1291 0.5010934778613756
1293 0.4133331824336676
1297 0.554729136539551
1300 0.575127782327467
1301 0.47067565736165834
1304 0.2597123596391603
1306 0.5477405142150409
1307 0.45436126826052703
1308 0.5475776933310391
1309 0.7181351630032783
1311 0.4215580027414762
1313 0.598286877095734
1314 0.7107524706647329
1315 0.6081528547646743
1319 0.36614271068324644
1320 0.5766195145591606
1321 0.41765987664364607
1322 0.6279974095008102
1326 0.5984988354812221
1327 0.325821165431457
1328 0.5158135467766476
1330 0.54057918063461
1332 0.6436016943250802
1333 0.44260875364592706
1334 0.40405322618689243
1335 0.5063583465942098
1336 0.5703189645015423
1337 0.546633561950421
1338 0.3435438283559458
1339 0.49090009657603856
1341 0.640344120259472
1343 0.6093845852055468
1344 0.34359326444903376
1350 0.5407827746071766
1361 0.6740229310718822
1363 0.3694340892252016
1366 0.6965971632923872
1368 0.5451748224295736
1371 0.7457848795008268
1373 0.42331787209464394
1374 0.6051926650279515
1379 0.34800876699089756
1380 0.6028187822993583
1381 0.4685932260800223
1383 0.4436883872565321
1388 0.604348728452814
1391 0.29941023352610147
1392 0.7012290379224763
1393 0.5411520745541144
1395 0.6508906884607496
1396 0.4494563538211889
1398 0.4942406958411715
1399 0.5265273239459906
1400 0.7695208164611633
1402 0.4988065600622352
1409 0.6214179973012256
1411 0.33327634077979384
1412 0.6163590530463859
1413 0.572779506413688
1415 0.8229978530442501
1420 0.5577485579651978
1422 0.5609569139610517
1424 0.5742891612109513
1427 0.574823697126332
1436 0.3266071711676581
1437 0.5547516428626432
1440 0.55041810919383
1441 0.3974595029854192
1444 0.4911788239969329
1447 0.39175135472848793
1450 0.3970761602863065
1453 0.5328085204933416
1457 0.6318883517351709
1462 0.43173344924191936
1470 0.44338021795696186
1472 0.5539433740980936
1478 0.4960311376913661
1480 0.6080777288319414
1482 0.4665553316581202
1483 0.5341106524387824
1484 0.7247735795202682
1486 0.4555132561910146
1487 0.6261026289145867
1488 0.5570124276141046
1491 0.6245584218151904
1494 0.4987100758032266
1499 0.5943239232270618
1501 0.851184078139443
1502 0.4275393705735128
1503 0.49790268756950945
1505 0.5167285418185834
1507 0.6222352867774809
1508 0.628375336005079
1510 0.8088579954956788
1513 0.3952685151864453
1515 0.3105920930641868
1516 0.6604247818546052
1520 0.5241084478349045
1530 0.5632281933516371
1532 0.3635700196039327
1533 0.573713052155729
1534 0.5123800999327034
1536 0.5974933153676206
1538 0.5009393590007835
1542 0.4308867655913299
1543 0.7842842309480743
1544 0.4781528410765116
1548 0.6225974399445271
1550 0.7241839246294951
1553 0.4860434520360321
1555 0.4902631135858433
1558 0.49859591389476837
1560 0.44231556104830155
1561 0.5598781121383551
1562 0.7242839898277733
1565 0.5719452490817092
1566 0.4419872972115793
1569 0.4769477058410759
1570 0.6619552396377506
1573 0.4366055093808632
1576 0.47135810308391746
1579 0.557514120771582
1581 0.5696991827557265
1583 0.5262607919285567
1588 0.3473614452538269
1591 0.37659732599742457
1595 0.5246171519105267
1597 0.6962949146548307
1605 0.4200435387828671
1607 0.6068363955057595
1609 0.2870050265460351
1611 0.29302132039066875
1612 0.3173067798244453
1617 0.5529466417936196
1620 0.5476986487800571
1621 0.7863759801179457
1622 0.3109094280928661
1627 0.5894539166278113
1629 0.4912940319105851
1631 0.4608177475815582
1633 0.47251920449892293
1636 0.4928588609442589
1637 0.4401896879140381
1638 0.776431666524714
1639 0.31386359366751865
1640 0.518566914871035
1643 0.4768271928147609
1644 0.5598257211128925
1645 0.5256173310085046
1646 0.5295516839235195
1650 0.7690496009895086
1651 0.47605750460715346
1653 0.3148725315278096
1654 0.6054795949339096
1655 0.5641174273748564
1656 0.4789067886985365
1659 0.8637305116595276
1661 0.5626765155382589
1662 0.5816758096845493
1664 0.4596538168776039
1667 0.2509968814164914
1669 0.5534400100717176
1670 0.4044795280903951
1672 0.6297621937029203
1678 0.8172443373947093
1680 0.6268154556264994
1682 0.48577487110782636
1683 0.6618033216861848
1685 0.4293513212546065
1687 0.5437721322936421
1693 0.44029673355915694
1694 0.45741144024183444
1699 0.43886876468749203
1703 0.49470035094459625
1706 0.5334408178904845
1707 0.46704093034374095
1709 0.3087622424732921
1712 0.7499436013911173
1713 0.4281405885525801
1720 0.526103950898957
1721 0.3885184051186828
1722 0.6763961044453473
1724 0.3363496980802115
1725 0.4825622330487713
1729 0.7003999322859803
1730 0.40686163431450645
1734 0.4925398400767451
1735 0.6832004913383205
1736 0.6017457856588301
1741 0.3967244054283715
1742 0.5795003884105495
1744 0.5508582640159908
1751 0.6204445992540176
1755 0.6929465685863503
1756 0.5616620077852099
1757 0.356022165206025
1760 0.6642610409724203
1763 0.7914361979013035
1764 0.478806461485908
1765 0.33210867924035675
1766 0.6210593874995936
1768 0.6627392121219934
1771 0.5964522886618476
1772 0.3813373347865233
1773 0.678704612312334
1780 0.5375022568024215
1783 0.4078110340040709
1785 0.6535376976352161
1788 0.7489588566491148
1789 0.5320092027198466
1790 0.3539181241410076
1792 0.43067491399526037
1796 0.31260149953917066
1797 0.5862040810971209
1800 0.7603804536727393
1801 0.3240230240666872
1808 0.44462246305374936
1815 0.5391772801565674
1817 0.7170806092374005
1820 0.5816753945324401
1822 0.5049196579855906
1824 0.6822052114692927
1826 0.532338069934791
1828 0.44459621920934933
1830 0.5927983839104249
1831 0.5181078454773225
1834 0.6876793482619706
1836 0.5913659684318457
1842 0.5556556131881847
1844 0.4376677992204688
1852 0.4554463655484925
1853 0.8085139855146035
1856 0.25031566898028706
1858 0.5718352131872744
1860 0.4605240182473322
1861 0.39909034913708075
1865 0.5188235478012622
1867 0.5507764547136798
1868 0.46165744083446686
1873 0.3510026575182453
1876 0.37857024980968235
1877 0.39289884939147107
1878 0.41456309349370446
1882 0.7126049709210047
1885 0.5975920463845755
1887 0.48173711461166213
1888 0.5925413171913952
1896 0.40138119834220015
1900 0.611019429201077
1901 0.43637521969792664
1903 0.6200432530106714
1906 0.33739177424223754
1910 0.6373440279143285
1911 0.4308048998550929
1912 0.3832656897748853
1913 0.8508950172140248
1915 0.41417321687271924
1917 0.5027269064605244
1918 0.6878362056337478
1919 0.6914742493475731
1920 0.0
1921 0.5459663367132268
1923 0.5276789789153525
1924 0.6405067518890273
1926 0.6350288619353687
1929 0.4620340216338355
1931 0.4799521325589241
1932 0.5049931043197808
1933 0.6994636652176793
1935 0.3544978686059008
1937 0.47492510793144066
1938 0.3873969158027286
1941 0.5692586669891798
1943 0.39732464892178554
1947 0.3661402760946508
1948 0.3339742061827789
1952 0.4670477018456498
1953 0.5758537239157991
1954 0.40699296091539694
1955 0.343127266273023
1956 0.7048441329242724
1961 0.6253454679029318
1962 0.5513236239665915
1963 0.5908156111602199
1964 0.3323762055777404
1968 0.3834685043433748
1969 0.3797434514721252
1972 0.9147179748801529
1973 0.4443961662752451
1975 0.6875320441649752
1976 0.19416903959416937
1983 0.5386723776235365
1984 0.4286759622878048
1986 0.27759119588145104
1987 0.8476532200385433
1988 0.512966869335083
1989 0.5154787565104783
1990 0.5357557029572687
1991 0.4605733621698316
1994 0.5481158493434565
1996 0.3758938040401408
1997 0.7636464542516231
2001 0.4762979245855706
2002 0.6218061112717352
2004 0.5859606870530066
2005 0.4627358054419146
2006 0.5127012611200151
2009 0.5894537097705288
2012 0.4705118383341525
2014 0.42824798333744135
2016 0.48730402408439183
2018 0.4479775063807375
2019 0.5515125612080914
2021 0.44685173684719165
2022 0.6328532180344513
2025 0.4396489021228077
2028 0.49722354263957513
2029 0.6829198723951757
2030 0.5499166934734003
2035 0.493993951080034
2037 0.49035524244882733
2038 0.19734062246382544
2039 0.7212151807658047
2040 0.6192935440647899
2041 0.4255256905780328
2042 0.4479301372991078
2044 0.3595894327171813
2045 0.6217585328988212
2047 0.6691360140681871
2049 0.5075761156700521
2050 0.16273864491940174
2051 0.6284119799808119
2056 0.40823515716689596
2057 0.6944436773240877
2059 0.5303067335400833
2060 0.5176182232487303
2061 0.37191194433664704
2066 0.4768832839304836
2068 0.514025889808841
2069 0.6204492215062682
2071 0.9765175430746277
2074 0.2935032464721234
2075 0.5187409862606782
2076 0.5355192562410213
2078 0.408531758086623
2084 0.4036744065651055
2089 0.5210905763149296
2090 0.35570921422339685
2091 0.6853253861639346
2093 0.33609832009509893
2100 0.38266920047617337
2102 0.48647899243385334
2104 0.37586353836397424
2106 0.549873394663467
2109 0.3967551274876033
2114 0.6277798906931117
2118 0.697831194071132
2127 0.45228091493773015
2129 0.44246563652540805
2134 0.3274922620802834
2135 0.5899381776229637
2136 0.4200243223934043
2139 0.8174012499622336
2141 0.7143402374317732
2143 0.3486146186328282
2148 0.4847322080029151
2149 0.7178647187460009
2150 0.46665069699684797
2153 0.37415533762912234
2158 0.5575964839621174
2160 0.6318363980279197
2161 0.3967535760381629
2162 0.6787566857808524
2163 0.6208961822070858
2166 0.5107509262089146
2168 0.42998045819013214
2169 0.38427514610273195
2176 0.3121661541770101
2177 0.9172486479707808
2178 0.33300301181000286
2182 0.5389990916766918
2184 0.6133102102181051
2188 0.7773797030637659
2189 0.4770406309838145
2194 0.5521352224441929
2195 0.5205892842050531
2197 0.918270368282327
2200 0.5175090318535407
2203 0.8723399097579886
2204 0.40658207452587763
2205 0.4519563060942126
2207 0.8751501138163148
2212 0.5521481282166659
2213 0.5479756928145579
2219 0.5659979183695588
2228 0.6027781844476923
2230 0.5847241576030424
2237 0.3141261066136926
2238 0.7317920521255499
2240 0.4050312699424317
2246 0.5242708058009067
2249 0.436557857548058
2253 0.7245900808922695
2255 0.40218045574605693
2258 0.48417476736967596
2260 0.7430588357212954
2261 0.5134972594401991
2262 0.4720463161635583
2264 0.7971078867478023
2265 0.4977134072399037
2266 0.3978090983291356
2270 0.3505348311618131
2274 0.7453835532804347
2275 0.5591487557401925
2277 0.5560873711787853
2278 0.6139388476548393
2279 0.39017202330612744
2281 0.45679722528509065
2285 0.4770429000279554
2288 0.3913591296469326
2289 0.5674113573312454
2290 0.5937254161347132
2291 0.6954268181519346
2292 0.6721377740471135
2294 0.3966996856411895
2295 0.6751917812658588
2296 0.5350808828298169
2297 0.5241453635660077
2301 0.28127793314432614
2303 0.6562641207101229
2305 0.5019049685211696
2306 0.5199372807627572
2307 0.45806710141533746
2309 0.3336076610390961
2314 0.43521358145735667
2318 0.5435408300210168
2321 0.714419105249726
2326 0.47520630618236087
2327 0.47709679044657843
2332 0.6794124903439394
2333 0.3613009470411892
2338 0.4847196820998506
2339 0.3651472650439879
2343 0.5048988009157355
2360 0.5277400454700817
2361 0.672573069628731
2365 0.6280003284873241
2366 0.394165609710908
2367 0.6070937045518555
2368 0.5961829692637248
2374 0.5029894075765403
2377 0.6331278133215177
2382 0.4633319091599806
2383 0.4764737214933469
2387 0.5217908314341524
2388 0.5351680023518782
2389 0.4554779389246886
2393 0.3971942558880376
2396 0.3506458732378349
2401 0.6228276054085805
2405 0.7393771975209097
2407 0.8607193683479891
2408 0.4761319344304318
2409 0.6507299116436449
2411 0.7138999243119908
2412 0.4815123256431705
2414 0.545353390903554
2415 0.6061012112363361
2418 0.28725445673268485
2419 0.8002902838867475
2420 0.560044872680392
2421 0.41297002543312644
2425 0.47768427340566705
2426 0.47257953094692284
2427 0.7453130789905292
2429 0.5510212850488622
2431 0.5543753466472254
2433 0.5142539007495494
2434 0.6012652994098378
2435 0.6261905221521687
2436 0.29721561506428756
2438 0.5216026923197071
2443 0.4992238005196299
2444 0.6323950608207528
2449 0.6878613369493615
2452 0.5946579746029428
2453 0.6460347572062214
2458 0.6666745253501285
2459 0.3939521577954067
2460 0.5022498449227898
2461 0.5122934548719312
2464 0.3556967695021526
2465 0.6181277008697506
2469 0.4638106206394622
2470 0.5020100633226567
2473 0.4980856551906927
2478 0.669929510745743
2481 0.5767051261487766
2483 0.416101324544337
2484 0.3764876093249897
2486 0.4697984073161666
2487 0.535898765989283
2489 0.35689192188181723
2491 0.5482157033603009
2492 0.6099541999723737
2502 0.41633827042818583
2503 0.5603292109301832
2504 0.4780299543550414
2505 0.29019465529281024
2506 0.62486306973397
2508 0.6597193695620246
2509 0.5555786161140794
2512 0.3831250128387053
2513 0.47736700739487364
2514 0.705557217010881
2516 0.34235526777215525
2518 0.6497449839480474
2521 0.5299204014601087
2524 0.5743264604591051
2526 0.4880180652085163
2530 0.5246569739926474
2536 0.6429252560210686
2539 0.5802945565697138
2542 0.5954293334543271
2546 0.38440713485914724
2549 0.6423220420395842
2554 0.497640749739376
2555 0.6875525367993433
2556 0.42822510288284815
2561 0.6090801277272402
2562 0.4794128874616535
2564 0.6267752313097477
2566 0.40937731582855913
2567 0.5305835034685715
2574 0.6647137347981981
2575 0.6093489745589226
2576 0.6668881230753023
2577 0.20861013532676823
2580 0.572264382114407
2589 0.3816252083070674
2590 0.648463686561674
2592 0.626727644522591
2594 0.3831330648337683
2595 0.6272931411641445
2597 0.6439388879341058
2598 0.5449535279483673
2599 0.37775798581449654
2602 0.5408002298757708
2604 0.34132215131930793
2605 0.6506534172913038
2608 0.28929343022826637
2609 0.699088535572098
2613 0.683846782237331
2614 0.49501187132436847
2621 0.4047207880989183
2626 0.2303593466844338
2627 0.5361921849812226
2632 0.3190063403718705
2633 0.5540326607259567
2634 0.41204628516196956
2635 0.7256310584633088
2637 0.6443916367418028
2638 0.29698926424824584
2639 0.5361353791874559
2640 0.44414734290244684
2642 0.6719232499821389
2643 0.5258889679725871
2644 0.3687697107763005
2645 0.6585203569549702
2646 0.4558489187148073
2647 0.41879961794752063
2651 0.7688553776855257
2653 0.6358876408159732
2657 0.4369982212353193
2662 0.4276581845942607
2664 0.605076375721175
2666 0.3748367842877162
2667 0.3885828271223617
2668 0.28799294356663857
2675 0.3289231578689302
2676 0.7026157206363365
2684 0.7571670213980043
2685 0.5302556153976693
2688 0.8576318711002826
2689 0.43775864856884583
2695 0.6421122982704973
2696 0.7028421703148691
2700 0.5851434598033045
2703 0.46217716063704145
2705 0.3883469016046121
2710 0.6544652807353779
2712 0.7829059669078346
2713 0.5466950148746847
2714 0.57049393058554
2719 0.5399534814212218
2720 0.6274186033100059
2721 0.5429314344858885
2722 0.4110227875528014
2723 0.6881874630631807
2724 0.1741759735438029
2725 0.8363590345763521
2728 0.5935207425519318
2732 0.44073781971875686
2733 0.5185541744565713
2734 0.6344640970597705
2736 0.6847303538250413
2739 0.45692078813745457
2742 0.5604078193886218
2744 0.3963292192530369
2746 0.5383271664539204
2747 0.744599761410371
2748 0.3485048755074329
2757 0.37164776022069906
2758 0.4675597971857191
2760 0.658936109207413
2767 0.21978543230953043
2768 0.7885862398460126
2773 0.5939685250498237
2777 0.5851325300827499
2780 0.42673923889804455
2783 0.6108847956407841
2786 0.6774042351372995
2788 0.5532560332036109
2792 0.5960435760761434
2798 0.5747161726058265
2799 0.47064277761477025
2801 0.3427632651516458
2803 0.46275546275999435
2804 0.6311227548337965
2806 0.47893528313125516
2809 0.5001435218024287
2810 0.6128491883538397
2811 0.5163938152249165
2813 0.7966477971628289
2823 0.590661108039991
2824 0.565261288575912
2827 0.5764224912357471
2829 0.5804517671248968
2834 0.5010977040090867
2835 0.4511571693314106
2837 0.5101989870286462
2840 0.5350529276080682
2841 0.7723798538625807
2843 0.43206265969464497
2847 0.47683095433239336
2852 0.4474822415321367
2854 0.5346555699669934
2859 0.5689781745140876
2862 0.5915580428366046
2864 0.402360634448875
2865 0.36973450958416576
2868 0.7890522902308612
2873 0.14539650286591876
2874 0.7903068893214475
2877 0.512363348789812
2879 0.48409976710098684
2883 0.6899780231833269
2885 0.4432002067733839
2886 0.5332215535256464
2887 0.2162294015143301
2889 0.34371023946552354
2892 0.29052453815457085
2894 0.5964434808450017
2895 0.5070683585995255
2896 0.41096156774579606
2897 0.5513448468314149
2905 0.5041351171974197
2907 0.6444683592237123
2909 0.5528881370348511
2912 0.5279139963386168
2913 0.8272514552463318
2916 0.6648637856406651
2917 0.3124503328818715
2918 0.5881858171552179
2919 0.47270178346891606
2920 0.4349868798093705
2921 0.3731248083723325
2923 0.7783764460638027
2924 0.5749341740493588
2925 0.33165746887844594
2927 0.5393541599826
2928 0.5224016260667534
2932 0.24322998127041873
2936 0.6147353007539902
2938 0.5732622592041323
2939 0.47454932831631835
2941 0.4204104215237247
2944 0.47120688016747064
2948 0.5603744203064389
2951 0.41021536776860196
2952 0.47529550872883375
2955 0.5832096961543544
2956 0.38796297676118463
2958 0.4119487721245913
2962 0.4578298744614242
2963 0.4853367651606501
2964 0.47698113231566225
2968 0.849534411335975
2973 0.5945779433275429
2974 0.3858062623924008
2979 0.3499903814519916
2981 0.3249672875144215
2986 0.5297873430822586
2987 0.5845444505797726
2989 0.5911720602614492
2990 0.4279938704922224
2991 0.6956571455955556
2992 0.6249277634750438
2997 0.4637340878711882
3001 0.5101591121596963
3002 0.5547056011757399
3003 0.5362708038263492
3005 0.726939506286447
3006 0.3847780698561824
3007 0.6382126041819223
3008 0.7134232142639055
3009 0.2874695603487314
3011 0.5151762121098702
3015 0.5530470191566706
3017 0.5737360090883027
3018 0.5539436787715948
3023 0.5869496601721321
3025 0.4287283441845983
3029 0.6129417046681618
3032 0.30089244308582647
3033 0.3717966943987979
3034 0.6521879388610619
3036 0.36327294638180785
3039 0.5910008500018376
3041 0.6531433589022769
3045 0.34239842527744496
3046 0.6007572765670524
3047 0.46636596564817906
3049 0.5155216804629853
3050 0.46982712391692094
3051 0.32697205672533597
3053 0.4007877276689869
3055 0.8591803252992638
3056 0.45032446781325136
3062 0.5134985271963518
3068 0.617256251023103
3069 0.6842155096263967
3071 0.49504219727504933
3073 0.5135179784176458
3077 0.4587579913113936
3081 0.5012435817722731
3086 0.3542913322782639
3092 0.6321640086359817
3093 0.6356117238248198
3094 0.3815063581583323
3097 0.4299155698506481
3098 0.4852424521762702
3099 0.6571948749137977
3105 0.5708764359611382
3107 0.7043000254544424
3109 0.5706225203064784
3110 0.2967437799790037
3112 0.2996172385445524
3116 0.48721847640573546
3117 0.6020409964544604
3118 0.45777199166090676
3123 0.40928459452723365
3134 0.5544381601035736
3136 0.48403341285660045
3138 0.5994893011039901
3139 0.4526508998950527
3140 0.8215897537594058
3141 0.31452213730311046
3143 0.28799660969459306
3147 0.5284484266500546
3149 0.252725957854451
3150 0.6512824093802596
3152 0.4919206987738491
3153 0.5107330586524041
3157 0.5374776783009344
3162 0.5706312968864004
3164 0.7650340575199467
3167 0.5694458446512444
3172 0.5146488708060436
3173 0.49837697430965855
3174 0.5785919714550624
3180 0.6668288495576461
3184 0.6515630790454022
3185 0.6017525776380999
3190 0.5494409933767049
3193 0.5507010239235792
3194 0.5708353103611061
3195 0.5628112219724148
3196 0.5527569992357174
3198 0.8776696501906885
3200 0.5470944274469901
3201 0.32130566185360726
3202 0.4119546443657469
3203 0.6387861242718518
3208 0.5958327760965548
3211 0.4525788769180763
3212 0.6182594641624585
3213 0.5358081261156598
3217 0.32585543903976755
3220 0.48724159797475897
3222 0.40447795506403594
3225 0.5001514499571176
3230 0.45462733981935516
3231 0.5812543549817529
3232 0.6831993350316315
3235 0.4799105004819973
3237 0.5711032188545913
3239 0.3766588961091304
3240 0.5876004442615502
3241 0.4810570510159745
3242 0.6138495368295587
3243 0.4190408540718508
3247 0.5225634639752622
3253 0.48561052630410617
3256 0.6204433526501941
3259 0.22052502518045533
3260 0.5831063389277596
3261 0.5653393372672242
3269 0.3481667205962693
3270 0.5087893879637777
3274 0.49427391929054637
3275 0.431315450104744
3276 0.46195654629185207
3277 0.3664443595534235
3279 0.44578780267077744
3280 0.5132179453554506
3281 0.4679816432360498
3282 0.5090579799489571
3283 0.4221867169053164
3285 0.5635213244007647
3286 0.5450886903499742
3289 0.4693317637232568
3292 0.517699424762865
3295 0.5864644928396873
3300 0.46868237701331755
3302 0.2931649661980472
3306 0.5656504546296104
3307 0.4642816342300403
3310 0.3851556238007748
3311 0.5150040754659848
3312 0.5251332240710875
3314 0.5180996306186287
3315 0.44856083510956024
3316 0.3925309299002833
3322 0.40148015743630316
3323 0.5438444877808194
3324 0.17942817827059393
3328 0.5435533694675412
3332 0.19629652360020797
3333 0.813028375250745
3335 0.36451934162696714
3338 0.45164525100042147
3339 0.7708002575474411
3341 0.8592224503930627
3349 0.6207322115986607
3351 0.5348854174235597
3355 0.7465911425548228
3358 0.5825181631495739
3360 0.4897134366857633
3361 0.2762594591112461
3363 0.4952893263207066
3367 0.6014928469273915
3375 0.5479270618984868
3378 0.5970936682959255
3379 0.5966725265043604
3382 0.599715416254144
3383 0.3779806538654546
3388 0.6413011164991049
3389 0.37231533790439936
3391 0.6381074721916424
3396 0.5621075294093643
3397 0.592820400157429
3400 0.5440390667636816
3402 0.4834668482137739
3404 0.5682096646271874
3407 0.7162258168226425
3409 0.43032620210651107
3413 0.5672363457828036
3415 0.7449469088557319
3416 0.23939582196368786
3418 0.4387273442224762
3419 0.7175556008686872
3420 0.3573198945783549
3421 0.5182134845453626
3424 0.43195930807083965
3425 0.6085352085638802
3431 0.34699229937383996
3432 0.5398291254047616
3433 0.5778552910841274
3434 0.41111032855555435
3435 0.549107030943441
3438 0.7326542025403919
3439 0.3502087627489408
3442 0.3927862393117536
3443 0.6255902182057774
3444 0.5244571822302808
3454 0.633381315078961
3455 0.5030507034858953
3459 0.37832967324350086
3460 0.5057397234869482
3461 0.4954490040969487
3462 0.44909274160001716
3465 0.6584312119385662
3466 0.4347657843711689
3467 0.6377617680294305
3468 0.6069502777389654
3469 0.54625058677341
3472 0.45175784472144775
3474 0.38681671386275374
3475 0.5798101521104657
3476 0.5373227788679086
3477 0.546817110545727
3479 0.6856433362232142
3484 0.694115060521016
3485 0.5412026550397345
3488 0.434599538804535
3489 0.28530865187524046
3490 0.823468098412782
3491 0.8040137177713099
3492 0.5087232434666776
3498 0.5670639637852263
3500 0.5152923217911013
3502 0.7494036741558834
3505 0.668838210835095
3506 0.428047494363127
3507 0.6102378165745467
3508 0.4640549842364125
3510 0.6954431289038119
3512 0.5291440102222505
3514 0.5506011490786034
3516 0.2323561278560887
3521 0.5475240123145876
3522 0.4591745507598451
3524 0.5313940619430971
3530 0.4381887654527625
3534 0.18303786599403105
3540 0.3736956914426027
3544 0.4869848796659431
3546 0.4055464378888472
3547 0.5872815370912331
3551 0.5121073054958194
3556 0.08563221005241678
3567 0.6201473122687317
3568 0.4981559351031511
3574 0.34795080173692944
3575 0.3132488358867404
3576 0.7529567198899099
3579 0.41986165501632183
3580 0.5693557793588976
3581 0.6493387382566541
3583 0.6637914820965023
3585 0.5637503766668176
3586 0.5323676335537609
3589 0.5072451676802148
3591 0.4578376824469054
3592 0.5925869923563736
3594 0.5137686624943432
3598 0.3467040165590941
3605 0.3180156275995416
3606 0.5792109400730738
3608 0.6179354462174849
3609 0.4351874272535829
3610 0.34869783228731316
3614 0.3880746591643174
3615 0.5647739696557369
3617 0.4380207317630926
3619 0.6647474020277148
3621 0.4900634697669692
3624 0.8177594750171596
3627 0.6415199832452638
3628 0.45573107889124315
3630 0.4974534063671941
3631 0.48577851478474027
3632 0.614511337593024
3635 0.09713201255936998
3642 0.5491512981612242
3644 0.5833938554176169
3645 0.44062593782755044
3647 0.5955576890787313
3648 0.45977607467903137
3649 0.545143163081774
3658 0.538676109906459
3659 0.6867923155594818
3664 0.5207892694113728
3667 0.785191509227207
3669 0.37694064454515297
3670 0.7909660825627834
3671 0.39409257009549215
3672 0.38789116408595004
3673 0.6011281340659861
3674 0.4720467240588018
3675 0.7210682779552525
3677 0.6477853738722547
3678 0.18683996573334455
3681 0.7402967412360087
3682 0.6154353148024686
3683 0.6052552714076246
3686 0.6925796885253431
3687 0.41509820683846926
3691 0.5008132611793382
3692 0.520514700587642
3697 0.4143660153383977
3703 0.25442006074303675
3704 0.37122816514274315
3705 0.6759784731661599
3708 0.41124032026994156
3711 0.7353307970279972
3713 0.4276591963801921
3716 0.7036630213300478
3717 0.4952311343139925
3718 0.5354797398524823
3719 0.23769309816627057
3720 0.7477436803039218
3724 0.6323408745690434
3725 0.5407935612318363
3727 0.39145317777715277
3730 0.5702910176223692
3732 0.5992050901106616
3737 0.5366445707141856
3738 0.297023514242771
3739 0.5544625756185109
3742 0.48490894500029036
3747 0.6012993523556772
3749 0.5288325821309089
3751 0.5504745622879693
3752 0.48298448924727144
3755 0.4961033734915399
3756 0.5881963092493011
3757 0.5678036729551964
3760 0.6294353928383749
3761 0.40874995830465377
3774 0.47264688017242434
3775 0.604792203416923
3778 0.18700583156259226
3779 0.9325922324617567
3783 0.3911208717562986
3789 0.5231061326393087
3790 0.5885531616584689
3791 0.4520331803763783
3792 0.346647357962827
3793 0.7010063658595461
3796 0.5616149695062107
3801 0.5327112650780993
3807 0.6248678573491908
3808 0.5679909941559668
3813 0.580169494400842
3816 0.3480175269195729
3818 0.5969081258025337
3819 0.6043522715139089
3821 0.4243587180167976
3823 0.6067444349531403
3825 0.9001703050409751
3826 0.1395548785604179
3827 0.7790664078009245
3829 0.6912079433074202
3831 0.5534594898336581
3832 0.5566180388155901
3835 0.6180403186813407
3836 0.5975979651072509
3844 0.6603900527867833
3845 0.7427015030439511
3846 0.6114174719363437
3847 0.29141616122404296
3849 0.5272202965217834
3850 0.5411992606450167
3852 0.5020457741006972
3853 0.7103564472228808
3854 0.4580981001040391
3859 0.3212077815938993
3862 0.6850816500860571
3867 0.777847039691692
3868 0.39733392809116946
3869 0.6611085724906742
3870 0.16343476489651393
3872 0.5840342168552746
3878 0.43756175800628316
3880 0.4804801612584679
3882 0.7424241010715398
3885 0.4969613854738759
3888 0.44716624654534903
3894 0.26611514260620345
3897 0.59343524874651
3900 0.5159896698083447
3901 0.5777189527279174
3902 0.6233433965661885
3905 0.38438326321633637
3913 0.7344076710304628
3914 0.38858474212150146
3918 0.6851789407865536
3919 0.6080219154961622
3926 0.6701829261010351
3930 0.5034769234737065
3944 0.4742267704173169
3945 0.5646890781277207
3948 0.7593062326945172
3949 0.44995809146772114
3950 0.44100052583189525
3951 0.820889698835238
3952 0.5137352606516957
3957 0.500525687309987
3960 0.32445064544464663
3961 0.6056772737860048
3963 0.29185547094993963
3966 0.46901320784243916
3967 0.5678135093306328
3968 0.48021062943160503
3969 0.654945480889193
3974 0.6403206544476839
3975 0.6393113839424389
3977 0.44765703665868783
3979 0.7221874634197405
3982 0.4824001087107438
3985 0.6444141463937032
3990 0.45372343876745674
3991 0.659616377331193
3992 0.4896948317440296
3995 0.550681882088465
3998 0.39271798382533046
3999 0.6828332129286154
4002 0.43799546565729536
4003 0.5472799164735646
4004 0.5378997481523685
4005 0.4103352363190256
4014 0.48153983232179204
4017 0.5385814724506294
4018 0.32627251981906963
4022 0.4224148025665176
4023 0.7352493192043162
4025 0.5022353974991953
4028 0.5092765167191784
4030 0.8023571400195243
4032 0.6493187596973607
4033 0.6801284851592458
4034 0.4433607827730001
4036 0.36060567976162505
4037 0.8297587593437213
4041 0.5322438735636456
4042 0.5657798063465952
4047 0.35448647819074736
4049 0.7235872658318012
4051 0.1585831770034623
4052 0.861637398649741
4053 0.23844773393711816
4055 0.6292675702457871
4056 0.5485186420656247
4059 0.5900304839841863
4063 0.5275098323842814
4064 0.43181899651632216
4065 0.390404883599243
4066 0.7508550162887152
4069 0.5447630228240395
4070 0.6287458943346689
4071 0.34205256719896315
4077 0.26146727138577913
4079 0.566057481776231
4080 0.536597181639392
4082 0.5422225308559055
4083 0.47417411578811774
4085 0.43901890661806314
4086 0.6564206266268721
4087 0.3840478409123641
4093 0.4278569450416351
4103 0.5902557940941453
4105 0.43148069950178203
4109 0.3858306026456285
4110 0.40481775030312594
4112 0.4728262864571671
4116 0.4256629297815433
4119 0.4081840278030628
4125 0.575828224577642
4126 0.6653861188280681
4129 0.5425980951940907
4130 0.4235405785975153
4131 0.3642303207474231
4132 0.7479821070274183
4134 0.4252382932898792
4135 0.43447395476859135
4137 0.46722991390845664
4138 0.5345978401745811
4139 0.7513359831668952
4140 0.4089904220669747
4141 0.4911567178087371
4143 0.5754192193138448
4146 0.6111665821108445
4152 0.5536850813389447
4154 0.6632453482564489
4155 0.5257656931238155
4161 0.668111516828141
4167 0.5761516477346972
4168 0.7630158699465305
4170 0.6167184415014993
4171 0.6599899583142445
4174 0.4938525393057469
4176 0.3586609230504245
4177 0.5553378849070608
4182 0.8790805266217395
4183 0.31562385361376377
4184 0.5280563799472754
4187 0.40450013069368546
4189 0.5460645811605633
4194 0.3656769856537498
4197 0.6016274444572652
4199 0.5931323997324431
4202 0.6568439969767589
4203 0.36723870203865344
4207 0.4433983338502562
4209 0.7502656473765014
4211 0.4902159271240331
4212 0.5963169093218494
4213 0.4556345929878622
4214 0.6592475773919877
4216 0.3574567074440584
4218 0.5986978278947589
4219 0.5204272304283163
4223 0.5398313921749196
4224 0.6456049109300083
4225 0.290449235927711
4226 0.5664840102749645
4227 0.5221177232444083
4233 0.5569655878646175
4236 0.6260532105650172
4237 0.6093883740657955
4240 0.4644044890099584
4243 0.3730270236626609
4250 0.5253987458911145
4251 0.49339654043878245
4253 0.49104312761683794
4254 0.4108568572006814
4255 0.6090872545622706
4257 0.7858942764455897
4258 0.5051807451345464
4264 0.7433035696278434
4265 0.3386555665455427
4267 0.4834265425343722
4269 0.5611805704151464
4270 0.7088063459912064
4272 0.575876020102905
4273 0.6201078602176003
4279 0.6097256024854202
4281 0.49856590743823836
4285 0.5301415043021062
4286 0.6322087307130287
4299 0.4274541941835628
4303 0.4754368284407078
4304 0.4793581233276211
4305 0.5847994049291411
4309 0.6632116336877826
4310 0.565834541555164
4314 0.7015501176466155
4315 0.5251107116211543
4318 0.5051084429647572
4319 0.31878334099674144
4320 0.6979543368443154
4322 0.494297305972122
4325 0.42941345298629097
4330 0.3923632772706442
4338 0.4470575749405341
4340 0.6121454704924684
4343 0.42199634237655664
4345 0.4619830074330669
4347 0.4462743237939234
4348 0.5401812663906049
4349 0.3299432542979311
4350 0.6970682326597324
4353 0.29197925202274966
4359 0.5256859709837917
4366 0.45380702715499244
4373 0.6921800887837276
4374 0.4096482625930776
4377 0.560602509452139
4379 0.6470411072714367
4384 0.5038322797275863
4385 0.6885912518990006
4389 0.7063479022915361
4390 0.48499925551599016
4392 0.5612044531236028
4394 0.3307386514270318
4396 0.3809460020515389
4397 0.6964302206491851
4399 0.2941532280267987
4401 0.2770804019100746
4408 0.604937287100014
4409 0.5728101759458106
4410 0.37865917094404955
4414 0.4544604931612517
4415 0.5620186060530523
4416 0.6613599039015069
4417 0.24907245737798092
4424 0.6592018102968248
4425 0.5931266684636338
4426 0.6185058454297268
4427 0.3665002397640498
4428 0.3281262187343863
4431 0.6101455392285825
4433 0.8322257831501954
4436 0.4880376304199081
4437 0.6709429611411765
4438 0.47766655116869045
4439 0.8654961937152327
4440 0.34564348042123505
4442 0.32639186943678233
4443 0.42189518272636756
4444 0.8053991998593237
4448 0.3373539620949922
4449 0.690107994238293
4454 0.4267175398305163
4458 0.3967462721280071
4459 0.7017830630395466
4460 0.40756537315783936
4461 0.46089790485375154
4463 0.611275373484392
4465 0.7131139162894049
4468 0.40767760005389436
4470 0.38756894517733126
4472 0.6535941749984574
4473 0.3254687943013027
4474 0.37871133896550946
4477 0.446334872391807
4479 0.6277465697790695
4484 0.5052444821485953
4485 0.6988454285314811
4486 0.6477978806250354
4488 0.8767217489862501
4489 0.19241715702312365
4491 0.46562974814735164
4492 0.3938270339910753
4495 0.9055495880997075
4504 0.34591645014246775
4510 0.693993420192041
4511 0.5014517091929506
4514 0.4111484678053684
4515 0.7056905659855829
4516 0.5377987685268708
4518 0.45429735225104256
4521 0.4991337867960274
4525 0.37826867301611616
4527 0.6867425953704758
4528 0.4358614583219952
4530 0.5389141530669049
4534 0.40433302781990377
4536 0.37457423590179556
4540 0.6847534857033223
4542 0.6919434807470471
4543 0.6320537932197355
4544 0.5380951207057978
4546 0.5546611416446776
4552 0.6212470175534323
4555 0.26715626126206027
4556 0.5265636802628921
4563 0.4281194480452777
4566 0.6241720180871029
4568 0.4495797181695066
4570 0.475720225449764
4572 0.5230529800865761
4573 0.4301833856123149
4574 0.6145340666021434
4578 0.4338172678185873
4581 0.6480989322707741
4583 0.543428256529574
4585 0.5525510574371355
4587 0.5364157152681389
4588 0.47688700250750604
4590 0.6210433597651617
4591 0.3014405971633281
4593 0.33205407750930754
4594 0.7807214683299107
4597 0.47552831215010316
4601 0.6916795520971003
4603 0.33297703082716784
4604 0.6141216577811606
4605 0.5936949324820467
4608 0.5651431436191173
4611 0.40600114468388804
4614 0.6940114657594847
4618 0.5565481212736042
4622 0.4026070247298942
4625 0.7002140093823318
4632 0.4594258669968585
4634 0.4699556769630325
4637 0.6527201472494394
4638 0.6300786651578846
4639 0.4086764213410781
4643 0.4136292065125331
4645 0.4702571301467666
4646 0.7687520408457575
4647 0.44324131747792705
4648 0.7991935778317157
4649 0.30293218020572227
4653 0.7792074847448259
4657 0.4496521114119139
4658 0.46176904799229274
4661 0.7510372752976208
4663 0.7570665058422107
4665 0.47344443519750556
4669 0.36156602629717693
4670 0.5725152448997376
4671 0.66195459653706
4672 0.421215927165815
4674 0.21002651708949746
4676 0.3109671271557054
4677 0.5211594015364747
4679 0.44378496208658963
4685 0.5150501359204989
4687 0.47558157302526893
4689 0.4226836566335223
4692 0.8132405791085136
4694 0.558335416819771
4697 0.5908183073254871
4700 0.595486720995457
4703 0.8444654813525005
4706 0.7456674902993994
4707 0.47759138755835373
4715 0.10900298283512844
4717 0.36510456483718684
4724 0.6872214645275205
4727 0.5749118726410358
4733 0.44391632685924276
4734 0.8097877506683133
4736 0.5016246323659096
4737 0.5439418908308923
4742 0.7561742085902917
4743 0.5359841729980418
4751 0.3425151650460626
4755 0.6163812912868138
4757 0.38826645746666394
4758 0.5851285521119067
4761 0.5568687577395968
4764 0.6633359201801878
4765 0.3536660568988204
4767 0.3978838430639722
4768 0.612814654582856
4771 0.435531232330067
4774 0.6014752430134018
4775 0.5650161465387235
4779 0.622383528651712
4780 0.5193123501671537
4781 0.5328191007359194
4782 0.5487150514255924
4783 0.538070072350397
4786 0.554763041654862
4788 0.6988464756364661
4792 0.6572427490533073
4793 0.4710194676923764
4796 0.5703288055828711
4797 0.3935351961643275
4801 0.7098808575408705
4804 0.45770989633915504
4805 0.8572924709259668
4806 0.5654704016327902
4808 0.7723118025689322
4810 0.43033504440438003
4811 0.5418682756983348
4812 0.5820321926358188
4813 0.28296397872857276
4814 0.7277471184829692
4821 0.4275525728822238
4823 0.837264956433684
4825 0.5478912994639294
4826 0.2994590844378529
4829 0.5991151365210992
4831 0.5043554708537469
4832 0.5611244589059956
4835 0.4127944072813931
4836 0.6739287095025736
4839 0.48048086061900463
4840 0.6825369762768195
4841 0.464258423941336
4845 0.7243509399872591
4849 0.612400057021369
4850 0.4153301397501935
4851 0.5559679179881248
4855 0.4024616080345473
4860 0.513384134675103
4862 0.6210107952387361
4863 0.41101806513808464
4869 0.5503069496203398
4871 0.45859255016537387
4872 0.3207927096349494
4875 0.5740980597530635
4878 0.45789127576217026
4880 0.42314193133391137
4881 0.49197812835206206
4882 0.6201776569461933
4885 0.5045756440086564
4887 0.3198064490806294
4890 0.6870452659229253
4896 0.7973742080590335
4897 0.17166208187626814
4898 0.7497326845661904
4899 0.5266014057238065
4901 0.6475974523036471
4905 0.5406094137761943
4906 0.5661750901910805
4907 0.37781806906723253
4908 0.5038454006569631
4910 0.6625022794234645
4911 0.6438279705697608
4914 0.2553687022675362
4918 0.4274220334190549
4921 0.4710333290118444
4922 0.6687476481826046
4923 0.4373352910918084
4925 0.6029877473633471
4934 0.45689413556763564
4937 0.40517575272688067
4938 0.7365529335478718
4940 0.39449527901931775
4941 0.6309800345639698
4943 0.5284552406708626
4947 0.49364900365842895
4948 0.445103682170214
4950 0.5325032554060262
4954 0.5381280915441672
4957 0.3615135047890569
4959 0.6789677056000266
4964 0.5338080188115721
4971 0.6811596825523543
4980 0.6876927480895156
4982 0.74438912166577
4992 0.45592010154835905
4994 0.423045563612988
4997 0.654372936453814
4998 0.40607875826707207
4999 0.631817504108693
