0 0.540391179044985
1 0.4864781466487373
2 0.7374547882448312
3 0.29622520681419356
4 0.5044370083294171
6 0.5789160781240891
8 0.6842194746070693
10 0.3346493334637747
11 0.7550422158587445
13 0.6799124800234629
14 0.5963939461382869
15 0.5987705773428453
17 0.4925816967794352
19 0.5420467003628654
21 0.5099525681118425
23 0.6254113452812463
27 0.4170556482798106
28 0.5171030804265887
30 0.40165212420344915
31 0.4617243056667422
32 0.6842651987256478
33 0.7641783938637299
35 0.3014893108133579
36 0.6431080721152334
38 0.4438611252256122
41 0.4604160274453537
42 0.3610712653945254
43 0.4661134230087468
45 0.5414897685804216
46 0.4659238171601736
47 0.560533919876969
48 0.4976054552933398
49 0.6812426271455838
53 0.5893739730838926
54 0.7957922840030119
58 0.5288443588560884
60 0.5760062698737385
62 0.6102382333953696
63 0.7167225586045405
64 0.3778609892979765
65 0.7542420330106008
68 0.6164069101671665
72 0.5336058384970752
76 0.47976991700532556
79 0.6642015773903169
81 0.6365623725575312
82 0.49489723722791773
83 0.41683534708380543
84 0.5609321089358935
86 0.6906816146345206
88 0.5115058536105459
89 0.44511543104797097
90 0.6959181521777921
91 0.5815516987403743
92 0.36059545741756616
96 0.45150087012665435
97 0.5903709402005225
98 0.49335375503526135
100 0.7125414850359028
102 0.3520404656024636
104 0.18560789743516234
109 0.09537433271016685
110 0.624980725909394
112 0.3449273116701033
113 0.572783351097927
114 0.49524052261277507
117 0.42613747687769976
119 0.2516895222196601
120 0.5485642050397047
121 0.6077454039204104
122 0.3633482324767952
126 0.5495904601671339
127 0.4027504894509301
128 0.7640642344035329
130 0.46923508800196256
131 0.6254213417016125
132 0.5000911781583225
134 0.49129802654315524
135 0.33448061099988896
138 0.6966753040339988
139 0.38563688955444214
141 0.5852535023722885
142 0.44725279472480056
143 0.5104217614071908
144 0.4067072847196842
145 0.6181193239412672
146 0.46012731089165776
149 0.7448757631711045
150 0.3845790706953089
152 0.48279698362433054
153 0.31238078755135695
155 0.8171755327071267
156 0.459998105545023
157 0.4162707843229296
159 0.4345044693678589
161 0.44573438959616535
164 0.6895239468306096
165 0.45269190710453966
167 0.2611835253037919
171 0.6275545234413532
172 0.4276720095567333
173 0.6860651897679053
174 0.42566087944233916
175 0.3968696698365001
177 0.5426743154336322
178 0.5015506930974204
179 0.3665374120300095
180 0.5779841727650774
182 0.35020893427804295
183 0.5407120313644954
190 0.33778582438071325
191 0.4820463367177788
192 0.4199732896764318
193 0.5844531208318612
194 0.5606964402432384
195 0.5660944289217699
196 0.4492688392046454
198 0.7336819417079631
200 0.3638665170619205
202 0.5492053204609286
204 0.5753636955202072
206 0.6328921198797143
207 0.4748054631156038
211 0.5424686204350433
212 0.5534403105519246
213 0.8094403192797457
214 0.2996854084106047
215 0.5452055423188209
216 0.5283980019319686
218 0.607084999931319
219 0.5116899746159695
220 0.6030500020572537
221 0.4541673972539427
222 0.33622034826145514
224 0.40278231620910426
227 0.463078039619384
228 0.6550165459403214
229 0.2565007760014233
231 0.5215420546289419
234 0.320484415102946
237 0.7145082877543104
238 0.6500453057862784
240 0.36545633334080474
241 0.4825275768214219
243 0.33821790275938535
247 0.44759158345922173
248 0.40470649224781263
249 0.6964596873096752
251 0.43691143459907683
252 0.4678734609891015
254 0.7232651957746968
255 0.44393634356007755
258 0.7244999603406203
259 0.30144837790932233
261 0.49116775928441997
265 0.8314544011546736
268 0.4087681807019843
270 0.475746622464971
271 0.6051607363391712
273 0.5309255640547642
278 0.6474956507029828
280 0.5629029892169256
281 0.5877597770722999
282 0.4166345745535692
283 0.48960240757971707
284 0.47761982341732945
286 0.28357406225580384
287 0.7392794378896373
291 0.5628425578439188
292 0.5015721036893926
293 0.5472462192133815
295 0.7653001874235741
296 0.7243086185803417
297 0.2801919109342155
300 0.42184298291091
301 0.5871141300011053
302 0.7031795828777527
303 0.49490156407647773
304 0.6481356117025707
306 0.5433092252333677
307 0.4583576540925891
308 0.605372096657076
312 0.6400590782373813
315 0.30705266852653607
316 0.5694776889193579
317 0.6971873848922592
321 0.628544018687467
322 0.49958339399447577
323 0.6691862716771456
324 0.443816447949449
325 0.4820854322652777
328 0.6610910437277814
333 0.7834032291314371
336 0.7671979759297102
338 0.6826880731573285
340 0.45841551064469915
341 0.4907714094139434
344 0.6985092939089184
345 0.5250221694390168
349 0.5013201658086718
350 0.5654298791047527
351 0.7523139614668106
356 0.6541104813733756
358 0.6427634701445557
359 0.597710748042014
361 0.5572959069079908
362 0.7288789610410022
363 0.48400999848548765
365 0.707886959697462
374 0.5013497317299693
376 0.7567083397224853
378 0.6133549191858552
379 0.495536192670749
382 0.51377478081202
384 0.6047488329512631
385 0.6114844835108454
386 0.48682662437425245
387 0.44636613201400527
389 0.6198166201104007
392 0.47241809793403267
394 0.6088396462195581
395 0.6021125495712465
397 0.4622151850328118
400 0.4815359809507394
402 0.5078285364737744
403 0.63722784544989
404 0.5112141589114894
405 0.49499535886711554
406 0.635666058758611
407 0.35779464020023866
408 0.49998872709916564
409 0.4596528075648481
411 0.6359844703116854
414 0.27704973010101963
415 0.3997613556276325
417 0.4377804098301863
418 0.6042937956025565
419 0.6274753410926743
421 0.6001825210969228
422 0.4566243009687959
424 0.6237469229056204
426 0.7038868422795165
427 0.39164201819241257
428 0.5684938348134064
430 0.4698573852322897
431 0.35457849732688174
432 0.6208154789769078
434 0.7070550991595923
438 0.3399985688208485
440 0.32047597061849975
441 0.5465874454102785
443 0.6627495679243285
444 0.6957073770468877
445 0.6077812976740046
446 0.2305205069404915
448 0.4359559255481149
451 0.4650180488654484
453 0.5052612692052346
454 0.29835641499192694
455 0.6446419972321065
457 0.7168704348678411
458 0.4977118374333532
459 0.5576382497826955
460 0.2361885041956709
461 0.8421606318842235
463 0.41382700727873184
464 0.6254110901453334
465 0.3811923879744785
466 0.5083733683955979
467 0.43141682743874843
468 0.5167609196854591
471 0.5371674966738202
473 0.38704576566066123
474 0.5260207446218765
475 0.42889599689326047
476 0.6357118376325889
479 0.830545070799236
480 0.47250666970341165
482 0.5873972218415662
484 0.32968970726215385
485 0.829401800900575
486 0.5901271476791321
487 0.2635429446872915
488 0.8210999265350578
491 0.629618111646301
492 0.5702194563702312
493 0.5851933182795103
495 0.6925943933139143
496 0.4687763346887315
498 0.5368607940317153
500 0.44627839954294163
501 0.25483644147167245
504 0.3638189494755806
505 0.46320874256709305
506 0.557235590954959
510 0.5078206470171545
511 0.29714949972169635
512 0.7610220544910561
513 0.4119328731830415
514 0.7449511275597316
515 0.5726499767961382
519 0.43142109836386167
523 0.5607403853425201
524 0.49648373437996474
527 0.6404657123071367
528 0.5689052548704281
529 0.562890884229588
532 0.4046397407929018
533 0.4251348337689408
534 0.5305503300722951
535 0.8588250489051398
536 0.31099896356945006
538 0.21100967306139634
541 0.3513455231326072
542 0.8149559059059441
543 0.44121898566960754
544 0.618354128521479
546 0.5329972308266171
548 0.49730150025985337
549 0.3456996153686883
550 0.6648482943034135
551 0.3761209169037619
555 0.31057600258056584
556 0.6910880666941429
559 0.5735777531680388
561 0.3865537215713715
566 0.5397994732139946
567 0.6743275264332408
570 0.6652858096891882
571 0.6333257600203192
572 0.41280697826042945
574 0.2560706373969113
575 0.6739864230113152
576 0.45310398805786717
578 0.638136541981074
580 0.5048569525185852
581 0.3320929904705522
582 0.6256087418307179
583 0.36536142585619347
584 0.8131335217733173
586 0.5318832512874246
587 0.6044999596931822
588 0.5804750400680166
589 0.47944631754529243
591 0.4233509696510158
592 0.4797638890424445
593 0.7453941550717393
594 0.4630512199450669
600 0.31200489781999946
601 0.5670535031757218
604 0.3175422614972103
606 0.6416106819437076
607 0.35483832655142306
612 0.6991169841487042
613 0.46865505519646633
614 0.4381181944518467
615 0.7248344399693654
616 0.46350110208115214
617 0.4255248475407443
618 0.4521444848358711
619 0.5397880295312967
620 0.6609983778938386
622 0.7241016662337967
623 0.2770483016651786
624 0.6352617423792393
625 0.5068319207821574
627 0.4668389774413221
628 0.7388260687177417
629 0.675467048641851
630 0.34939812493660344
631 0.7317988644429534
632 0.48294693696036245
633 0.3625068440154074
636 0.6038317642100406
638 0.4668395548220538
640 0.5742408487087124
641 0.5823565535151178
643 0.3710310577174914
645 0.5810500963919073
646 0.5234203303705832
651 0.47646726268563167
654 0.4932483739094286
655 0.574051309536282
656 0.3700196652460387
657 0.55755135960836
661 0.7564889522003667
662 0.3758833960605722
663 0.5093168599315296
666 0.4576747194009337
667 0.6247708650111071
668 0.4130262288208547
669 0.4590746041753633
670 0.6376671411532631
672 0.48335962482246364
673 0.49261880153751203
675 0.4502670550557793
676 0.41067579935799636
677 0.8141573261163509
680 0.5715666241011574
682 0.385212523827075
683 0.6197798707084791
684 0.3460658735067349
685 0.747993836315978
686 0.473705547444902
687 0.5098446648504228
688 0.49792337178680734
689 0.3262209190737516
690 0.6309867083605206
692 0.47869229124284646
693 0.3513888300736621
697 0.6233215599141201
698 0.39516907797177625
700 0.5222947091969224
701 0.4020517108625603
703 0.3544567948293484
704 0.39499456976027225
705 0.47609251224141574
706 0.649008130057157
709 0.7723329328939207
711 0.62593377008382
712 0.37374377311906526
717 0.8612557876370586
718 0.34171091465186937
719 0.5145809295235294
720 0.7071848818291976
721 0.5322469475605508
722 0.7002803278714974
725 0.4603367446164691
727 0.6577885347407618
728 0.5454410903161336
729 0.582858429709339
731 0.548693273174065
732 0.42461084251050996
733 0.4879873363587907
734 0.6873297620213564
736 0.5218884024737359
737 0.45978716128046254
738 0.7310704402582515
740 0.1502986965844411
742 0.5068025562339911
745 0.6853781230001799
747 0.6334615386671714
748 0.43981762464885643
750 0.3531628487298932
752 0.43902230650137736
753 0.6079624077149239
757 0.21794917892351903
758 0.6778886329817942
761 0.6832506313715809
762 0.40291312825175574
763 0.6179791775865516
764 0.4210440958237795
767 0.43810457094755345
768 0.4418782827038907
769 0.47085276309417934
771 0.47380943854888025
772 0.5272985338882831
773 0.5580205545126962
776 0.5994557235199754
777 0.5574659390681745
780 0.6423385858217567
782 0.39838984817093975
783 0.6699383133540888
784 0.4984631231046127
785 0.6830910573760205
786 0.25287896811674654
788 0.33955408666204445
790 0.599478578117597
795 0.3412872209561323
798 0.7318747615251185
801 0.5420934820823801
804 0.428578501460794
805 0.5360621130953672
806 0.5477243556169495
808 0.5798586023512337
809 0.5608394093759898
810 0.6823353619343593
812 0.7212097503788278
813 0.3264659727854377
816 0.543527247286299
819 0.5320279351904359
820 0.7657275501141482
823 0.5289555615182935
824 0.457719620522845
825 0.5906759861453839
826 0.6411225646799376
827 0.36649210726204734
828 0.6437000914187058
831 0.4961827406656303
834 0.6492956487898611
835 0.5265591901859169
836 0.527718622481514
837 0.6713342345443547
838 0.4111817172864478
840 0.31937711759665555
843 0.35698945760529976
844 0.7449811792998762
845 0.5185862381986889
847 0.4769874790631976
849 0.4947711218520064
850 0.7403854345144504
851 0.4099314993439492
852 0.6615925687526714
853 0.3933483379933709
855 0.35893729806805214
856 0.610578900686581
859 0.35786402814411267
862 0.7094884824680142
864 0.6833489145142895
865 0.5163449081312038
866 0.42032389970785555
867 0.40825398364737725
869 0.5909973754293755
870 0.5688590641092922
871 0.3012733212223861
873 0.3251365252190772
874 0.4349542106707115
875 0.645067311712932
877 0.35400070210048495
878 0.4588416973212087
879 0.5400933841343319
880 0.8383513294203502
881 0.07070053895842833
883 0.47627777882857086
885 0.36213232751543695
886 0.5099456789748298
888 0.36304776997030563
890 0.5295766907363398
893 0.3748560628259269
894 0.689323964682873
895 0.49146449248146135
896 0.773429989323084
897 0.6296801259154815
898 0.39625021730427595
900 0.46743706976915284
902 0.7698772562660416
904 0.1993170405650216
906 0.6853566153290239
909 0.7919834794686881
910 0.5114191453509709
911 0.4298492951111691
913 0.4729204271756565
914 0.6030674671767985
916 0.752499187523348
917 0.366063207758933
918 0.5486867706351213
919 0.5751358704648143
920 0.622483089927079
921 0.6245428306998306
923 0.26691743369241094
924 0.6363930560814999
925 0.6187178607677016
926 0.4571147625111074
927 0.37017991932724925
928 0.6828092888323494
929 0.5594580092430896
930 0.39904023088359303
931 0.6794476014414674
932 0.6817230999556015
933 0.28694973099822374
936 0.4895628069767223
937 0.608094160464876
938 0.3291659022727271
939 0.5658195615355022
941 0.5426355606332265
944 0.5330524736774572
946 0.3705609228220408
947 0.654891578780226
948 0.32290742089410535
951 0.4224431891238149
952 0.7778865580576871
954 0.6448826412433428
956 0.4721103897891473
958 0.6478132031249704
959 0.674372306145294
960 0.3723901675370872
961 0.6014380262394601
962 0.5699633927656685
964 0.5143274554791274
966 0.9099127801590099
968 0.5091783377449169
969 0.39798288050223973
970 0.4721736037262403
971 0.5139692377681762
972 0.5270149530987067
973 0.5132990220886804
975 0.3657896351453467
977 0.48696105146608515
978 0.43510573713136974
979 0.588611108878635
982 0.5318400684651908
984 0.6131538755433037
989 0.38732165532180035
990 0.7509187697330636
993 0.7906498109595451
995 0.630856777093656
996 0.42477468716353683
999 0.6717993770295636
1000 0.49586459650734055
1003 0.5313256223821037
1005 0.519961372097193
1007 0.5420854072853464
1008 0.5243458183017532
1009 0.27482359436109455
1010 0.7415099642155002
1011 0.6027245610999644
1013 0.6825877711425902
1015 0.5768506507530704
1016 0.5002055758084291
1017 0.3718018266787637
1018 0.48696295912057946
1019 0.6998817985441974
1021 0.6369713440445772
1024 0.5628699929817267
1025 0.39522315930264595
1026 0.4919645756142618
1028 0.630066726077503
1032 0.46753554888174303
1033 0.7155737733786912
1034 0.4590371926903691
1035 0.3623293822361328
1037 0.7679592001061749
1038 0.13763996665455336
1040 0.4899486710382227
1041 0.46713934047551026
1042 0.4098498073464828
1046 0.2778330264917434
1047 0.5386689851008324
1049 0.7728888530503165
1050 0.596525189909723
1052 0.618046763275008
1053 0.37809932966874
1054 0.21628810581825889
1055 0.7361737623414084
1056 0.652569101731339
1057 0.5791356420310607
1059 0.673701600977223
1060 0.29447632111699185
1061 0.5081323183562859
1062 0.7259410736379088
1064 0.6909212085844579
1065 0.3336062273658062
1067 0.5927155238092082
1069 0.6797822214035434
1070 0.5621710316139088
1071 0.447136399470567
1075 0.7685451373592657
1077 0.452452235795959
1078 0.46819733795118174
1081 0.553256930639202
1084 0.5154604215463962
1085 0.5238079426691623
1086 0.6067031241224037
1087 0.5506667650491204
1088 0.4393202003863214
1089 0.5138035838357766
1090 0.5485686744900415
1091 0.8578860304921802
1092 0.37102589683987386
1093 0.5174102724119753
1094 0.4772640158107445
1095 0.30953197076521943
1096 0.579056598321654
1097 0.4284524762932093
1098 0.64568272074723
1101 0.5569806841639792
1106 0.4865597133002966
1107 0.6156093880294601
1108 0.6155425950192003
1110 0.3765567605698652
1111 0.9700587422937438
1112 0.2571105817271008
1114 0.31088946854938704
1116 0.4371311504334812
1117 0.6928265218951467
1118 0.5418881490653934
1119 0.3339887919444461
1120 0.6706252295041948
1121 0.44751719496914927
1123 0.44260464749845224
1125 0.5228742189551865
1127 0.4821714365318484
1128 0.5371831233859526
1130 0.5501072853731316
1132 0.6264470365630105
1134 0.5165455849606655
1135 0.527279665948152
1140 0.2856848669322544
1144 0.5374587118236187
1146 0.532294817414685
1147 0.3754019640433569
1148 0.6767109213072434
1149 0.693523685815293
1150 0.23514051360590407
1151 0.846393863599599
1152 0.5337276869767725
1153 0.5188538880732861
1155 0.5498054871853583
1156 0.5252894993452732
1157 0.6097939826515388
1158 0.5730584067726762
1159 0.38845392867501616
1161 0.26985322578886844
1164 0.435468483375903
1167 0.5829204319385792
1168 0.3267923769781344
1169 0.9475621657755837
1170 0.3481412270014338
1171 0.46771438103112506
1172 0.44460228608516295
1173 0.5070298297731289
1174 0.5106974944528514
1176 0.5006670058076345
1178 0.5122894277982074
1179 0.5274727079858108
1180 0.5403784441397793
1181 0.6910051002582197
1184 0.3381433064723664
1185 0.4457525959831299
1186 0.6888702782033976
1187 0.5968878868589138
1188 0.43140309496533313
1189 0.7337899184847622
1191 0.41786365045284607
1193 0.4443279305669216
1194 0.5437112358721123
1196 0.4987240417052297
1198 0.5867062151875883
1199 0.4631861073114078
1200 0.5797336782447028
1201 0.646499094332567
1204 0.5046311911369541
1208 0.5923464338560144
1209 0.4330872891682973
1210 0.7169322914217756
1213 0.4105471285832932
1214 0.5311411240739158
1215 0.6055875673879724
1216 0.3201498690486874
1217 0.6711840050106256
1218 0.49367959334893335
1219 0.46575043105617364
1220 0.8931825533978017
1221 0.43230254037102844
1225 0.8048040799556027
1230 0.5590674885888532
1231 0.364096077276759
1232 0.9022738897382612
1233 0.12439853971932832
1234 0.43792810263365956
1236 0.7170319587942747
1237 0.5343883081325692
1240 0.3781161356098458
1241 0.6953514303239534
1244 0.8142750697419285
1246 0.705688581273652
1248 0.5147500998514618
1251 0.3246371172653854
1252 0.543042247843002
1253 0.580446899100203
1254 0.559643785544324
1255 0.5252486195768139
1256 0.6732663658788441
1257 0.38770434591027236
1259 0.37371491501262233
1260 0.6482407660231589
1263 0.5563726091936879
1265 0.6335932463821004
1266 0.607957077145403
1268 0.4567416608509529
1271 0.40411743900626196
1273 0.5622474726660598
1274 0.2891248297890764
1280 0.36250475587503755
1282 0.39752044585126084
1284 0.4394679301271328
1285 0.6214223068468225
1286 0.365872536265492
1287 0.5672037786497629
1289 0.4182379746344092
1290 0.6515846448079704
1291 0.5010934778613756
1292 0.6557158412784437
1293 0.4133331824336676
1294 0.4519158847751568
1296 0.48452331565427154
1297 0.554729136539551
1298 0.3467953745345179
1300 0.575127782327467
1303 0.8162660611802671
1305 0.726318283388498
1308 0.5475776933310391
1312 0.2948130295160782
1314 0.7107524706647329
1315 0.6081528547646743
1317 0.39315925750007197
1318 0.8055663574633899
1319 0.36614271068324644
1320 0.5766195145591606
1321 0.41765987664364607
1322 0.6279974095008102
1323 0.5454937739356851
1324 0.28366827100133896
1325 0.7212478906852099
1327 0.325821165431457
1329 0.5097951117153424
1330 0.54057918063461
1332 0.6436016943250802
1333 0.44260875364592706
1334 0.40405322618689243
1335 0.5063583465942098
1337 0.546633561950421
1338 0.3435438283559458
1340 0.7459869980669916
1341 0.640344120259472
1348 0.564394786471569
1349 0.484454185813236
1351 0.5557150663146728
1354 0.5200825185175302
1356 0.6006039100743609
1357 0.5676674422503362
1358 0.5727201132900623
1359 0.4978344709560296
1360 0.47251261831521507
1362 0.5036318013574965
1365 0.35903366820929405
1369 0.4396125404318728
1370 0.5189415807220643
1371 0.7457848795008268
1372 0.5097285637974197
1374 0.6051926650279515
1376 0.2251449536510425
1377 0.5037647169989382
1378 0.6657329205813118
1379 0.34800876699089756
1380 0.6028187822993583
1382 0.5131328566608746
1383 0.4436883872565321
1384 0.8274217997597431
1385 0.2256524511310357
1386 0.6136018720840531
1388 0.604348728452814
1391 0.29941023352610147
1392 0.7012290379224763
1393 0.5411520745541144
1394 0.3985063614269518
1395 0.6508906884607496
1396 0.4494563538211889
1397 0.5551648118089024
1400 0.7695208164611633
1401 0.5213170890978162
1403 0.6806780990761493
1405 0.37783632312241944
1407 0.5594236640639915
1408 0.4536935830203219
1412 0.6163590530463859
1413 0.572779506413688
1418 0.5246984783017512
1421 0.40838001743885033
1425 0.5070456005359733
1427 0.574823697126332
1428 0.6503372920361207
1429 0.32226019234375813
1430 0.5194623070563141
1431 0.5886817195683022
1432 0.6320503492108852
1434 0.546002674492387
1437 0.5547516428626432
1438 0.7777624920636613
1444 0.4911788239969329
1445 0.5263032795764085
1446 0.6354597487866759
1449 0.6512433829393527
1450 0.3970761602863065
1451 0.3782254135766528
1453 0.5328085204933416
1454 0.8508596968841967
1459 0.7171519442678924
1461 0.42650359757745065
1464 0.434826048694892
1467 0.6189616830626189
1468 0.40548684757218145
1469 0.6631828372864973
1470 0.44338021795696186
1471 0.5875405217480305
1472 0.5539433740980936
1474 0.43883946872750657
1476 0.351400491189604
1478 0.4960311376913661
1479 0.6465948927439902
1480 0.6080777288319414
1481 0.44857268374740805
1482 0.4665553316581202
1483 0.5341106524387824
1485 0.5811869350629467
1486 0.4555132561910146
1487 0.6261026289145867
1488 0.5570124276141046
1489 0.3908392029294082
1491 0.6245584218151904
1492 0.4577949453728388
1493 0.6711886334445122
1494 0.4987100758032266
1495 0.5215875297817301
1498 0.40341559748893796
1499 0.5943239232270618
1501 0.851184078139443
1503 0.49790268756950945
1504 0.4943881923593302
1506 0.49437313867163807
1507 0.6222352867774809
1508 0.628375336005079
1509 0.5120979634774735
1511 0.4834465349593961
1512 0.4209059283220047
1516 0.6604247818546052
1518 0.8329378976769728
1520 0.5241084478349045
1521 0.5342596826859365
1522 0.4726199165964983
1524 0.5239914561393556
1525 0.373304315983098
1526 0.46802452670462813
1529 0.6429795049837604
1530 0.5632281933516371
1532 0.3635700196039327
1533 0.573713052155729
1534 0.5123800999327034
1536 0.5974933153676206
1539 0.6154364524153676
1540 0.64882598165203
1541 0.48551796190914526
1542 0.4308867655913299
1544 0.4781528410765116
1546 0.4877246762199612
1547 0.5654118135640557
1548 0.6225974399445271
1549 0.2763997470715002
1550 0.7241839246294951
1551 0.6903755041325512
1554 0.3669239116112493
1557 0.5633386875152905
1558 0.49859591389476837
1559 0.44625347199280274
1560 0.44231556104830155
1561 0.5598781121383551
1562 0.7242839898277733
1563 0.42772567504687536
1564 0.4520181317390742
1565 0.5719452490817092
1566 0.4419872972115793
1567 0.5117104982209795
1568 0.7323068638967163
1569 0.4769477058410759
1570 0.6619552396377506
1571 0.37225131373676673
1574 0.3249104618428872
1575 0.4339082771494232
1576 0.47135810308391746
1577 0.7658325076293858
1578 0.4430124564320502
1579 0.557514120771582
1580 0.49337068473710344
1581 0.5696991827557265
1582 0.7312979450853955
1583 0.5262607919285567
1584 0.4892907609758122
1585 0.7136215511466899
1587 0.7627212205826425
1588 0.3473614452538269
1589 0.3902620821492931
1590 0.5162971155503935
1592 0.5187773347270584
1593 0.42933933240597877
1594 0.609536328253239
1599 0.5765607740817137
1600 0.2366401560055176
1601 0.5624719713611197
1604 0.6005600961857647
1606 0.5214847410799862
1607 0.6068363955057595
1608 0.4517395930689431
1609 0.2870050265460351
1610 1.0
1612 0.3173067798244453
1613 0.7011011968771549
1614 0.50404782986393
1615 0.40218002746366943
1619 0.6519330932761048
1620 0.5476986487800571
1621 0.7863759801179457
1625 0.5710809171082454
1626 0.39212242630793975
1627 0.5894539166278113
1630 0.7068587794627343
1631 0.4608177475815582
1633 0.47251920449892293
1635 0.4576543369255671
1636 0.4928588609442589
1638 0.776431666524714
1640 0.518566914871035
1641 0.5675928762677646
1642 0.43251571817936063
1643 0.4768271928147609
1644 0.5598257211128925
1645 0.5256173310085046
1651 0.47605750460715346
1652 0.6277586373059041
1653 0.3148725315278096
1654 0.6054795949339096
1656 0.4789067886985365
1657 0.5468801815557538
1658 0.35681194365622826
1659 0.8637305116595276
1660 0.3929559129946986
1661 0.5626765155382589
1662 0.5816758096845493
1664 0.4596538168776039
1668 0.7587815959783191
1669 0.5534400100717176
1670 0.4044795280903951
1671 0.69207595390578
1677 0.6166803659161197
1683 0.6618033216861848
1685 0.4293513212546065
1687 0.5437721322936421
1688 0.6591012203908139
1689 0.5247861677948226
1691 0.76988904023792
1693 0.44029673355915694
1696 0.6407910033072376
1697 0.6267944026936828
1699 0.43886876468749203
1700 0.6076147291900842
1701 0.5666402724481358
1702 0.48121865676501036
1704 0.7382208907139799
1706 0.5334408178904845
1707 0.46704093034374095
1708 0.7059549772941742
1709 0.3087622424732921
1710 0.5638896975770943
1712 0.7499436013911173
1713 0.4281405885525801
1715 0.47262218853149196
1716 0.7148661274258642
1718 0.5948228983262119
1719 0.5583553283776429
1720 0.526103950898957
1721 0.3885184051186828
1722 0.6763961044453473
1724 0.3363496980802115
1726 0.44758237416714114
1729 0.7003999322859803
1730 0.40686163431450645
1732 0.3077888263080555
1733 0.5884747229123605
1736 0.6017457856588301
1737 0.3632404714845986
1739 0.5041464032642244
1740 0.39598884332300555
1741 0.3967244054283715
1743 0.5911536791790544
1744 0.5508582640159908
1747 0.46512361161751703
1748 0.6443659941698727
1749 0.47068825170405804
1750 0.7107866681760543
1751 0.6204445992540176
1752 0.4010385045271039
1753 0.6001602001497014
1755 0.6929465685863503
1756 0.5616620077852099
1758 0.3524415718670871
1759 0.4273300168249214
1766 0.6210593874995936
1768 0.6627392121219934
1769 0.39933096762913944
1770 0.41741456712772934
1773 0.678704612312334
1775 0.5473267806321093
1776 0.6556423870792412
1778 0.46971325948284504
1780 0.5375022568024215
1782 0.7502398332542699
1783 0.4078110340040709
1784 0.5057179736880941
1785 0.6535376976352161
1788 0.7489588566491148
1789 0.5320092027198466
1790 0.3539181241410076
1791 0.44797305269377746
1793 0.5508448191302615
1794 0.6825807327410142
1795 0.5410784052583714
1797 0.5862040810971209
1798 0.6896417261157467
1799 0.4060735665311738
1800 0.7603804536727393
1803 0.4627019927853767
1805 0.4072656119449718
1806 0.5842357511485233
1807 0.6587979176512906
1808 0.44462246305374936
1809 0.7303544923637106
1811 0.6014102007409766
1812 0.45816302433712297
1813 0.5285553193219241
1814 0.26976206435299666
1817 0.7170806092374005
1818 0.3358389893505485
1819 0.5342930306874554
1820 0.5816753945324401
1821 0.5919733120452461
1827 0.44841891448368953
1828 0.44459621920934933
1829 0.5836904923558287
1832 0.59485794581836
1834 0.6876793482619706
1836 0.5913659684318457
1837 0.39928837408732315
1839 0.43313610120643775
1840 0.5049111442338894
1842 0.5556556131881847
1843 0.4958904243060972
1844 0.4376677992204688
1845 0.5695583390656787
1847 0.5379720014391436
1851 0.4723885469920388
1852 0.4554463655484925
1853 0.8085139855146035
1856 0.25031566898028706
1857 0.6789650167858186
1860 0.4605240182473322
1861 0.39909034913708075
1862 0.7444061811459315
1864 0.67939716926151
1865 0.5188235478012622
1866 0.5018277180324651
1868 0.46165744083446686
1869 0.5941421895837247
1870 0.6379279046174081
1871 0.4387449423718724
1872 0.6226787938103031
1873 0.3510026575182453
1875 0.7267772647280808
1876 0.37857024980968235
1877 0.39289884939147107
1879 0.5956741352735588
1880 0.5413678648385803
1882 0.7126049709210047
1883 0.22457889135738504
1885 0.5975920463845755
1886 0.38574163339599954
1888 0.5925413171913952
1889 0.6298093108157687
1890 0.3436092823302449
1891 0.6466366372113602
1895 0.4795791111804777
1897 0.48550051216700774
1898 0.6777945771523053
1899 0.43622582103476093
1900 0.611019429201077
1901 0.43637521969792664
1902 0.5217642366052069
1904 0.32284153133094945
1905 0.7494849107496041
1906 0.33739177424223754
1907 0.6162703296935941
1908 0.6390299744520289
1909 0.35216852571394375
1910 0.6373440279143285
1911 0.4308048998550929
1912 0.3832656897748853
1914 0.5989448257131841
1917 0.5027269064605244
1918 0.6878362056337478
1919 0.6914742493475731
1920 0.0
1921 0.5459663367132268
1923 0.5276789789153525
1924 0.6405067518890273
1925 0.4664613603407685
1926 0.6350288619353687
1927 0.5277731877004012
1928 0.5773260163913826
1929 0.4620340216338355
1930 0.4416084705348384
1932 0.5049931043197808
1933 0.6994636652176793
1937 0.47492510793144066
1938 0.3873969158027286
1939 0.6968757679237976
1943 0.39732464892178554
1944 0.5843736198948752
1946 0.7023111509515221
1947 0.3661402760946508
1948 0.3339742061827789
1949 0.4992594603576479
1953 0.5758537239157991
1954 0.40699296091539694
1955 0.343127266273023
1956 0.7048441329242724
1957 0.5991794537872276
1958 0.27872895819363175
1959 0.5171214156885059
1961 0.6253454679029318
1962 0.5513236239665915
1963 0.5908156111602199
1965 0.4943669630859442
1966 0.7278491588127282
1970 0.753774448159483
1971 0.3116901895626915
1972 0.9147179748801529
1974 0.5491036295714655
1977 0.7655945840146368
1982 0.48769083932892304
1984 0.4286759622878048
1985 0.5581416312343294
1986 0.27759119588145104
1988 0.512966869335083
1989 0.5154787565104783
1991 0.4605733621698316
1992 0.484793422501176
1994 0.5481158493434565
1995 0.3862114212751447
1996 0.3758938040401408
1997 0.7636464542516231
1998 0.581290910125399
2000 0.4454230346528685
2002 0.6218061112717352
2003 0.34131738592155103
2005 0.4627358054419146
2007 0.5750991020722367
2018 0.4479775063807375
2019 0.5515125612080914
2020 0.4269821966374652
2021 0.44685173684719165
2022 0.6328532180344513
2024 0.5516514997824974
2026 0.7242266033376318
2027 0.3634493961329119
2028 0.49722354263957513
2030 0.5499166934734003
2031 0.6587929740740428
2032 0.3023117920208984
2037 0.49035524244882733
2038 0.19734062246382544
2039 0.7212151807658047
2040 0.6192935440647899
2041 0.4255256905780328
2044 0.3595894327171813
2045 0.6217585328988212
2046 0.4652858185243739
2047 0.6691360140681871
2049 0.5075761156700521
2050 0.16273864491940174
2051 0.6284119799808119
2052 0.680938091357669
2053 0.6310471574147813
2055 0.544192878083602
2056 0.40823515716689596
2057 0.6944436773240877
2058 0.5409130456370553
2059 0.5303067335400833
2060 0.5176182232487303
2062 0.6107422483734936
2064 0.6585679481358964
2068 0.514025889808841
2072 0.33033049679398685
2074 0.2935032464721234
2075 0.5187409862606782
2076 0.5355192562410213
2079 0.5107631443601461
2080 0.6540780081111124
2081 0.3896791828187678
2087 0.6976917128414528
2091 0.6853253861639346
2092 0.459852529774494
2093 0.33609832009509893
2094 0.6363917067295889
2095 0.5436720051895997
2096 0.709065983664657
2097 0.47514866689544355
2099 0.7417605059068825
2100 0.38266920047617337
2101 0.5677823327321262
2103 0.6641545377885307
2104 0.37586353836397424
2106 0.549873394663467
2107 0.3689504697437235
2108 0.6644115804378916
2113 0.2548852642191171
2115 0.4932313713463265
2119 0.46912977789052457
2121 0.5396671578853695
2123 0.4345267225447764
2124 0.596473184746762
2126 0.5480874254087618
2127 0.45228091493773015
2129 0.44246563652540805
2131 0.3514581200229627
2133 0.698453797130663
2134 0.3274922620802834
2135 0.5899381776229637
2137 0.4473585664170912
2138 0.3213622830678909
2139 0.8174012499622336
2140 0.3125904125700387
2141 0.7143402374317732
2142 0.5983549687072235
2143 0.3486146186328282
2145 0.506841263697963
2148 0.4847322080029151
2149 0.7178647187460009
2150 0.46665069699684797
2152 0.7014971730038957
2154 0.7998451370110734
2155 0.575508032951762
2156 0.4002739615498217
2157 0.38459352399272423
2159 0.42716089971407883
2160 0.6318363980279197
2165 0.44995950401223034
2167 0.535445253441224
2168 0.42998045819013214
2172 0.3064069554839217
2173 0.6157509288742493
2176 0.3121661541770101
2177 0.9172486479707808
2179 0.584501624147018
2180 0.44281162049380013
2183 0.5166550112473923
2185 0.45771843306711446
2186 0.6959457201362791
2188 0.7773797030637659
2192 0.5990620947985049
2195 0.5205892842050531
2197 0.918270368282327
2198 0.40674531944307984
2199 0.5699548447269939
2201 0.6051005356542218
2202 0.17393194237315504
2205 0.4519563060942126
2206 0.38629527440868494
2207 0.8751501138163148
2208 0.45622563070958505
2209 0.3442469501682049
2213 0.5479756928145579
2214 0.3833754506861688
2215 0.6628598003607838
2216 0.23969941531238495
2219 0.5659979183695588
2220 0.5826076350955355
2225 0.7678246734247686
2226 0.3840794782081369
2227 0.4820501415009361
2228 0.6027781844476923
2229 0.46664293237510557
2230 0.5847241576030424
2232 0.48542251567402706
2233 0.5045642530915913
2234 0.658852381718295
2237 0.3141261066136926
2238 0.7317920521255499
2239 0.4219973034158971
2240 0.4050312699424317
2241 0.7964296947612977
2243 0.6862098444436044
2245 0.5020816186172616
2248 0.5603497451067517
2249 0.436557857548058
2250 0.5976966059502317
2253 0.7245900808922695
2254 0.5488943484684978
2255 0.40218045574605693
2256 0.7071758218421387
2259 0.4337681875387899
2262 0.4720463161635583
2263 0.44600711370708557
2264 0.7971078867478023
2265 0.4977134072399037
2266 0.3978090983291356
2267 0.664699192487818
2269 0.6323002454357932
2270 0.3505348311618131
2271 0.5057279000281935
2272 0.5338268051085785
2274 0.7453835532804347
2275 0.5591487557401925
2276 0.38835119580689376
2280 0.4691361110450393
2281 0.45679722528509065
2282 0.5742784088122976
2283 0.5838511225754516
2285 0.4770429000279554
2286 0.6479745778794175
2288 0.3913591296469326
2289 0.5674113573312454
2290 0.5937254161347132
2291 0.6954268181519346
2292 0.6721377740471135
2293 0.49276223782569384
2296 0.5350808828298169
2297 0.5241453635660077
2299 0.2729869303025805
2303 0.6562641207101229
2304 0.3691648383785391
2306 0.5199372807627572
2310 0.7523692078524292
2312 0.7793610000291613
2314 0.43521358145735667
2315 0.6678122832086207
2316 0.45052645413282955
2317 0.4977303691183526
2318 0.5435408300210168
2320 0.5183866733478976
2321 0.714419105249726
2323 0.6201447644087608
2324 0.5053784525598084
2325 0.43615920542423586
2326 0.47520630618236087
2327 0.47709679044657843
2328 0.6387377135154848
2330 0.6338197382912311
2332 0.6794124903439394
2333 0.3613009470411892
2336 0.5832184339084394
2337 0.5662669148453265
2338 0.4847196820998506
2341 0.5693869479491105
2342 0.5966915588309992
2343 0.5048988009157355
2344 0.3920209834207986
2347 0.7665865708499856
2348 0.4814994860186631
2349 0.6122953295439739
2350 0.7405730196770571
2351 0.3820607638903403
2354 0.4417191435767514
2356 0.7373193265965939
2357 0.5041754085427694
2359 0.42654908454390383
2363 0.3864683801213945
2364 0.3955901550766998
2365 0.6280003284873241
2366 0.394165609710908
2367 0.6070937045518555
2369 0.3125164766438457
2371 0.5744081369426662
2372 0.3482025004099579
2374 0.5029894075765403
2375 0.7548204068573098
2376 0.47322612644031475
2378 0.5470272733736112
2380 0.5038455464207089
2381 0.7843843428685063
2382 0.4633319091599806
2383 0.4764737214933469
2385 0.7130808253391084
2392 0.6082604606733412
2397 0.6133968671788542
2399 0.42641159857205063
2400 0.6432980103173165
2401 0.6228276054085805
2402 0.5888796487800708
2405 0.7393771975209097
2406 0.350369273136415
2408 0.4761319344304318
2411 0.7138999243119908
2413 0.34589254055936314
2414 0.545353390903554
2417 0.5175276820348074
2418 0.28725445673268485
2423 0.6890342419032538
2425 0.47768427340566705
2429 0.5510212850488622
2430 0.28441512310547234
2431 0.5543753466472254
2432 0.6179893125549579
2434 0.6012652994098378
2435 0.6261905221521687
2436 0.29721561506428756
2440 0.6718403323012749
2441 0.29899829998545735
2444 0.6323950608207528
2448 0.2959768835842894
2453 0.6460347572062214
2458 0.6666745253501285
2459 0.3939521577954067
2461 0.5122934548719312
2462 0.5052673808108735
2464 0.3556967695021526
2469 0.4638106206394622
2470 0.5020100633226567
2473 0.4980856551906927
2474 0.5883334459278124
2476 0.41378210662022563
2477 0.4189581362058673
2478 0.669929510745743
2479 0.6467034522156058
2480 0.45722095954804276
2481 0.5767051261487766
2482 0.6242835950842665
2484 0.3764876093249897
2485 0.6680278696062588
2486 0.4697984073161666
2488 0.7403803612239082
2489 0.35689192188181723
2490 0.31999673057311917
2491 0.5482157033603009
2492 0.6099541999723737
2494 0.6816821902201059
2495 0.5397526146487359
2497 0.5840443419338173
2504 0.4780299543550414
2505 0.29019465529281024
2509 0.5555786161140794
2512 0.3831250128387053
2514 0.705557217010881
2515 0.5966112630240624
2517 0.4350756430369037
2518 0.6497449839480474
2519 0.6411444026182539
2522 0.42465931525473744
2527 0.674192872293827
2528 0.33806504601839193
2529 0.46316938574697036
2530 0.5246569739926474
2531 0.5415713969756037
2532 0.5296770209772937
2536 0.6429252560210686
2537 0.18742504298003282
2539 0.5802945565697138
2541 0.48545584206876286
2546 0.38440713485914724
2547 0.49332984740368757
2548 0.47014904488472703
2549 0.6423220420395842
2550 0.5024634947183859
2551 0.43625608069990013
2553 0.520431143527007
2554 0.497640749739376
2556 0.42822510288284815
2557 0.5949198337573014
2559 0.5334463087838949
2561 0.6090801277272402
2564 0.6267752313097477
2565 0.6351097590317265
2567 0.5305835034685715
2568 0.5691592882097533
2571 0.27599024937002087
2574 0.6647137347981981
2576 0.6668881230753023
2577 0.20861013532676823
2579 0.5164351241472674
2582 0.4363324484419943
2583 0.45975209552556956
2584 0.7011763697010072
2585 0.3954906840767476
2586 0.3884065680506133
2588 0.4853706339940651
2589 0.3816252083070674
2591 0.634302864168502
2592 0.626727644522591
2594 0.3831330648337683
2596 0.468710436274711
2597 0.6439388879341058
2599 0.37775798581449654
2600 0.7226193383779078
2601 0.4596798892385412
2602 0.5408002298757708
2603 0.4908339894119314
2604 0.34132215131930793
2605 0.6506534172913038
2607 0.5930468644112504
2608 0.28929343022826637
2609 0.699088535572098
2611 0.5114679075426091
2613 0.683846782237331
2615 0.3976437701096636
2616 0.34818542624255655
2617 0.405287959275698
2622 0.44385899183723254
2623 0.6460145732319719
2627 0.5361921849812226
2628 0.6611150963282224
2630 0.4184884465254676
2631 0.6481141919683594
2633 0.5540326607259567
2635 0.7256310584633088
2636 0.5576261321109818
2637 0.6443916367418028
2639 0.5361353791874559
2641 0.6865876485815361
2643 0.5258889679725871
2644 0.3687697107763005
2646 0.4558489187148073
2647 0.41879961794752063
2650 0.4633501437822726
2652 0.29195602831684364
2654 0.596220547021284
2655 0.6463344990095519
2656 0.4305260233595132
2657 0.4369982212353193
2658 0.6278362973530485
2659 0.5995896024659628
2660 0.4253993823175384
2665 0.817121679164791
2666 0.3748367842877162
2667 0.3885828271223617
2668 0.28799294356663857
2669 0.5767635998615841
2670 0.47992138957837344
2671 0.5003904888263602
2677 0.4855460290924782
2679 0.233103432629488
2680 0.7777373074110059
2683 0.31551639774935664
2684 0.7571670213980043
2685 0.5302556153976693
2686 0.5245343070674984
2689 0.43775864856884583
2690 0.579911408687346
2691 0.6085001494379644
2692 0.3213502011704485
2694 0.5702484458175822
2695 0.6421122982704973
2696 0.7028421703148691
2698 0.6425926111323015
2699 0.34152532550438147
2701 0.4824160146585087
2702 0.4667318982055979
2703 0.46217716063704145
2704 0.8437127208520069
2705 0.3883469016046121
2706 0.4240594785197699
2707 0.38353660984480886
2708 0.7336497278567681
2709 0.5856526142337487
2710 0.6544652807353779
2712 0.7829059669078346
2713 0.5466950148746847
2714 0.57049393058554
2715 0.5452958109951587
2716 0.47658570186775573
2718 0.658519267839599
2720 0.6274186033100059
2721 0.5429314344858885
2723 0.6881874630631807
2724 0.1741759735438029
2725 0.8363590345763521
2726 0.5005984980768825
2730 0.6175881700919184
2734 0.6344640970597705
2735 0.6171239464067021
2738 0.38722474397323464
2740 0.5718046218076925
2741 0.39344033886880736
2742 0.5604078193886218
2743 0.6280958109587667
2744 0.3963292192530369
2748 0.3485048755074329
2749 0.44330519435732096
2753 0.5131249426637349
2754 0.6131916146153598
2755 0.40936344472588
2756 0.5232012632161206
2759 0.5056942525367254
2760 0.658936109207413
2761 0.30687486035859185
2762 0.7112165769940465
2763 0.5243347018306668
2767 0.21978543230953043
2770 0.4668352104062689
2771 0.47310259031385987
2776 0.48720329650707433
2777 0.5851325300827499
2778 0.5600476799762538
2781 0.6971971993910053
2782 0.4258590622199199
2783 0.6108847956407841
2785 0.4349160702386529
2787 0.3674456934972395
2788 0.5532560332036109
2789 0.4155647926142944
2792 0.5960435760761434
2794 0.521303817192473
2795 0.48569397119614655
2797 0.31555100340499415
2800 0.5994882726694105
2801 0.3427632651516458
2804 0.6311227548337965
2806 0.47893528313125516
2808 0.3810423557375737
2811 0.5163938152249165
2814 0.17882970119919364
2816 0.6373215635418354
2817 0.3207101174981594
2818 0.6535168151715914
2819 0.5511659487988809
2821 0.6451806765527904
2822 0.37126188086584466
2825 0.5525215080871757
2827 0.5764224912357471
2829 0.5804517671248968
2830 0.3569181432361325
2831 0.8302669368236192
2832 0.2827360653867355
2834 0.5010977040090867
2835 0.4511571693314106
2836 0.6288330550040122
2837 0.5101989870286462
2839 0.3944724492892136
2842 0.48798557923195607
2843 0.43206265969464497
2847 0.47683095433239336
2848 0.48971678462552215
2849 0.5352099860626885
2850 0.4018659274422958
2852 0.4474822415321367
2856 0.44632580049096005
2858 0.49454517322154906
2860 0.4772771769695965
2862 0.5915580428366046
2864 0.402360634448875
2867 0.32832311895856814
2870 0.4736521822500287
2871 0.6570929518987817
2872 0.7172546449566635
2873 0.14539650286591876
2874 0.7903068893214475
2876 0.597747741062443
2877 0.512363348789812
2881 0.6049924489259042
2882 0.4282950253975622
2884 0.6961700374498867
2886 0.5332215535256464
2891 0.9335739415880235
2892 0.29052453815457085
2895 0.5070683585995255
2896 0.41096156774579606
2897 0.5513448468314149
2901 0.4023648007258729
2902 0.5086070572376946
2904 0.5667321024399337
2907 0.6444683592237123
2909 0.5528881370348511
2910 0.48057104880755547
2911 0.6454587507170186
2912 0.5279139963386168
2914 0.3491963553160806
2915 0.6446806269090686
2916 0.6648637856406651
2918 0.5881858171552179
2920 0.4349868798093705
2921 0.3731248083723325
2922 0.42691653939986685
2923 0.7783764460638027
2924 0.5749341740493588
2925 0.33165746887844594
2926 0.6197577941351857
2927 0.5393541599826
2928 0.5224016260667534
2931 0.9662347730094113
2934 0.407379645050065
2935 0.518491236970131
2936 0.6147353007539902
2937 0.60934337396284
2938 0.5732622592041323
2939 0.47454932831631835
2942 0.4644602335994003
2943 0.6021253477660826
2944 0.47120688016747064
2946 0.4904987926005346
2947 0.7628549631091117
2949 0.40611315148722216
2950 0.6692714192334035
2951 0.41021536776860196
2952 0.47529550872883375
2954 0.155369628053072
2955 0.5832096961543544
2956 0.38796297676118463
2958 0.4119487721245913
2961 0.3377875095434614
2962 0.4578298744614242
2963 0.4853367651606501
2964 0.47698113231566225
2965 0.5769897080476692
2968 0.849534411335975
2969 0.16476607258113915
2970 0.7152471695124192
2971 0.5206590896574503
2972 0.5754472688134382
2973 0.5945779433275429
2974 0.3858062623924008
2975 0.5540460708892487
2978 0.6162447286462832
2979 0.3499903814519916
2980 0.6289663869306836
2982 0.5892942119986584
2984 0.5776088232187858
2985 0.4364077276211543
2986 0.5297873430822586
2987 0.5845444505797726
2988 0.48766179243514113
2990 0.4279938704922224
2992 0.6249277634750438
2996 0.4990465517801908
2997 0.4637340878711882
2999 0.4124726632255478
3000 0.584327753836453
3001 0.5101591121596963
3002 0.5547056011757399
3003 0.5362708038263492
3004 0.6030688239193301
3005 0.726939506286447
3009 0.2874695603487314
3010 0.638672998076925
3011 0.5151762121098702
3012 0.13495660146485386
3014 0.6088321486148621
3018 0.5539436787715948
3020 0.6313524732264301
3021 0.4820149252194184
3022 0.5321869230879606
3025 0.4287283441845983
3026 0.5129616221522555
3029 0.6129417046681618
3030 0.6408413061347391
3032 0.30089244308582647
3033 0.3717966943987979
3036 0.36327294638180785
3037 0.4772339507977767
3038 0.507313878230559
3040 0.630713312695371
3041 0.6531433589022769
3044 0.7536710015416435
3045 0.34239842527744496
3047 0.46636596564817906
3048 0.41960483995791265
3052 0.7132649107380801
3055 0.8591803252992638
3056 0.45032446781325136
3057 0.5172099955278491
3061 0.3982215341233768
3062 0.5134985271963518
3063 0.500483125779343
3066 0.5513887404629504
3068 0.617256251023103
3071 0.49504219727504933
3072 0.5365116986706641
3075 0.42095246928944535
3082 0.6492189804295146
3084 0.443222519721987
3085 0.6452256485234958
3086 0.3542913322782639
3088 0.13148820610155104
3089 0.6471960234131297
3091 0.7321100755316731
3092 0.6321640086359817
3093 0.6356117238248198
3094 0.3815063581583323
3095 0.6108661828677702
3096 0.4245599247209486
3097 0.4299155698506481
3099 0.6571948749137977
3101 0.5655592474499423
3103 0.47647167845970173
3104 0.5698186667968057
3106 0.45911009126818536
3107 0.7043000254544424
3108 0.49011566974089454
3109 0.5706225203064784
3111 0.588249269539735
3112 0.2996172385445524
3114 0.5457691152067616
3116 0.48721847640573546
3117 0.6020409964544604
3118 0.45777199166090676
3119 0.469756869209981
3120 0.495450076149358
3122 0.46037276088444196
3123 0.40928459452723365
3124 0.45511894117815216
3125 0.5133840084434789
3126 0.8359007807082774
3127 0.37109242555765637
3128 0.6177880756076667
3130 0.6551903858736846
3131 0.5942495416959956
3132 0.6413103418392967
3133 0.5230477459657188
3134 0.5544381601035736
3135 0.5199720252881571
3136 0.48403341285660045
3141 0.31452213730311046
3143 0.28799660969459306
3144 0.5557461673519317
3145 0.5599993133080904
3146 0.5241529690942406
3148 0.6125914299775735
3149 0.252725957854451
3150 0.6512824093802596
3151 0.7091031467354114
3152 0.4919206987738491
3153 0.5107330586524041
3154 0.5602676585176506
3155 0.40511870207342154
3158 0.5681299590170765
3160 0.43581870888676144
3161 0.617464113675988
3163 0.6355615617790898
3166 0.3308710164573022
3170 0.7266120031956362
3171 0.5129052881933294
3173 0.49837697430965855
3174 0.5785919714550624
3176 0.6526455025372179
3177 0.40887780712816935
3179 0.23521036995093966
3180 0.6668288495576461
3181 0.3367140918511568
3185 0.6017525776380999
3186 0.4895077905626398
3187 0.5439087103732158
3188 0.6055475147021284
3189 0.4265413282445202
3190 0.5494409933767049
3192 0.3961097761207344
3194 0.5708353103611061
3195 0.5628112219724148
3198 0.8776696501906885
3199 0.3118614453212902
3200 0.5470944274469901
3201 0.32130566185360726
3202 0.4119546443657469
3203 0.6387861242718518
3207 0.5007984877890008
3208 0.5958327760965548
3209 0.520920539622535
3210 0.48300841262675126
3215 0.3622317364015689
3216 0.5791906845278721
3217 0.32585543903976755
3219 0.43894764202543296
3222 0.40447795506403594
3223 0.7934056167487558
3225 0.5001514499571176
3227 0.44065483294154356
3228 0.4671807460716532
3229 0.5947208855394019
3230 0.45462733981935516
3231 0.5812543549817529
3232 0.6831993350316315
3235 0.4799105004819973
3237 0.5711032188545913
3238 0.49225372874423784
3241 0.4810570510159745
3242 0.6138495368295587
3243 0.4190408540718508
3244 0.5833922385514952
3246 0.4228990800749726
3247 0.5225634639752622
3249 0.7477390413643714
3252 0.6715252275207055
3253 0.48561052630410617
3256 0.6204433526501941
3258 0.6712514920017983
3259 0.22052502518045533
3260 0.5831063389277596
3265 0.3742471327201321
3267 0.723180974680831
3270 0.5087893879637777
3272 0.5613804835734968
3274 0.49427391929054637
3280 0.5132179453554506
3281 0.4679816432360498
3282 0.5090579799489571
3283 0.4221867169053164
3284 0.6602063872637823
3286 0.5450886903499742
3288 0.5020517819297794
3291 0.5986315870542785
3292 0.517699424762865
3293 0.5055959363547696
3294 0.6663859939033924
3295 0.5864644928396873
3296 0.36094487222258237
3297 0.5881165959778578
3298 0.6032341950251392
3299 0.41290703938834383
3300 0.46868237701331755
3306 0.5656504546296104
3307 0.4642816342300403
3308 0.6101831012064293
3310 0.3851556238007748
3312 0.5251332240710875
3313 0.5747732240379639
3314 0.5180996306186287
3316 0.3925309299002833
3317 0.5964130264470118
3318 0.4626444466047382
3319 0.5156901449894759
3320 0.5178588876395478
3321 0.5273464341628128
3325 0.7992350765117127
3328 0.5435533694675412
3331 0.5785161871231843
3332 0.19629652360020797
3333 0.813028375250745
3334 0.6243055765509391
3335 0.36451934162696714
3336 0.6225299029028162
3337 0.48882039114017356
3339 0.7708002575474411
3340 0.4321381206242854
3342 0.36484379289273816
3343 0.2800490906920756
3344 0.639766539321265
3345 0.38205662634252646
3347 0.54741087755148
3348 0.5389236345183875
3349 0.6207322115986607
3350 0.48258269089908207
3352 0.4781148576779323
3355 0.7465911425548228
3356 0.10672208779155332
3357 0.734409645182134
3359 0.754962537414328
3360 0.4897134366857633
3361 0.2762594591112461
3362 0.5309756638173916
3363 0.4952893263207066
3364 0.6797248270203015
3366 0.7650285348633615
3368 0.4250736134519931
3369 0.4535682089759305
3370 0.445180757483988
3371 0.6408957847326034
3374 0.6553974615708605
3375 0.5479270618984868
3376 0.5214298913277142
3378 0.5970936682959255
3380 0.6685268707301523
3381 0.420478454201359
3383 0.3779806538654546
3384 0.3899154803936185
3387 0.3703597441153497
3388 0.6413011164991049
3389 0.37231533790439936
3391 0.6381074721916424
3392 0.5673839995327278
3395 0.25787998926119315
3396 0.5621075294093643
3401 0.5796207116671129
3403 0.4199409160139593
3406 0.46843947209613634
3407 0.7162258168226425
3408 0.3717528587820654
3409 0.43032620210651107
3413 0.5672363457828036
3414 0.611499621055803
3416 0.23939582196368786
3417 0.5885070942428301
3423 0.6853723125913179
3424 0.43195930807083965
3427 0.398798791016229
3428 0.6511041723443158
3429 0.4731052301255191
3430 0.5418976642740471
3431 0.34699229937383996
3432 0.5398291254047616
3433 0.5778552910841274
3434 0.41111032855555435
3435 0.549107030943441
3436 0.5645433399453086
3438 0.7326542025403919
3439 0.3502087627489408
3440 0.5351334797628745
3442 0.3927862393117536
3443 0.6255902182057774
3444 0.5244571822302808
3448 0.3553357904734846
3450 0.7352306088184808
3451 0.37186504979099066
3454 0.633381315078961
3455 0.5030507034858953
3456 0.2746739513505267
3458 0.4836658499425391
3459 0.37832967324350086
3460 0.5057397234869482
3461 0.4954490040969487
3462 0.44909274160001716
3463 0.6695815759476339
3465 0.6584312119385662
3466 0.4347657843711689
3467 0.6377617680294305
3468 0.6069502777389654
3469 0.54625058677341
3470 0.4301595457086876
3471 0.5784188304307564
3472 0.45175784472144775
3473 0.551576937462509
3476 0.5373227788679086
3479 0.6856433362232142
3481 0.5060434754904216
3482 0.5652359725455499
3483 0.2639393633132508
3485 0.5412026550397345
3486 0.3936197630736884
3488 0.434599538804535
3489 0.28530865187524046
3490 0.823468098412782
3493 0.6324804398764973
3498 0.5670639637852263
3500 0.5152923217911013
3503 0.46493078264331783
3504 0.41985714418865255
3506 0.428047494363127
3508 0.4640549842364125
3509 0.38751321979460635
3510 0.6954431289038119
3511 0.43393574582438116
3513 0.7790686304878557
3514 0.5506011490786034
3515 0.41947479120017395
3516 0.2323561278560887
3517 0.8415471975992006
3519 0.7300524967972659
3521 0.5475240123145876
3523 0.6059766853630197
3524 0.5313940619430971
3526 0.4771417757484779
3529 0.7421098399009471
3532 0.680967303790399
3537 0.33349554511640983
3538 0.5237123105288138
3540 0.3736956914426027
3542 0.4568160347469094
3543 0.5091200795233007
3545 0.46938002665913353
3546 0.4055464378888472
3551 0.5121073054958194
3552 0.745808805406373
3553 0.5337980474343716
3556 0.08563221005241678
3557 0.5833910328140001
3561 0.6839483395711192
3563 0.7390562445563376
3565 0.686109216164455
3567 0.6201473122687317
3569 0.284563429692152
3571 0.7281787063859457
3574 0.34795080173692944
3575 0.3132488358867404
3576 0.7529567198899099
3578 0.48356951350275335
3579 0.41986165501632183
3580 0.5693557793588976
3582 0.5284069613293924
3586 0.5323676335537609
3587 0.6057052014355401
3589 0.5072451676802148
3590 0.5059458572119642
3591 0.4578376824469054
3593 0.5574824698852273
3594 0.5137686624943432
3595 0.4759067833850459
3597 0.5380722669186755
3599 0.5583235951400376
3600 0.7050961142625073
3602 0.4167104001408493
3603 0.698698509581573
3604 0.6018715478056145
3607 0.4698651567983411
3610 0.34869783228731316
3613 0.6331704051757674
3614 0.3880746591643174
3617 0.4380207317630926
3618 0.37170828602415024
3620 0.3610943571710537
3622 0.5342271240072952
3625 0.21284562522319755
3626 0.6384235783588017
3627 0.6415199832452638
3629 0.7388159081385858
3630 0.4974534063671941
3632 0.614511337593024
3634 0.7059488776746751
3636 0.9293698986937974
3638 0.6628136506157694
3641 0.6741818740059825
3643 0.4951585462325064
3645 0.44062593782755044
3647 0.5955576890787313
3648 0.45977607467903137
3652 0.4939308784725178
3654 0.6516329521167173
3655 0.34109715654665534
3657 0.4610827699697232
3658 0.538676109906459
3660 0.6444152656243194
3662 0.5496426627138493
3663 0.6573776648534516
3665 0.5358159946654069
3666 0.38198905617547024
3667 0.785191509227207
3671 0.39409257009549215
3672 0.38789116408595004
3673 0.6011281340659861
3675 0.7210682779552525
3676 0.3591816116120704
3678 0.18683996573334455
3679 0.554425267112179
3680 0.5672278484801189
3682 0.6154353148024686
3683 0.6052552714076246
3686 0.6925796885253431
3688 0.36926563731148004
3690 0.3149889377304304
3691 0.5008132611793382
3692 0.520514700587642
3693 0.6051220606214898
3694 0.49808619745957383
3697 0.4143660153383977
3699 0.5422558908070824
3700 0.7837160675322623
3702 0.7818616202955087
3705 0.6759784731661599
3706 0.5894841063049271
3707 0.5633314142823368
3708 0.41124032026994156
3709 0.6416702118896284
3712 0.34401779231901414
3714 0.4033922239621768
3715 0.7212323092538412
3717 0.4952311343139925
3724 0.6323408745690434
3725 0.5407935612318363
3727 0.39145317777715277
3728 0.6026861039301663
3729 0.4686109283375179
3730 0.5702910176223692
3731 0.4527444398654389
3732 0.5992050901106616
3733 0.694987044356702
3734 0.49581890849198046
3735 0.5371417084089833
3737 0.5366445707141856
3739 0.5544625756185109
3740 0.4419940406312603
3745 0.6482505499140309
3746 0.3916929312708803
3747 0.6012993523556772
3749 0.5288325821309089
3750 0.4926640301624544
3751 0.5504745622879693
3754 0.5563748273551123
3757 0.5678036729551964
3758 0.6222015198494927
3759 0.3676739713422566
3760 0.6294353928383749
3762 0.29731006824316636
3763 0.624856123899974
3767 0.37055327304673186
3768 0.6272241435452176
3771 0.25779488519225385
3774 0.47264688017242434
3775 0.604792203416923
3776 0.45854734231851696
3777 0.5151075955889605
3778 0.18700583156259226
3779 0.9325922324617567
3780 0.3426235446507499
3781 0.6458095006523406
3784 0.8107054419630185
3786 0.48768232457324373
3787 0.593490209250359
3788 0.4833804457406441
3789 0.5231061326393087
3791 0.4520331803763783
3792 0.346647357962827
3794 0.5847258855352948
3796 0.5616149695062107
3798 0.4675692862438875
3800 0.23510044807290167
3802 0.6120467830010002
3803 0.37041071651338986
3807 0.6248678573491908
3809 0.5151823622651001
3810 0.4470696162861311
3813 0.580169494400842
3814 0.5298450324319909
3815 0.6535563654634768
3816 0.3480175269195729
3817 0.5858014225607672
3818 0.5969081258025337
3819 0.6043522715139089
3820 0.43114859460524935
3822 0.43470858784828487
3823 0.6067444349531403
3824 0.5351891546217837
3825 0.9001703050409751
3826 0.1395548785604179
3827 0.7790664078009245
3828 0.11987523598052947
3835 0.6180403186813407
3836 0.5975979651072509
3837 0.3617697704979528
3838 0.38925091306225146
3839 0.5126335837987309
3840 0.8040090360405816
3841 0.42094291641783116
3843 0.5086910618164472
3844 0.6603900527867833
3845 0.7427015030439511
3846 0.6114174719363437
3848 0.7329040665734241
3850 0.5411992606450167
3852 0.5020457741006972
3853 0.7103564472228808
3854 0.4580981001040391
3856 0.43549105046525777
3858 0.379327721462312
3859 0.3212077815938993
3861 0.5552526375566794
3862 0.6850816500860571
3863 0.40862869534081614
3867 0.777847039691692
3868 0.39733392809116946
3873 0.664560720863912
3875 0.45439673670613673
3879 0.6935401710130229
3880 0.4804801612584679
3882 0.7424241010715398
3884 0.538391889493354
3885 0.4969613854738759
3886 0.5602164576998883
3888 0.44716624654534903
3890 0.5199077492405489
3891 0.41130150699827717
3892 0.5950233704767303
3895 0.7560630615504043
3896 0.3106045426681352
3897 0.59343524874651
3898 0.3219447460155288
3899 0.47275005026954364
3901 0.5777189527279174
3902 0.6233433965661885
3903 0.6584210416758333
3904 0.37325306296355937
3906 0.6426412594185075
3907 0.5349976761025694
3908 0.6606036290050676
3910 0.640488001755292
3916 0.5283064069677336
3918 0.6851789407865536
3919 0.6080219154961622
3920 0.30215707443321854
3924 0.34610060710361434
3928 0.839516669359218
3930 0.5034769234737065
3935 0.5925696134135827
3936 0.5125584535404271
3939 0.33286326985027026
3940 0.4539784982050253
3942 0.4634613899815083
3943 0.6929957046101071
3944 0.4742267704173169
3945 0.5646890781277207
3946 0.2639792622761713
3947 0.4835856608948305
3950 0.44100052583189525
3952 0.5137352606516957
3953 0.48998978745229516
3954 0.4714449342125934
3955 0.5443006860461358
3959 0.6374820039861894
3960 0.32445064544464663
3966 0.46901320784243916
3967 0.5678135093306328
3968 0.48021062943160503
3969 0.654945480889193
3975 0.6393113839424389
3978 0.4813506570972208
3979 0.7221874634197405
3980 0.5553050784325063
3981 0.4076739808198191
3982 0.4824001087107438
3983 0.5776525390126561
3984 0.35080964271785675
3987 0.5328308033799232
3988 0.524932277454247
3993 0.443161921867291
3995 0.550681882088465
3997 0.6610991857947661
3998 0.39271798382533046
3999 0.6828332129286154
4004 0.5378997481523685
4006 0.62607241334646
4007 0.5243867936624503
4012 0.3123652086102848
4013 0.7451003300256435
4014 0.48153983232179204
4015 0.7821910260617121
4016 0.22611862880282796
4018 0.32627251981906963
4020 0.48018510091776356
4025 0.5022353974991953
4026 0.49700290560128174
4027 0.6090870295455727
4029 0.1942805530453916
4030 0.8023571400195243
4032 0.6493187596973607
4033 0.6801284851592458
4035 0.49566740798326775
4038 0.5218989957300865
4039 0.639911876617319
4041 0.5322438735636456
4045 0.3130427971117009
4048 0.5388256367072064
4050 0.5724096585112216
4051 0.1585831770034623
4052 0.861637398649741
4054 0.7298592870696264
4058 0.4461639934181335
4060 0.48805591461550296
4061 0.6358612210338823
4063 0.5275098323842814
4064 0.43181899651632216
4066 0.7508550162887152
4070 0.6287458943346689
4075 0.5844871878969805
4076 0.5365350665480129
4077 0.26146727138577913
4078 0.500110757092659
4079 0.566057481776231
4081 0.5735799822571016
4082 0.5422225308559055
4084 0.6690541735254281
4086 0.6564206266268721
4090 0.35805524381737985
4091 0.5269932348084538
4093 0.4278569450416351
4097 0.5924538665678928
4101 0.4107582788586096
4104 0.643129375123991
4105 0.43148069950178203
4107 0.5953589219109702
4108 0.6816004628418996
4109 0.3858306026456285
4116 0.4256629297815433
4117 0.47296417040050176
4121 0.5909856864896706
4122 0.5882485177928919
4123 0.3976636936020881
4124 0.6131394155866824
4125 0.575828224577642
4126 0.6653861188280681
4127 0.55473645351047
4130 0.4235405785975153
4136 0.5142986649873637
4139 0.7513359831668952
4140 0.4089904220669747
4145 0.2827044077465469
4146 0.6111665821108445
4147 0.3914228100265443
4148 0.49589437519182916
4149 0.6380391603608574
4150 0.37611176929521994
4151 0.7062493302900367
4153 0.3912726942366641
4154 0.6632453482564489
4155 0.5257656931238155
4158 0.613878384304713
4160 0.288913015953732
4161 0.668111516828141
4162 0.5274848396064765
4163 0.5632212278812476
4164 0.44685039108169833
4165 0.42705059150248315
4166 0.624371854208002
4168 0.7630158699465305
4169 0.2964932571365838
4170 0.6167184415014993
4171 0.6599899583142445
4174 0.4938525393057469
4176 0.3586609230504245
4178 0.5280793011676703
4179 0.41564659863651715
4181 0.39377632919591493
4187 0.40450013069368546
4191 0.41986357611231084
4192 0.6721504178256658
4193 0.7119356112109633
4194 0.3656769856537498
4196 0.6038007345053633
4197 0.6016274444572652
4198 0.3398058675497005
4200 0.5227826570769178
4203 0.36723870203865344
4204 0.8913260501764776
4205 0.3278278372111329
4206 0.40583620415449345
4207 0.4433983338502562
4208 0.4820949048438909
4210 0.41012883623110935
4211 0.4902159271240331
4212 0.5963169093218494
4216 0.3574567074440584
4217 0.5428235425458541
4218 0.5986978278947589
4220 0.6216084952401917
4223 0.5398313921749196
4224 0.6456049109300083
4227 0.5221177232444083
4232 0.2938691878525422
4233 0.5569655878646175
4235 0.4712961526093318
4238 0.31569101462792726
4240 0.4644044890099584
4241 0.5458696373547208
4242 0.7207753322177008
4243 0.3730270236626609
4244 0.41216358466723846
4245 0.35017401172279494
4249 0.48492122653497427
4250 0.5253987458911145
4252 0.7299948491861957
4253 0.49104312761683794
4255 0.6090872545622706
4256 0.502366501195341
4257 0.7858942764455897
4258 0.5051807451345464
4259 0.5510445912041455
4262 0.4916280468680559
4263 0.48358772005851386
4264 0.7433035696278434
4265 0.3386555665455427
4266 0.6394291014418361
4268 0.4601111844332446
4269 0.5611805704151464
4270 0.7088063459912064
4273 0.6201078602176003
4274 0.4791984957673606
4275 0.5380623974722968
4276 0.4381278597121111
4277 0.7017230919305695
4281 0.49856590743823836
4284 0.41147551765534074
4285 0.5301415043021062
4286 0.6322087307130287
4287 0.37770200005062604
4291 0.6555445012371018
4293 0.6586776254852362
4294 0.26926915878713065
4295 0.713403469552258
4296 0.42835216764758477
4297 0.6573417690707318
4298 0.28024680175933536
4299 0.4274541941835628
4300 0.6504598325208052
4303 0.4754368284407078
4304 0.4793581233276211
4305 0.5847994049291411
4306 0.444777344504856
4307 0.33771900480197187
4310 0.565834541555164
4312 0.7065400567859147
4314 0.7015501176466155
4316 0.5983308128296674
4317 0.748607740577807
4319 0.31878334099674144
4320 0.6979543368443154
4321 0.35227381835849086
4322 0.494297305972122
4324 0.40919438674760616
4325 0.42941345298629097
4328 0.5783578963126291
4331 0.6472831866381191
4332 0.3997021161037484
4334 0.439989600378074
4335 0.6386723030853262
4337 0.768935127099122
4341 0.46902837114686224
4343 0.42199634237655664
4344 0.724545271932308
4347 0.4462743237939234
4349 0.3299432542979311
4351 0.41660777267912885
4352 0.5702662746011277
4353 0.29197925202274966
4354 0.7500268495537015
4356 0.37542987504519937
4357 0.8180138875846646
4358 0.49053298691211245
4360 0.6178973070071991
4361 0.256418056319963
4364 0.8353204535842912
4365 0.22852261843814486
4366 0.45380702715499244
4367 0.4001365791824189
4368 0.4388400611555664
4369 0.5070024808628864
4370 0.5156439343264663
4371 0.5017996696587732
4372 0.6265966129211855
4374 0.4096482625930776
4376 0.47453706079399083
4378 0.5039399362403433
4379 0.6470411072714367
4380 0.4685639991022862
4382 0.6424555837614011
4383 0.4255705148455092
4384 0.5038322797275863
4386 0.48030182417567924
4387 0.3500804108192798
4388 0.5513376387531187
4389 0.7063479022915361
4392 0.5612044531236028
4395 0.5390233142993754
4396 0.3809460020515389
4397 0.6964302206491851
4398 0.49922905785795335
4399 0.2941532280267987
4402 0.6341012728877582
4404 0.5401464177844917
4405 0.5809528342702728
4406 0.43806350069627353
4409 0.5728101759458106
4411 0.5546359649503316
4413 0.6056911425479328
4414 0.4544604931612517
4417 0.24907245737798092
4419 0.37478032414235873
4420 0.4826981918626941
4422 0.43193571553409504
4423 0.515126453616345
4426 0.6185058454297268
4427 0.3665002397640498
4428 0.3281262187343863
4429 0.664073030767714
4430 0.49493973162246296
4432 0.15038881193393086
4434 0.1920039762052086
4436 0.4880376304199081
4439 0.8654961937152327
4442 0.32639186943678233
4443 0.42189518272636756
4445 0.5360862191058723
4448 0.3373539620949922
4450 0.7173936690059556
4453 0.4857841755020716
4454 0.4267175398305163
4455 0.4975491642367497
4457 0.6744935411496095
4459 0.7017830630395466
4460 0.40756537315783936
4461 0.46089790485375154
4463 0.611275373484392
4464 0.1796379028121452
4468 0.40767760005389436
4469 0.7520155044330391
4470 0.38756894517733126
4471 0.5450991442251905
4473 0.3254687943013027
4474 0.37871133896550946
4477 0.446334872391807
4478 0.5752972916719782
4481 0.4696870011141565
4482 0.5212396225040876
4483 0.5712714995377124
4487 0.31883181151457396
4488 0.8767217489862501
4489 0.19241715702312365
4490 0.7571195992062921
4491 0.46562974814735164
4492 0.3938270339910753
4493 0.7562084046896603
4494 0.2832056906329462
4497 0.3940399008850938
4498 0.6166110789352001
4501 0.39039099757175355
4502 0.4766171680313247
4503 0.678889347852267
4504 0.34591645014246775
4506 0.46205251467973
4507 0.5232448004627912
4508 0.3536693904307829
4515 0.7056905659855829
4516 0.5377987685268708
4517 0.48640170961215695
4518 0.45429735225104256
4519 0.5510189622423176
4520 0.48700558892242407
4522 0.3056608631958587
4523 0.7675246911892751
4524 0.5435084160371583
4526 0.3506770366345419
4527 0.6867425953704758
4528 0.4358614583219952
4529 0.8762621165306204
4530 0.5389141530669049
4531 0.3064614135495867
4533 0.511516043636524
4536 0.37457423590179556
4538 0.526760106322944
4541 0.46344803542159735
4543 0.6320537932197355
4544 0.5380951207057978
4545 0.5205852046304046
4546 0.5546611416446776
4547 0.3831353712059251
4548 0.46791745003743734
4549 0.29433793047720663
4551 0.592978347617518
4552 0.6212470175534323
4553 0.5508139888223288
4554 0.46572311858629406
4555 0.26715626126206027
4557 0.7493915079486083
4558 0.6037973514024708
4560 0.6078889225912248
4561 0.5472986453365702
4563 0.4281194480452777
4565 0.6372091014991763
4566 0.6241720180871029
4567 0.3396933520502179
4571 0.2000491620131661
4572 0.5230529800865761
4574 0.6145340666021434
4576 0.6185796342012773
4577 0.5573975318390395
4583 0.543428256529574
4584 0.46062012496725074
4587 0.5364157152681389
4588 0.47688700250750604
4592 0.797247048553752
4593 0.33205407750930754
4594 0.7807214683299107
4596 0.5357927786651783
4597 0.47552831215010316
4598 0.38957895912637774
4599 0.6881306418605955
4601 0.6916795520971003
4602 0.5647114537544091
4604 0.6141216577811606
4605 0.5936949324820467
4606 0.2110913017283914
4607 0.6266322875267101
4609 0.6357991679661457
4615 0.4070311379456524
4617 0.6140091126317752
4618 0.5565481212736042
4619 0.6331738767333789
4620 0.3896603207794659
4621 0.6851111140867135
4622 0.4026070247298942
4623 0.5593135751907857
4624 0.40124222274600496
4625 0.7002140093823318
4626 0.32461681497241807
4628 0.5454099481744334
4629 0.487882957502022
4630 0.45756306009560366
4632 0.4594258669968585
4634 0.4699556769630325
4636 0.5382958577428427
4637 0.6527201472494394
4639 0.4086764213410781
4640 0.3828774240761487
4641 0.4605239714694505
4643 0.4136292065125331
4644 0.6551731924692118
4645 0.4702571301467666
4648 0.7991935778317157
4649 0.30293218020572227
4653 0.7792074847448259
4655 0.751890618737807
4658 0.46176904799229274
4660 0.48374299784538416
4661 0.7510372752976208
4662 0.39308612882921246
4665 0.47344443519750556
4669 0.36156602629717693
4670 0.5725152448997376
4671 0.66195459653706
4673 0.7976490055092926
4675 0.7430936365974949
4676 0.3109671271557054
4677 0.5211594015364747
4678 0.4578392855265129
4679 0.44378496208658963
4683 0.4317716485161079
4685 0.5150501359204989
4686 0.538348797598506
4687 0.47558157302526893
4688 0.624003870059854
4690 0.5406160381782689
4691 0.41167888049503043
4692 0.8132405791085136
4694 0.558335416819771
4695 0.4991348138057452
4698 0.4451350991862126
4699 0.40566328462050005
4700 0.595486720995457
4701 0.4789694538420033
4702 0.23608223222935817
4706 0.7456674902993994
4707 0.47759138755835373
4710 0.6486184869678471
4711 0.5595170293905787
4714 0.5644079883993723
4717 0.36510456483718684
4718 0.609375529790991
4720 0.47608299258158826
4721 0.6471676661039604
4723 0.6511986225603759
4726 0.4872417987056139
4731 0.37369638032125996
4732 0.6096113359889852
4736 0.5016246323659096
4737 0.5439418908308923
4740 0.7511222478717948
4741 0.3255388572699666
4743 0.5359841729980418
4745 0.43651966269182224
4746 0.5357557100520517
4747 0.6230793793895552
4748 0.46286232142177536
4749 0.4815177332960767
4752 0.6045652512052323
4755 0.6163812912868138
4757 0.38826645746666394
4758 0.5851285521119067
4761 0.5568687577395968
4762 0.471672108915868
4763 0.4293143212209555
4765 0.3536660568988204
4766 0.7769296787572263
4768 0.612814654582856
4769 0.34134542205991897
4770 0.6469946217027573
4771 0.435531232330067
4773 0.5093507632757257
4774 0.6014752430134018
4777 0.4583045488762245
4778 0.4948932980845576
4779 0.622383528651712
4780 0.5193123501671537
4781 0.5328191007359194
4783 0.538070072350397
4784 0.4851229151089377
4788 0.6988464756364661
4791 0.42846989371675465
4792 0.6572427490533073
4793 0.4710194676923764
4794 0.4423506185013159
4795 0.48883613923279007
4800 0.2886799393968619
4801 0.7098808575408705
4803 0.5235406349470605
4804 0.45770989633915504
4805 0.8572924709259668
4806 0.5654704016327902
4807 0.25397336835102424
4808 0.7723118025689322
4809 0.4346567746200033
4811 0.5418682756983348
4812 0.5820321926358188
4813 0.28296397872857276
4815 0.476744673842876
4817 0.49509868975420657
4820 0.5682333430023421
4821 0.4275525728822238
4822 0.5862302140696761
4823 0.837264956433684
4825 0.5478912994639294
4826 0.2994590844378529
4827 0.5928323349219266
4828 0.5257846969733226
4831 0.5043554708537469
4832 0.5611244589059956
4833 0.36931508301602467
4836 0.6739287095025736
4838 0.5949863454437213
4843 0.486516867421242
4844 0.46423980071071597
4845 0.7243509399872591
4846 0.5183819992964449
4847 0.5561785348636652
4848 0.6358202548054913
4849 0.612400057021369
4850 0.4153301397501935
4851 0.5559679179881248
4853 0.4507942886133182
4855 0.4024616080345473
4856 0.7629037650215906
4859 0.5449376695038183
4862 0.6210107952387361
4865 0.4000965841100037
4866 0.5987631371128321
4867 0.47238407585028935
4868 0.6194843205811137
4871 0.45859255016537387
4872 0.3207927096349494
4874 0.5563023517710199
4875 0.5740980597530635
4876 0.501689898754678
4877 0.3181773495630387
4878 0.45789127576217026
4880 0.42314193133391137
4881 0.49197812835206206
4882 0.6201776569461933
4883 0.504017197040545
4884 0.40864504816619135
4885 0.5045756440086564
4886 0.7477896869590325
4887 0.3198064490806294
4888 0.49370914368573354
4891 0.27626787778334855
4892 0.6415571470436967
4893 0.5691726962982835
4894 0.6025559445493944
4895 0.2458389037055439
4896 0.7973742080590335
4897 0.17166208187626814
4898 0.7497326845661904
4899 0.5266014057238065
4900 0.41409948964472376
4903 0.8483968124567552
4905 0.5406094137761943
4906 0.5661750901910805
4907 0.37781806906723253
4910 0.6625022794234645
4911 0.6438279705697608
4912 0.7179244095717214
4913 0.4242832158131131
4915 0.6236638562109513
4916 0.4489691955152054
4917 0.6243292972428554
4919 0.3541984943797876
4920 0.5562867984928481
4921 0.4710333290118444
4922 0.6687476481826046
4923 0.4373352910918084
4924 0.6703514569862727
4926 0.25094579510968335
4928 0.6274967320840933
4929 0.4280552446622091
4932 0.3540156591402235
4933 0.8040002049750934
4934 0.45689413556763564
4936 0.5545024179055656
4937 0.40517575272688067
4938 0.7365529335478718
4939 0.4532119163511861
4940 0.39449527901931775
4942 0.2853166457412882
4943 0.5284552406708626
4944 0.513964416901911
4946 0.664648217602718
4947 0.49364900365842895
4948 0.445103682170214
4951 0.6010800474849384
4952 0.4777154332213415
4953 0.6301308049312375
4954 0.5381280915441672
4955 0.419396918401877
4958 0.4510760023851874
4960 0.3760629763172445
4961 0.3720854133747085
4962 0.7401546939933007
4963 0.6668831548880915
4964 0.5338080188115721
4965 0.46719852432330017
4968 0.5360737234133681
4970 0.524162351114111
4971 0.6811596825523543
4972 0.4725511068960372
4973 0.3691181906934168
4974 0.6224318328611096
4975 0.6276091113945927
4976 0.5368703545381013
4978 0.5265755675236786
4979 0.6439974729067796
4980 0.6876927480895156
4981 0.3137007418461616
4982 0.74438912166577
4985 0.28685729216168593
4986 0.3966315835898846
4988 0.373504110984613
4989 0.6886415814942312
4991 0.36107892513299095
4992 0.45592010154835905
4994 0.423045563612988
4995 0.71075099543344
4997 0.654372936453814
4999 0.631817504108693
