0 0.540391179044985
1 0.4864781466487373
2 0.7374547882448312
3 0.29622520681419356
4 0.5044370083294171
5 0.45405752952974493
6 0.5789160781240891
7 0.4316024819522825
8 0.6842194746070693
9 0.346216494918587
11 0.7550422158587445
12 0.30940957902381405
13 0.6799124800234629
14 0.5963939461382869
15 0.5987705773428453
16 0.5155903422954701
18 0.5670558536829637
19 0.5420467003628654
21 0.5099525681118425
22 0.5199881897678916
24 0.6431688374287078
25 0.4884471336404842
26 0.5648351312415256
27 0.4170556482798106
29 0.5872740864320635
30 0.40165212420344915
31 0.4617243056667422
32 0.6842651987256478
36 0.6431080721152334
37 0.4840561037077569
38 0.4438611252256122
40 0.6362042337838396
41 0.4604160274453537
42 0.3610712653945254
43 0.4661134230087468
45 0.5414897685804216
48 0.4976054552933398
50 0.36797586208881033
51 0.5733315652957384
52 0.2153790591653413
53 0.5893739730838926
54 0.7957922840030119
56 0.6012951006710452
57 0.5226455903301489
58 0.5288443588560884
59 0.47505058781080417
60 0.5760062698737385
61 0.4527165463194272
62 0.6102382333953696
63 0.7167225586045405
64 0.3778609892979765
65 0.7542420330106008
67 0.44074885191054447
68 0.6164069101671665
69 0.38056843280886227
70 0.616234188911815
71 0.5293924614657023
72 0.5336058384970752
74 0.500013893107416
75 0.5499915578822927
76 0.47976991700532556
77 0.5048843551561373
79 0.6642015773903169
80 0.28362379321227266
82 0.49489723722791773
83 0.41683534708380543
86 0.6906816146345206
87 0.5056443538206054
88 0.5115058536105459
89 0.44511543104797097
90 0.6959181521777921
91 0.5815516987403743
92 0.36059545741756616
93 0.5516064064570836
94 0.5170302280422262
95 0.44072429680579517
96 0.45150087012665435
98 0.49335375503526135
99 0.5796258581853737
100 0.7125414850359028
101 0.6781628146009203
104 0.18560789743516234
105 0.5760775326810653
106 0.5851958932780731
108 0.47392485076930024
109 0.09537433271016685
110 0.624980725909394
111 0.8612359607996297
113 0.572783351097927
114 0.49524052261277507
116 0.5243873268912927
117 0.42613747687769976
118 0.9224107217099221
119 0.2516895222196601
120 0.5485642050397047
121 0.6077454039204104
125 0.5659181427943034
126 0.5495904601671339
127 0.4027504894509301
128 0.7640642344035329
129 0.3713619175596707
130 0.46923508800196256
131 0.6254213417016125
133 0.5459863984200795
134 0.49129802654315524
135 0.33448061099988896
138 0.6966753040339988
139 0.38563688955444214
140 0.40742498312454806
141 0.5852535023722885
142 0.44725279472480056
143 0.5104217614071908
144 0.4067072847196842
145 0.6181193239412672
146 0.46012731089165776
147 0.5187787732978255
148 0.49005157543750855
149 0.7448757631711045
150 0.3845790706953089
151 0.5367951148747164
152 0.48279698362433054
153 0.31238078755135695
155 0.8171755327071267
156 0.459998105545023
157 0.4162707843229296
158 0.4418246407606774
159 0.4345044693678589
160 0.7148340654497582
161 0.44573438959616535
162 0.6108179330932314
163 0.3896001028074675
164 0.6895239468306096
165 0.45269190710453966
167 0.2611835253037919
168 0.5835231132092394
169 0.6804319747550392
171 0.6275545234413532
173 0.6860651897679053
175 0.3968696698365001
177 0.5426743154336322
179 0.3665374120300095
180 0.5779841727650774
181 0.5917027437760961
183 0.5407120313644954
184 0.4207605293432057
186 0.6099090868603616
187 0.6900834670485524
188 0.48139742114195067
189 0.6679368462999553
190 0.33778582438071325
191 0.4820463367177788
192 0.4199732896764318
193 0.5844531208318612
194 0.5606964402432384
195 0.5660944289217699
196 0.4492688392046454
198 0.7336819417079631
199 0.5223547318616801
200 0.3638665170619205
201 0.47102606368403943
202 0.5492053204609286
203 0.5271342726530542
204 0.5753636955202072
205 0.5310053823692459
206 0.6328921198797143
208 0.5116419360897803
210 0.3713911941254233
211 0.5424686204350433
212 0.5534403105519246
213 0.8094403192797457
217 0.598063152626043
218 0.607084999931319
219 0.5116899746159695
220 0.6030500020572537
222 0.33622034826145514
225 0.6608483643602832
226 0.45055916168271526
227 0.463078039619384
228 0.6550165459403214
229 0.2565007760014233
230 0.4980079571732088
234 0.320484415102946
235 0.7147227065263496
236 0.4339694305035678
237 0.7145082877543104
238 0.6500453057862784
239 0.36676069004928036
240 0.36545633334080474
241 0.4825275768214219
242 0.851005604098135
244 0.8035537803472995
246 0.6035032368936165
247 0.44759158345922173
248 0.40470649224781263
249 0.6964596873096752
250 0.3355447543178461
252 0.4678734609891015
253 0.4884589337162228
254 0.7232651957746968
255 0.44393634356007755
256 0.5397853917130502
257 0.36292030978588735
258 0.7244999603406203
259 0.30144837790932233
260 0.7029464945577923
261 0.49116775928441997
262 0.5866368946500379
263 0.7103857613248703
264 0.1748517319850885
265 0.8314544011546736
266 0.402043072085129
267 0.489949687180942
268 0.4087681807019843
269 0.6956976070747429
270 0.475746622464971
271 0.6051607363391712
272 0.4086605748991749
273 0.5309255640547642
274 0.6378815562170215
276 0.5198714631705916
277 0.3198440000522632
278 0.6474956507029828
279 0.5558168499032567
280 0.5629029892169256
282 0.4166345745535692
284 0.47761982341732945
285 0.5458526463765152
286 0.28357406225580384
287 0.7392794378896373
288 0.6644652068970045
289 0.41913768607190405
290 0.5855149172193503
292 0.5015721036893926
293 0.5472462192133815
295 0.7653001874235741
296 0.7243086185803417
297 0.2801919109342155
299 0.3848177472518058
300 0.42184298291091
301 0.5871141300011053
302 0.7031795828777527
303 0.49490156407647773
304 0.6481356117025707
305 0.41472091808503514
306 0.5433092252333677
307 0.4583576540925891
308 0.605372096657076
311 0.4974492504432423
313 0.5311901210775282
315 0.30705266852653607
317 0.6971873848922592
318 0.4772241522492074
319 0.5093553328665616
321 0.628544018687467
322 0.49958339399447577
323 0.6691862716771456
325 0.4820854322652777
326 0.3833059510991651
328 0.6610910437277814
329 0.4871552624196951
330 0.17937615511051916
332 0.45648137586912
333 0.7834032291314371
334 0.2653947081818693
335 0.34210897370643034
336 0.7671979759297102
337 0.5915535781114608
339 0.3691063645927969
340 0.45841551064469915
341 0.4907714094139434
342 0.545080890161521
344 0.6985092939089184
345 0.5250221694390168
346 0.6066516922361188
347 0.3692120540261114
348 0.5429287639806915
349 0.5013201658086718
350 0.5654298791047527
353 0.6394550912706773
354 0.4648871447030273
355 0.31360125155262414
356 0.6541104813733756
357 0.22276230977903214
359 0.597710748042014
360 0.5295121718245688
361 0.5572959069079908
362 0.7288789610410022
363 0.48400999848548765
364 0.40216183846390835
366 0.5327159081914593
367 0.3206785628606701
368 0.7346627787615874
369 0.35256272511432807
371 0.4107691076679533
372 0.672818546797057
373 0.5207667978069466
374 0.5013497317299693
375 0.41687955216024114
377 0.47236782127685767
378 0.6133549191858552
379 0.495536192670749
380 0.48216341541709656
381 0.5572633242254355
382 0.51377478081202
383 0.41328129050928347
384 0.6047488329512631
385 0.6114844835108454
386 0.48682662437425245
387 0.44636613201400527
388 0.580846835932572
389 0.6198166201104007
390 0.43132508443210643
391 0.5082717122786681
392 0.47241809793403267
393 0.6130376580282314
394 0.6088396462195581
396 0.6830904809848104
397 0.4622151850328118
398 0.5683160671611066
399 0.32697203407827713
400 0.4815359809507394
401 0.5505867174244982
403 0.63722784544989
404 0.5112141589114894
405 0.49499535886711554
406 0.635666058758611
407 0.35779464020023866
408 0.49998872709916564
409 0.4596528075648481
410 0.47624838872399716
411 0.6359844703116854
412 0.4101218085570078
413 0.7051886783738698
414 0.27704973010101963
415 0.3997613556276325
416 0.7320113652640761
417 0.4377804098301863
418 0.6042937956025565
419 0.6274753410926743
420 0.44940238785041736
421 0.6001825210969228
424 0.6237469229056204
425 0.4343670781885051
426 0.7038868422795165
427 0.39164201819241257
428 0.5684938348134064
429 0.5534797172804417
430 0.4698573852322897
431 0.35457849732688174
432 0.6208154789769078
433 0.49513105140026176
434 0.7070550991595923
435 0.4689836471379281
436 0.6270912086854724
438 0.3399985688208485
439 0.5168341627176268
440 0.32047597061849975
441 0.5465874454102785
442 0.6093501008125479
443 0.6627495679243285
444 0.6957073770468877
445 0.6077812976740046
447 0.6135535464598979
448 0.4359559255481149
449 0.4747165329329778
450 0.6247527546726164
451 0.4650180488654484
452 0.5315253405944479
453 0.5052612692052346
454 0.29835641499192694
456 0.4552279493339548
457 0.7168704348678411
458 0.4977118374333532
459 0.5576382497826955
461 0.8421606318842235
462 0.5737546563516573
465 0.3811923879744785
466 0.5083733683955979
467 0.43141682743874843
468 0.5167609196854591
469 0.7300667651632964
470 0.49279988495021426
472 0.862998065179654
473 0.38704576566066123
474 0.5260207446218765
475 0.42889599689326047
476 0.6357118376325889
477 0.4716337886533816
478 0.03598114978980804
479 0.830545070799236
480 0.47250666970341165
482 0.5873972218415662
483 0.44660117341916916
484 0.32968970726215385
485 0.829401800900575
486 0.5901271476791321
487 0.2635429446872915
488 0.8210999265350578
489 0.38347289915109123
490 0.42443303130817556
491 0.629618111646301
492 0.5702194563702312
494 0.426182254311461
495 0.6925943933139143
496 0.4687763346887315
497 0.43869120575476866
498 0.5368607940317153
499 0.5795413846630214
500 0.44627839954294163
502 0.7021754571173986
503 0.5421890778132797
504 0.3638189494755806
505 0.46320874256709305
508 0.40051966875929923
509 0.7111379196871027
511 0.29714949972169635
513 0.4119328731830415
514 0.7449511275597316
515 0.5726499767961382
516 0.19033288067517992
517 0.7430285543609616
518 0.5776048907117679
519 0.43142109836386167
520 0.51079478571112
521 0.5692876154721713
523 0.5607403853425201
524 0.49648373437996474
526 0.31976702270850116
527 0.6404657123071367
528 0.5689052548704281
529 0.562890884229588
530 0.3531989995414687
531 0.785100735993056
532 0.4046397407929018
533 0.4251348337689408
534 0.5305503300722951
535 0.8588250489051398
536 0.31099896356945006
537 0.6619169653417472
538 0.21100967306139634
539 0.6605839786829264
540 0.66411336625934
541 0.3513455231326072
542 0.8149559059059441
543 0.44121898566960754
544 0.618354128521479
545 0.3688924318977094
546 0.5329972308266171
547 0.6625992651004791
549 0.3456996153686883
550 0.6648482943034135
551 0.3761209169037619
553 0.3670693644934891
554 0.748093332832707
555 0.31057600258056584
557 0.36315557485044553
558 0.45257973082083947
559 0.5735777531680388
560 0.5094582592627814
561 0.3865537215713715
563 0.5672919717559383
564 0.4667697573310979
567 0.6743275264332408
568 0.38957788486880207
571 0.6333257600203192
572 0.41280697826042945
573 0.5520160564069141
574 0.2560706373969113
575 0.6739864230113152
576 0.45310398805786717
577 0.6419679188933224
578 0.638136541981074
579 0.6700095001095955
581 0.3320929904705522
582 0.6256087418307179
585 0.5283110288616336
586 0.5318832512874246
587 0.6044999596931822
588 0.5804750400680166
589 0.47944631754529243
590 0.5579540800719034
591 0.4233509696510158
592 0.4797638890424445
594 0.4630512199450669
595 0.49883199898717645
596 0.4709110735404318
597 0.4976769127576538
599 0.6875375384575848
601 0.5670535031757218
602 0.6243034714096571
603 0.7144690105141827
604 0.3175422614972103
606 0.6416106819437076
608 0.470142135201234
609 0.7085652208633623
611 0.5984638730249712
612 0.6991169841487042
614 0.4381181944518467
615 0.7248344399693654
616 0.46350110208115214
617 0.4255248475407443
618 0.4521444848358711
619 0.5397880295312967
620 0.6609983778938386
621 0.39751417286507335
622 0.7241016662337967
624 0.6352617423792393
625 0.5068319207821574
626 0.540868888969927
627 0.4668389774413221
628 0.7388260687177417
629 0.675467048641851
630 0.34939812493660344
632 0.48294693696036245
633 0.3625068440154074
634 0.559610886033981
635 0.5213061706722282
636 0.6038317642100406
637 0.6283912878682462
638 0.4668395548220538
640 0.5742408487087124
641 0.5823565535151178
642 0.6478659013567408
643 0.3710310577174914
644 0.5802447387295186
645 0.5810500963919073
647 0.29382185504473685
650 0.7047609100438812
651 0.47646726268563167
652 0.5464703292096061
653 0.6034916967003325
654 0.4932483739094286
656 0.3700196652460387
658 0.5529642206430766
659 0.3965159301259608
660 0.3862399119560425
661 0.7564889522003667
663 0.5093168599315296
665 0.5782996991525224
667 0.6247708650111071
668 0.4130262288208547
669 0.4590746041753633
670 0.6376671411532631
671 0.5876003529906703
672 0.48335962482246364
674 0.5460220176337414
675 0.4502670550557793
676 0.41067579935799636
677 0.8141573261163509
678 0.33840415809110086
679 0.6727436465622926
680 0.5715666241011574
681 0.5236876280035035
682 0.385212523827075
683 0.6197798707084791
684 0.3460658735067349
685 0.747993836315978
686 0.473705547444902
687 0.5098446648504228
689 0.3262209190737516
690 0.6309867083605206
691 0.5036569136532977
693 0.3513888300736621
694 0.6468187992970231
695 0.6151815974256537
697 0.6233215599141201
698 0.39516907797177625
699 0.7475321241087919
702 0.7731036107805639
703 0.3544567948293484
704 0.39499456976027225
705 0.47609251224141574
706 0.649008130057157
707 0.47676742811439
710 0.3410040659136767
712 0.37374377311906526
713 0.6326512672833691
714 0.44469439428572255
715 0.4309766772299478
716 0.5354525002609428
718 0.34171091465186937
719 0.5145809295235294
720 0.7071848818291976
722 0.7002803278714974
723 0.5255449899036148
724 0.22029858367060193
725 0.4603367446164691
726 0.6808099600064278
727 0.6577885347407618
728 0.5454410903161336
730 0.5242772160429533
732 0.42461084251050996
733 0.4879873363587907
734 0.6873297620213564
735 0.483475005280851
736 0.5218884024737359
737 0.45978716128046254
739 0.44954925943417723
740 0.1502986965844411
741 0.7514280972655925
743 0.5816586636928716
744 0.307882357127449
745 0.6853781230001799
746 0.45733293553851906
747 0.6334615386671714
748 0.43981762464885643
749 0.5886868786182675
751 0.6075589452477781
752 0.43902230650137736
754 0.5547092200158941
755 0.4624556825403822
756 0.825160965892879
757 0.21794917892351903
758 0.6778886329817942
759 0.5277708179921262
761 0.6832506313715809
762 0.40291312825175574
763 0.6179791775865516
764 0.4210440958237795
766 0.48016744578159287
767 0.43810457094755345
768 0.4418782827038907
769 0.47085276309417934
770 0.5493784334927277
774 0.48928726578374654
776 0.5994557235199754
778 0.13160906583597218
779 0.740283487647761
780 0.6423385858217567
781 0.6452782453528175
782 0.39838984817093975
784 0.4984631231046127
786 0.25287896811674654
787 0.435553606811964
789 0.5901275177149462
790 0.599478578117597
791 0.5504467797063106
792 0.7559403329441916
793 0.3474473160834066
794 0.473178403545054
795 0.3412872209561323
796 0.45688006708405166
798 0.7318747615251185
799 0.4305929403703188
800 0.7438881763482496
801 0.5420934820823801
803 0.5453013198082717
804 0.428578501460794
806 0.5477243556169495
807 0.3796812050075516
808 0.5798586023512337
812 0.7212097503788278
814 0.43265492235430847
815 0.43100037362529103
816 0.543527247286299
817 0.3479675655279775
818 0.49733346307699766
819 0.5320279351904359
820 0.7657275501141482
824 0.457719620522845
825 0.5906759861453839
826 0.6411225646799376
829 0.3835461746034339
830 0.4730359014563221
831 0.4961827406656303
832 0.6885151736910888
834 0.6492956487898611
836 0.527718622481514
837 0.6713342345443547
839 0.6579663548810745
840 0.31937711759665555
841 0.5884262060604767
842 0.42078684548031675
843 0.35698945760529976
845 0.5185862381986889
846 0.7469356402343835
847 0.4769874790631976
848 0.3971989045142204
850 0.7403854345144504
851 0.4099314993439492
853 0.3933483379933709
855 0.35893729806805214
856 0.610578900686581
857 0.4891633553794908
859 0.35786402814411267
861 0.6918171234109791
862 0.7094884824680142
863 0.4314429035145693
864 0.6833489145142895
866 0.42032389970785555
867 0.40825398364737725
868 0.6642588072078143
871 0.3012733212223861
874 0.4349542106707115
875 0.645067311712932
876 0.5806525294467151
879 0.5400933841343319
881 0.07070053895842833
882 0.7552197711805496
883 0.47627777882857086
884 0.6497307340959895
885 0.36213232751543695
886 0.5099456789748298
888 0.36304776997030563
890 0.5295766907363398
891 0.23882683418601447
892 0.7139788487188811
893 0.3748560628259269
894 0.689323964682873
895 0.49146449248146135
896 0.773429989323084
897 0.6296801259154815
898 0.39625021730427595
899 0.4354616559991861
900 0.46743706976915284
901 0.267581076862947
902 0.7698772562660416
903 0.7891133678007852
906 0.6853566153290239
907 0.522623918186481
909 0.7919834794686881
910 0.5114191453509709
911 0.4298492951111691
912 0.4230171731569346
913 0.4729204271756565
914 0.6030674671767985
915 0.569168337894552
916 0.752499187523348
917 0.366063207758933
918 0.5486867706351213
919 0.5751358704648143
920 0.622483089927079
921 0.6245428306998306
922 0.4350655325989398
925 0.6187178607677016
926 0.4571147625111074
927 0.37017991932724925
928 0.6828092888323494
929 0.5594580092430896
930 0.39904023088359303
932 0.6817230999556015
935 0.40707282617239626
936 0.4895628069767223
937 0.608094160464876
938 0.3291659022727271
939 0.5658195615355022
940 0.6172899355347854
941 0.5426355606332265
942 0.6028695849310984
945 0.6539018286138226
946 0.3705609228220408
948 0.32290742089410535
951 0.4224431891238149
952 0.7778865580576871
953 0.42397617251621417
955 0.33035382936474417
957 0.7980417800284092
959 0.674372306145294
960 0.3723901675370872
961 0.6014380262394601
962 0.5699633927656685
963 0.5084381610388686
964 0.5143274554791274
966 0.9099127801590099
967 0.33932699979048
968 0.5091783377449169
969 0.39798288050223973
970 0.4721736037262403
971 0.5139692377681762
972 0.5270149530987067
973 0.5132990220886804
974 0.7508331358657754
975 0.3657896351453467
976 0.47283168162386047
977 0.48696105146608515
979 0.588611108878635
980 0.5114076756528415
981 0.6717819190991992
982 0.5318400684651908
983 0.3088683045803656
984 0.6131538755433037
985 0.6110705633613371
986 0.5857868184309106
987 0.6930960255579721
989 0.38732165532180035
990 0.7509187697330636
991 0.28377108918973565
992 0.4412065889875536
993 0.7906498109595451
995 0.630856777093656
996 0.42477468716353683
997 0.42676075163834515
998 0.49738131981818096
999 0.6717993770295636
1000 0.49586459650734055
1001 0.3228941819344463
1002 0.6659054594147549
1003 0.5313256223821037
1004 0.44224365820095296
1005 0.519961372097193
1006 0.6182212428928487
1007 0.5420854072853464
1009 0.27482359436109455
1011 0.6027245610999644
1012 0.5537996444370368
1015 0.5768506507530704
1016 0.5002055758084291
1017 0.3718018266787637
1018 0.48696295912057946
1019 0.6998817985441974
1020 0.4679878461027165
1021 0.6369713440445772
1022 0.46876534991707663
1023 0.6109781897226157
1024 0.5628699929817267
1025 0.39522315930264595
1027 0.5768155973429108
1028 0.630066726077503
1029 0.34302723082269915
1030 0.5257322863063122
1031 0.5153539646789765
1032 0.46753554888174303
1033 0.7155737733786912
1034 0.4590371926903691
1035 0.3623293822361328
1036 0.578834794668734
1037 0.7679592001061749
1038 0.13763996665455336
1039 0.6326631964861188
1040 0.4899486710382227
1041 0.46713934047551026
1042 0.4098498073464828
1043 0.6725263228847699
1044 0.5749496010897462
1046 0.2778330264917434
1048 0.48779133868559393
1049 0.7728888530503165
1050 0.596525189909723
1051 0.5316982802700901
1052 0.618046763275008
1053 0.37809932966874
1054 0.21628810581825889
1055 0.7361737623414084
1056 0.652569101731339
1060 0.29447632111699185
1061 0.5081323183562859
1062 0.7259410736379088
1063 0.2808913019587653
1065 0.3336062273658062
1066 0.5597561134476539
1067 0.5927155238092082
1068 0.4262105963152452
1069 0.6797822214035434
1071 0.447136399470567
1072 0.6462062115561626
1074 0.3313043907323779
1075 0.7685451373592657
1076 0.5012898606777927
1079 0.557647627085332
1082 0.4605588559657551
1083 0.5015160709537185
1084 0.5154604215463962
1085 0.5238079426691623
1086 0.6067031241224037
1087 0.5506667650491204
1088 0.4393202003863214
1091 0.8578860304921802
1093 0.5174102724119753
1094 0.4772640158107445
1095 0.30953197076521943
1096 0.579056598321654
1097 0.4284524762932093
1098 0.64568272074723
1099 0.7120774498597365
1100 0.253408706342071
1104 0.4052006293399191
1105 0.5244350737936933
1106 0.4865597133002966
1109 0.3814306099764918
1111 0.9700587422937438
1112 0.2571105817271008
1114 0.31088946854938704
1116 0.4371311504334812
1117 0.6928265218951467
1118 0.5418881490653934
1119 0.3339887919444461
1122 0.5583226993401772
1123 0.44260464749845224
1124 0.49434355517838213
1125 0.5228742189551865
1126 0.7433848562146487
1127 0.4821714365318484
1128 0.5371831233859526
1129 0.325829445307097
1130 0.5501072853731316
1131 0.4744395819912884
1132 0.6264470365630105
1134 0.5165455849606655
1135 0.527279665948152
1136 0.4967004493920341
1137 0.37749763784253826
1138 0.8189767944802062
1139 0.46373695397028863
1140 0.2856848669322544
1141 0.6683418822597704
1142 0.49407247369742824
1145 0.32289989594138313
1146 0.532294817414685
1147 0.3754019640433569
1148 0.6767109213072434
1149 0.693523685815293
1150 0.23514051360590407
1151 0.846393863599599
1152 0.5337276869767725
1153 0.5188538880732861
1154 0.3232952779359723
1156 0.5252894993452732
1157 0.6097939826515388
1158 0.5730584067726762
1159 0.38845392867501616
1160 0.7264316286245137
1162 0.5322652791058453
1163 0.6721842154520552
1164 0.435468483375903
1166 0.46888950483953123
1167 0.5829204319385792
1169 0.9475621657755837
1170 0.3481412270014338
1172 0.44460228608516295
1175 0.5576487276262413
1176 0.5006670058076345
1178 0.5122894277982074
1181 0.6910051002582197
1183 0.7476787256120423
1185 0.4457525959831299
1186 0.6888702782033976
1187 0.5968878868589138
1188 0.43140309496533313
1189 0.7337899184847622
1190 0.2990430708137427
1192 0.6797579452095274
1194 0.5437112358721123
1195 0.23617946372819854
1196 0.4987240417052297
1198 0.5867062151875883
1199 0.4631861073114078
1200 0.5797336782447028
1201 0.646499094332567
1202 0.29791449403551307
1203 0.48552233685881385
1204 0.5046311911369541
1205 0.6091187537040001
1206 0.3997680870452532
1207 0.5802728109391343
1209 0.4330872891682973
1213 0.4105471285832932
1214 0.5311411240739158
1215 0.6055875673879724
1216 0.3201498690486874
1217 0.6711840050106256
1218 0.49367959334893335
1220 0.8931825533978017
1221 0.43230254037102844
1222 0.45704939372847836
1223 0.4671954258422221
1224 0.4436777887529397
1225 0.8048040799556027
1226 0.32186000692376165
1227 0.41508042706403375
1228 0.5287779460050684
1229 0.6308622979783042
1230 0.5590674885888532
1231 0.364096077276759
1232 0.9022738897382612
1233 0.12439853971932832
1234 0.43792810263365956
1235 0.40722846090620246
1236 0.7170319587942747
1237 0.5343883081325692
1239 0.3471601211908618
1240 0.3781161356098458
1241 0.6953514303239534
1242 0.3981335551615337
1243 0.5645520492422357
1244 0.8142750697419285
1245 0.19354701212369663
1246 0.705688581273652
1247 0.39225805605835146
1249 0.5773057637807139
1250 0.7304738548193228
1252 0.543042247843002
1253 0.580446899100203
1254 0.559643785544324
1255 0.5252486195768139
1256 0.6732663658788441
1257 0.38770434591027236
1259 0.37371491501262233
1260 0.6482407660231589
1261 0.5502385736983031
1264 0.4710725579960254
1265 0.6335932463821004
1266 0.607957077145403
1267 0.5397996076771304
1268 0.4567416608509529
1269 0.4707855182899592
1270 0.5665517171322166
1271 0.40411743900626196
1272 0.5700487036081748
1275 0.5326305801637349
1276 0.571396566255106
1278 0.7055564722285433
1279 0.6518505818806742
1280 0.36250475587503755
1281 0.6189159448572851
1282 0.39752044585126084
1283 0.7191804086694693
1284 0.4394679301271328
1285 0.6214223068468225
1286 0.365872536265492
1287 0.5672037786497629
1289 0.4182379746344092
1291 0.5010934778613756
1292 0.6557158412784437
1293 0.4133331824336676
1294 0.4519158847751568
1295 0.6608324896762887
1297 0.554729136539551
1298 0.3467953745345179
1299 0.6569200433332274
1300 0.575127782327467
1301 0.47067565736165834
1302 0.26291896545956867
1303 0.8162660611802671
1304 0.2597123596391603
1305 0.726318283388498
1306 0.5477405142150409
1308 0.5475776933310391
1309 0.7181351630032783
1310 0.34560893874542076
1312 0.2948130295160782
1313 0.598286877095734
1315 0.6081528547646743
1316 0.29298838070679123
1317 0.39315925750007197
1318 0.8055663574633899
1319 0.36614271068324644
1320 0.5766195145591606
1322 0.6279974095008102
1323 0.5454937739356851
1325 0.7212478906852099
1326 0.5984988354812221
1327 0.325821165431457
1328 0.5158135467766476
1329 0.5097951117153424
1330 0.54057918063461
1331 0.7056060209957774
1332 0.6436016943250802
1335 0.5063583465942098
1336 0.5703189645015423
1337 0.546633561950421
1338 0.3435438283559458
1339 0.49090009657603856
1340 0.7459869980669916
1341 0.640344120259472
1342 0.4017503526927404
1343 0.6093845852055468
1344 0.34359326444903376
1345 0.6179651071856561
1346 0.6631015245278536
1347 0.5814689185857381
1348 0.564394786471569
1349 0.484454185813236
1352 0.4846868016011779
1353 0.4552094916049145
1354 0.5200825185175302
1355 0.42015855664565743
1356 0.6006039100743609
1357 0.5676674422503362
1358 0.5727201132900623
1359 0.4978344709560296
1360 0.47251261831521507
1362 0.5036318013574965
1363 0.3694340892252016
1364 0.674545823107456
1365 0.35903366820929405
1366 0.6965971632923872
1367 0.45305114301746763
1368 0.5451748224295736
1369 0.4396125404318728
1370 0.5189415807220643
1371 0.7457848795008268
1372 0.5097285637974197
1373 0.42331787209464394
1375 0.6544873873375381
1376 0.2251449536510425
1377 0.5037647169989382
1379 0.34800876699089756
1380 0.6028187822993583
1381 0.4685932260800223
1382 0.5131328566608746
1383 0.4436883872565321
1384 0.8274217997597431
1385 0.2256524511310357
1386 0.6136018720840531
1387 0.7220958445320493
1388 0.604348728452814
1391 0.29941023352610147
1393 0.5411520745541144
1394 0.3985063614269518
1395 0.6508906884607496
1396 0.4494563538211889
1397 0.5551648118089024
1398 0.4942406958411715
1399 0.5265273239459906
1402 0.4988065600622352
1403 0.6806780990761493
1404 0.561541034998086
1405 0.37783632312241944
1406 0.3455632384156564
1407 0.5594236640639915
1409 0.6214179973012256
1410 0.42621332881493973
1411 0.33327634077979384
1412 0.6163590530463859
1413 0.572779506413688
1414 0.2816775885484327
1416 0.4188105780532885
1417 0.6625005401443653
1418 0.5246984783017512
1419 0.5338801387261024
1421 0.40838001743885033
1422 0.5609569139610517
1423 0.5996082879799386
1424 0.5742891612109513
1425 0.5070456005359733
1426 0.3850280416678074
1428 0.6503372920361207
1429 0.32226019234375813
1430 0.5194623070563141
1431 0.5886817195683022
1432 0.6320503492108852
1433 0.4704387159211155
1434 0.546002674492387
1435 0.5389465520318542
1436 0.3266071711676581
1438 0.7777624920636613
1439 0.6477866186231814
1440 0.55041810919383
1442 0.5115904557567329
1443 0.5080666694579435
1446 0.6354597487866759
1447 0.39175135472848793
1448 0.568627151590587
1449 0.6512433829393527
1450 0.3970761602863065
1451 0.3782254135766528
1452 0.5028289691305671
1454 0.8508596968841967
1456 0.4760966766449216
1457 0.6318883517351709
1458 0.4690439400560333
1459 0.7171519442678924
1460 0.5770620889595431
1461 0.42650359757745065
1462 0.43173344924191936
1463 0.2974555462744636
1464 0.434826048694892
1465 0.4660887182021324
1466 0.6595405643280923
1467 0.6189616830626189
1468 0.40548684757218145
1469 0.6631828372864973
1471 0.5875405217480305
1472 0.5539433740980936
1473 0.5123661253125948
1475 0.5542742188902954
1476 0.351400491189604
1477 0.6361189160272728
1479 0.6465948927439902
1482 0.4665553316581202
1483 0.5341106524387824
1484 0.7247735795202682
1488 0.5570124276141046
1489 0.3908392029294082
1490 0.43700559142243117
1491 0.6245584218151904
1493 0.6711886334445122
1494 0.4987100758032266
1495 0.5215875297817301
1497 0.4638675952268079
1500 0.3961452493194205
1501 0.851184078139443
1502 0.4275393705735128
1505 0.5167285418185834
1506 0.49437313867163807
1507 0.6222352867774809
1508 0.628375336005079
1511 0.4834465349593961
1512 0.4209059283220047
1515 0.3105920930641868
1517 0.46762274266311304
1518 0.8329378976769728
1519 0.3258204182518731
1521 0.5342596826859365
1522 0.4726199165964983
1523 0.7318462538461228
1525 0.373304315983098
1526 0.46802452670462813
1527 0.6754005016145552
1528 0.4693953931916271
1529 0.6429795049837604
1530 0.5632281933516371
1531 0.5615279735584636
1532 0.3635700196039327
1533 0.573713052155729
1534 0.5123800999327034
1535 0.47337143189325753
1536 0.5974933153676206
1538 0.5009393590007835
1539 0.6154364524153676
1540 0.64882598165203
1542 0.4308867655913299
1543 0.7842842309480743
1544 0.4781528410765116
1545 0.46284552457421146
1546 0.4877246762199612
1547 0.5654118135640557
1548 0.6225974399445271
1549 0.2763997470715002
1550 0.7241839246294951
1551 0.6903755041325512
1552 0.2915540901269701
1553 0.4860434520360321
1554 0.3669239116112493
1556 0.6441251789371593
1557 0.5633386875152905
1558 0.49859591389476837
1559 0.44625347199280274
1561 0.5598781121383551
1562 0.7242839898277733
1563 0.42772567504687536
1564 0.4520181317390742
1565 0.5719452490817092
1566 0.4419872972115793
1567 0.5117104982209795
1568 0.7323068638967163
1570 0.6619552396377506
1571 0.37225131373676673
1573 0.4366055093808632
1574 0.3249104618428872
1575 0.4339082771494232
1578 0.4430124564320502
1579 0.557514120771582
1580 0.49337068473710344
1581 0.5696991827557265
1582 0.7312979450853955
1583 0.5262607919285567
1586 0.3542066225139814
1587 0.7627212205826425
1588 0.3473614452538269
1589 0.3902620821492931
1591 0.37659732599742457
1593 0.42933933240597877
1594 0.609536328253239
1595 0.5246171519105267
1596 0.5025217886924901
1597 0.6962949146548307
1598 0.48129243163882574
1599 0.5765607740817137
1601 0.5624719713611197
1602 0.6130041933089602
1604 0.6005600961857647
1606 0.5214847410799862
1607 0.6068363955057595
1608 0.4517395930689431
1609 0.2870050265460351
1610 1.0
1611 0.29302132039066875
1612 0.3173067798244453
1613 0.7011011968771549
1614 0.50404782986393
1615 0.40218002746366943
1616 0.5061253872556368
1617 0.5529466417936196
1620 0.5476986487800571
1621 0.7863759801179457
1622 0.3109094280928661
1623 0.6186579511453414
1624 0.4791733924582424
1625 0.5710809171082454
1626 0.39212242630793975
1627 0.5894539166278113
1628 0.6042831747210927
1629 0.4912940319105851
1630 0.7068587794627343
1631 0.4608177475815582
1632 0.5332655814408498
1633 0.47251920449892293
1634 0.6417496651693205
1635 0.4576543369255671
1637 0.4401896879140381
1638 0.776431666524714
1639 0.31386359366751865
1640 0.518566914871035
1641 0.5675928762677646
1642 0.43251571817936063
1643 0.4768271928147609
1644 0.5598257211128925
1645 0.5256173310085046
1646 0.5295516839235195
1648 0.32654650688140235
1649 0.5098372492030339
1650 0.7690496009895086
1651 0.47605750460715346
1652 0.6277586373059041
1653 0.3148725315278096
1654 0.6054795949339096
1655 0.5641174273748564
1656 0.4789067886985365
1657 0.5468801815557538
1658 0.35681194365622826
1659 0.8637305116595276
1660 0.3929559129946986
1662 0.5816758096845493
1663 0.33948748570726217
1664 0.4596538168776039
1665 0.6650312592980759
1666 0.5984837068075616
1668 0.7587815959783191
1671 0.69207595390578
1672 0.6297621937029203
1673 0.49396992823041597
1674 0.39341602448849317
1675 0.383822374932382
1677 0.6166803659161197
1679 0.29992000474124825
1682 0.48577487110782636
1683 0.6618033216861848
1685 0.4293513212546065
1686 0.583344169019926
1687 0.5437721322936421
1688 0.6591012203908139
1690 0.3659512067990937
1691 0.76988904023792
1692 0.45854372909985813
1693 0.44029673355915694
1694 0.45741144024183444
1695 0.4596606523127158
1697 0.6267944026936828
1698 0.3079187038229926
1699 0.43886876468749203
1700 0.6076147291900842
1701 0.5666402724481358
1702 0.48121865676501036
1703 0.49470035094459625
1704 0.7382208907139799
1705 0.4670797057609142
1706 0.5334408178904845
1707 0.46704093034374095
1709 0.3087622424732921
1710 0.5638896975770943
1711 0.35771844611432824
1713 0.4281405885525801
1714 0.42288142198414924
1715 0.47262218853149196
1716 0.7148661274258642
1717 0.4418134639721231
1718 0.5948228983262119
1719 0.5583553283776429
1721 0.3885184051186828
1722 0.6763961044453473
1723 0.6275021103541885
1724 0.3363496980802115
1726 0.44758237416714114
1728 0.5290858890797521
1729 0.7003999322859803
1730 0.40686163431450645
1732 0.3077888263080555
1733 0.5884747229123605
1734 0.4925398400767451
1735 0.6832004913383205
1736 0.6017457856588301
1737 0.3632404714845986
1739 0.5041464032642244
1741 0.3967244054283715
1742 0.5795003884105495
1744 0.5508582640159908
1745 0.5204613759159528
1746 0.5289161216867841
1747 0.46512361161751703
1748 0.6443659941698727
1749 0.47068825170405804
1750 0.7107866681760543
1751 0.6204445992540176
1752 0.4010385045271039
1753 0.6001602001497014
1754 0.24013399479456352
1755 0.6929465685863503
1756 0.5616620077852099
1757 0.356022165206025
1758 0.3524415718670871
1759 0.4273300168249214
1760 0.6642610409724203
1761 0.5708973754477916
1762 0.5824375644220412
1764 0.478806461485908
1765 0.33210867924035675
1766 0.6210593874995936
1767 0.5765558865742546
1768 0.6627392121219934
1770 0.41741456712772934
1771 0.5964522886618476
1772 0.3813373347865233
1773 0.678704612312334
1774 0.4239710420854364
1776 0.6556423870792412
1777 0.5339456545487962
1778 0.46971325948284504
1779 0.5107318908699783
1780 0.5375022568024215
1781 0.41719571061829686
1782 0.7502398332542699
1783 0.4078110340040709
1784 0.5057179736880941
1786 0.2944615140892494
1787 0.5956443053762841
1788 0.7489588566491148
1789 0.5320092027198466
1790 0.3539181241410076
1791 0.44797305269377746
1792 0.43067491399526037
1793 0.5508448191302615
1794 0.6825807327410142
1795 0.5410784052583714
1797 0.5862040810971209
1798 0.6896417261157467
1799 0.4060735665311738
1800 0.7603804536727393
1803 0.4627019927853767
1804 0.5738868774073791
1805 0.4072656119449718
1806 0.5842357511485233
1807 0.6587979176512906
1809 0.7303544923637106
1810 0.5006260259384178
1811 0.6014102007409766
1812 0.45816302433712297
1813 0.5285553193219241
1814 0.26976206435299666
1815 0.5391772801565674
1816 0.4433393523578392
1817 0.7170806092374005
1818 0.3358389893505485
1819 0.5342930306874554
1820 0.5816753945324401
1822 0.5049196579855906
1823 0.7081414190030411
1824 0.6822052114692927
1825 0.401006909440998
1826 0.532338069934791
1827 0.44841891448368953
1828 0.44459621920934933
1829 0.5836904923558287
1830 0.5927983839104249
1831 0.5181078454773225
1833 0.40313634178741053
1835 0.4158950354671482
1836 0.5913659684318457
1838 0.4837762444969512
1839 0.43313610120643775
1840 0.5049111442338894
1842 0.5556556131881847
1844 0.4376677992204688
1845 0.5695583390656787
1846 0.44182712525336026
1847 0.5379720014391436
1848 0.7348023279000948
1849 0.3450964935332405
1851 0.4723885469920388
1853 0.8085139855146035
1854 0.3647813046715018
1855 0.3582454446867751
1856 0.25031566898028706
1858 0.5718352131872744
1859 0.842585353838436
1860 0.4605240182473322
1861 0.39909034913708075
1862 0.7444061811459315
1863 0.3392387968845995
1864 0.67939716926151
1865 0.5188235478012622
1867 0.5507764547136798
1869 0.5941421895837247
1870 0.6379279046174081
1871 0.4387449423718724
1872 0.6226787938103031
1873 0.3510026575182453
1874 0.6501617979730607
1875 0.7267772647280808
1876 0.37857024980968235
1877 0.39289884939147107
1879 0.5956741352735588
1880 0.5413678648385803
1882 0.7126049709210047
1883 0.22457889135738504
1884 0.6294585939594518
1885 0.5975920463845755
1886 0.38574163339599954
1887 0.48173711461166213
1888 0.5925413171913952
1889 0.6298093108157687
1891 0.6466366372113602
1892 0.481805131766593
1893 0.6556536738721237
1894 0.6550715293988911
1897 0.48550051216700774
1898 0.6777945771523053
1899 0.43622582103476093
1900 0.611019429201077
1901 0.43637521969792664
1902 0.5217642366052069
1903 0.6200432530106714
1905 0.7494849107496041
1906 0.33739177424223754
1907 0.6162703296935941
1909 0.35216852571394375
1910 0.6373440279143285
1911 0.4308048998550929
1913 0.8508950172140248
1914 0.5989448257131841
1915 0.41417321687271924
1916 0.5505915377543257
1917 0.5027269064605244
1919 0.6914742493475731
1920 0.0
1921 0.5459663367132268
1923 0.5276789789153525
1924 0.6405067518890273
1925 0.4664613603407685
1927 0.5277731877004012
1928 0.5773260163913826
1929 0.4620340216338355
1930 0.4416084705348384
1931 0.4799521325589241
1932 0.5049931043197808
1933 0.6994636652176793
1935 0.3544978686059008
1938 0.3873969158027286
1939 0.6968757679237976
1941 0.5692586669891798
1942 0.7111046098085562
1943 0.39732464892178554
1944 0.5843736198948752
1945 0.5682661645957928
1946 0.7023111509515221
1947 0.3661402760946508
1948 0.3339742061827789
1949 0.4992594603576479
1950 0.5751988825514274
1953 0.5758537239157991
1955 0.343127266273023
1956 0.7048441329242724
1959 0.5171214156885059
1961 0.6253454679029318
1966 0.7278491588127282
1967 0.6159939298538517
1969 0.3797434514721252
1970 0.753774448159483
1971 0.3116901895626915
1972 0.9147179748801529
1974 0.5491036295714655
1975 0.6875320441649752
1976 0.19416903959416937
1977 0.7655945840146368
1978 0.5691299973328222
1979 0.4859409810841403
1981 0.5551191404507239
1982 0.48769083932892304
1985 0.5581416312343294
1986 0.27759119588145104
1987 0.8476532200385433
1988 0.512966869335083
1989 0.5154787565104783
1990 0.5357557029572687
1991 0.4605733621698316
1992 0.484793422501176
1993 0.5942983533451942
1994 0.5481158493434565
1995 0.3862114212751447
1996 0.3758938040401408
1998 0.581290910125399
1999 0.6223097802266315
2000 0.4454230346528685
2001 0.4762979245855706
2002 0.6218061112717352
2003 0.34131738592155103
2004 0.5859606870530066
2006 0.5127012611200151
2007 0.5750991020722367
2008 0.3336175754340591
2010 0.6267366910865456
2011 0.37252100222844786
2012 0.4705118383341525
2013 0.5901170792638417
2014 0.42824798333744135
2015 0.6558657924286492
2016 0.48730402408439183
2017 0.7541927541806609
2018 0.4479775063807375
2019 0.5515125612080914
2022 0.6328532180344513
2023 0.46395050570919466
2025 0.4396489021228077
2026 0.7242266033376318
2027 0.3634493961329119
2028 0.49722354263957513
2029 0.6829198723951757
2032 0.3023117920208984
2033 0.6636159126538406
2035 0.493993951080034
2036 0.5928254818865497
2037 0.49035524244882733
2038 0.19734062246382544
2039 0.7212151807658047
2040 0.6192935440647899
2041 0.4255256905780328
2042 0.4479301372991078
2043 0.6032833008313441
2044 0.3595894327171813
2045 0.6217585328988212
2047 0.6691360140681871
2048 0.6678076502883029
2050 0.16273864491940174
2051 0.6284119799808119
2052 0.680938091357669
2053 0.6310471574147813
2054 0.25635906229666083
2055 0.544192878083602
2056 0.40823515716689596
2057 0.6944436773240877
2058 0.5409130456370553
2059 0.5303067335400833
2060 0.5176182232487303
2061 0.37191194433664704
2062 0.6107422483734936
2063 0.36080867900638297
2064 0.6585679481358964
2065 0.7170401238676304
2066 0.4768832839304836
2069 0.6204492215062682
2070 0.3073544989786586
2071 0.9765175430746277
2072 0.33033049679398685
2074 0.2935032464721234
2075 0.5187409862606782
2076 0.5355192562410213
2079 0.5107631443601461
2080 0.6540780081111124
2082 0.6129581682107264
2083 0.6034380538473083
2084 0.4036744065651055
2085 0.5784532125197374
2086 0.467108157822642
2087 0.6976917128414528
2088 0.6393108500531012
2089 0.5210905763149296
2090 0.35570921422339685
2091 0.6853253861639346
2092 0.459852529774494
2093 0.33609832009509893
2094 0.6363917067295889
2095 0.5436720051895997
2096 0.709065983664657
2098 0.4167357116166646
2099 0.7417605059068825
2102 0.48647899243385334
2104 0.37586353836397424
2106 0.549873394663467
2107 0.3689504697437235
2108 0.6644115804378916
2109 0.3967551274876033
2111 0.4025414262302574
2113 0.2548852642191171
2114 0.6277798906931117
2116 0.5178023016040323
2117 0.6298201826304397
2118 0.697831194071132
2119 0.46912977789052457
2120 0.5724249502613622
2121 0.5396671578853695
2122 0.35540577733622397
2123 0.4345267225447764
2124 0.596473184746762
2126 0.5480874254087618
2127 0.45228091493773015
2128 0.5827470433532355
2129 0.44246563652540805
2130 0.5915065738816337
2132 0.6739377691119502
2133 0.698453797130663
2135 0.5899381776229637
2136 0.4200243223934043
2137 0.4473585664170912
2138 0.3213622830678909
2139 0.8174012499622336
2141 0.7143402374317732
2142 0.5983549687072235
2143 0.3486146186328282
2144 0.7154982353477731
2145 0.506841263697963
2146 0.5762454347685626
2147 0.47019467436402335
2148 0.4847322080029151
2149 0.7178647187460009
2150 0.46665069699684797
2151 0.3657295281740012
2152 0.7014971730038957
2153 0.37415533762912234
2154 0.7998451370110734
2155 0.575508032951762
2156 0.4002739615498217
2157 0.38459352399272423
2158 0.5575964839621174
2159 0.42716089971407883
2160 0.6318363980279197
2162 0.6787566857808524
2163 0.6208961822070858
2164 0.49025364786058884
2165 0.44995950401223034
2166 0.5107509262089146
2167 0.535445253441224
2168 0.42998045819013214
2171 0.3413218257387168
2172 0.3064069554839217
2174 0.4469251744843215
2175 0.6714913265959932
2176 0.3121661541770101
2177 0.9172486479707808
2178 0.33300301181000286
2180 0.44281162049380013
2183 0.5166550112473923
2184 0.6133102102181051
2185 0.45771843306711446
2186 0.6959457201362791
2189 0.4770406309838145
2190 0.6269892951172372
2192 0.5990620947985049
2193 0.33797135718200105
2194 0.5521352224441929
2195 0.5205892842050531
2196 0.4554890459767345
2197 0.918270368282327
2198 0.40674531944307984
2200 0.5175090318535407
2202 0.17393194237315504
2203 0.8723399097579886
2206 0.38629527440868494
2207 0.8751501138163148
2208 0.45622563070958505
2209 0.3442469501682049
2210 0.5278937928421396
2211 0.6762630363469783
2212 0.5521481282166659
2213 0.5479756928145579
2215 0.6628598003607838
2216 0.23969941531238495
2218 0.5668971707337448
2219 0.5659979183695588
2220 0.5826076350955355
2221 0.28669620348699865
2223 0.523383069106531
2225 0.7678246734247686
2226 0.3840794782081369
2227 0.4820501415009361
2228 0.6027781844476923
2229 0.46664293237510557
2230 0.5847241576030424
2231 0.732428715405426
2232 0.48542251567402706
2235 0.6347799619742908
2236 0.306812540114903
2237 0.3141261066136926
2240 0.4050312699424317
2241 0.7964296947612977
2242 0.30900281740417973
2243 0.6862098444436044
2245 0.5020816186172616
2246 0.5242708058009067
2247 0.7085184758607438
2248 0.5603497451067517
2249 0.436557857548058
2250 0.5976966059502317
2253 0.7245900808922695
2254 0.5488943484684978
2255 0.40218045574605693
2256 0.7071758218421387
2258 0.48417476736967596
2259 0.4337681875387899
2260 0.7430588357212954
2261 0.5134972594401991
2262 0.4720463161635583
2263 0.44600711370708557
2264 0.7971078867478023
2265 0.4977134072399037
2267 0.664699192487818
2269 0.6323002454357932
2270 0.3505348311618131
2271 0.5057279000281935
2272 0.5338268051085785
2273 0.36320144725438663
2274 0.7453835532804347
2275 0.5591487557401925
2276 0.38835119580689376
2277 0.5560873711787853
2278 0.6139388476548393
2280 0.4691361110450393
2281 0.45679722528509065
2283 0.5838511225754516
2284 0.3946430655908472
2285 0.4770429000279554
2286 0.6479745778794175
2288 0.3913591296469326
2289 0.5674113573312454
2290 0.5937254161347132
2291 0.6954268181519346
2292 0.6721377740471135
2293 0.49276223782569384
2294 0.3966996856411895
2295 0.6751917812658588
2296 0.5350808828298169
2297 0.5241453635660077
2298 0.6488029884774023
2299 0.2729869303025805
2300 0.8726354703030803
2301 0.28127793314432614
2303 0.6562641207101229
2305 0.5019049685211696
2306 0.5199372807627572
2307 0.45806710141533746
2308 0.5150463225996319
2309 0.3336076610390961
2310 0.7523692078524292
2311 0.3158261565875346
2313 0.4182128543347178
2315 0.6678122832086207
2316 0.45052645413282955
2317 0.4977303691183526
2319 0.5109960187075926
2320 0.5183866733478976
2321 0.714419105249726
2322 0.42143860167733477
2323 0.6201447644087608
2324 0.5053784525598084
2326 0.47520630618236087
2327 0.47709679044657843
2329 0.3209411117773232
2330 0.6338197382912311
2331 0.48315681924753573
2332 0.6794124903439394
2333 0.3613009470411892
2335 0.5474787080573511
2336 0.5832184339084394
2337 0.5662669148453265
2338 0.4847196820998506
2339 0.3651472650439879
2340 0.7842519873249314
2341 0.5693869479491105
2342 0.5966915588309992
2344 0.3920209834207986
2345 0.5362352118953174
2346 0.251496031876356
2347 0.7665865708499856
2348 0.4814994860186631
2350 0.7405730196770571
2351 0.3820607638903403
2352 0.5244146381506891
2353 0.5670175619212211
2354 0.4417191435767514
2355 0.33939522359968705
2356 0.7373193265965939
2357 0.5041754085427694
2358 0.5492518194000268
2360 0.5277400454700817
2361 0.672573069628731
2363 0.3864683801213945
2365 0.6280003284873241
2366 0.394165609710908
2367 0.6070937045518555
2368 0.5961829692637248
2369 0.3125164766438457
2370 0.634447824595157
2371 0.5744081369426662
2372 0.3482025004099579
2373 0.7252533129432253
2374 0.5029894075765403
2376 0.47322612644031475
2378 0.5470272733736112
2379 0.48361264613468347
2381 0.7843843428685063
2385 0.7130808253391084
2387 0.5217908314341524
2388 0.5351680023518782
2390 0.5178359524069436
2393 0.3971942558880376
2394 0.5221231366964011
2400 0.6432980103173165
2401 0.6228276054085805
2402 0.5888796487800708
2403 0.3938188068019557
2405 0.7393771975209097
2407 0.8607193683479891
2408 0.4761319344304318
2409 0.6507299116436449
2410 0.28264722868045067
2411 0.7138999243119908
2412 0.4815123256431705
2413 0.34589254055936314
2414 0.545353390903554
2415 0.6061012112363361
2417 0.5175276820348074
2418 0.28725445673268485
2419 0.8002902838867475
2420 0.560044872680392
2421 0.41297002543312644
2423 0.6890342419032538
2424 0.4922980256047837
2425 0.47768427340566705
2426 0.47257953094692284
2428 0.5009568957141499
2429 0.5510212850488622
2430 0.28441512310547234
2432 0.6179893125549579
2433 0.5142539007495494
2434 0.6012652994098378
2435 0.6261905221521687
2436 0.29721561506428756
2437 0.6255348918639747
2438 0.5216026923197071
2439 0.5437121706579916
2440 0.6718403323012749
2441 0.29899829998545735
2442 0.4791979735229224
2443 0.4992238005196299
2444 0.6323950608207528
2445 0.7042910976026535
2446 0.4035705496351992
2447 0.49865894052785886
2448 0.2959768835842894
2449 0.6878613369493615
2450 0.5141906290270073
2451 0.6023063556023408
2452 0.5946579746029428
2453 0.6460347572062214
2454 0.36544751636135936
2455 0.46866000760734833
2457 0.3797111613411012
2458 0.6666745253501285
2460 0.5022498449227898
2461 0.5122934548719312
2463 0.4495588481960413
2464 0.3556967695021526
2465 0.6181277008697506
2466 0.6258340545882317
2468 0.4441116299243657
2471 0.7022609029703355
2472 0.37272507085649803
2473 0.4980856551906927
2474 0.5883334459278124
2475 0.5404650785303662
2479 0.6467034522156058
2480 0.45722095954804276
2483 0.416101324544337
2485 0.6680278696062588
2486 0.4697984073161666
2487 0.535898765989283
2488 0.7403803612239082
2489 0.35689192188181723
2490 0.31999673057311917
2491 0.5482157033603009
2494 0.6816821902201059
2497 0.5840443419338173
2498 0.465904167054969
2499 0.5259885685350969
2500 0.6670438437926929
2501 0.6575399210784172
2502 0.41633827042818583
2503 0.5603292109301832
2504 0.4780299543550414
2505 0.29019465529281024
2506 0.62486306973397
2507 0.5337043311041274
2508 0.6597193695620246
2510 0.43704145313074183
2511 0.6742535848389377
2512 0.3831250128387053
2513 0.47736700739487364
2514 0.705557217010881
2515 0.5966112630240624
2516 0.34235526777215525
2517 0.4350756430369037
2520 0.4503116222395509
2521 0.5299204014601087
2523 0.5747563667113108
2524 0.5743264604591051
2525 0.5898333450722402
2526 0.4880180652085163
2527 0.674192872293827
2528 0.33806504601839193
2529 0.46316938574697036
2530 0.5246569739926474
2532 0.5296770209772937
2533 0.5514911293495381
2534 0.7250602293585906
2536 0.6429252560210686
2537 0.18742504298003282
2538 0.7374738148690149
2539 0.5802945565697138
2540 0.5165110897976019
2541 0.48545584206876286
2542 0.5954293334543271
2543 0.3555252629771747
2544 0.4806113736799928
2546 0.38440713485914724
2547 0.49332984740368757
2548 0.47014904488472703
2549 0.6423220420395842
2550 0.5024634947183859
2551 0.43625608069990013
2552 0.5405798534707786
2553 0.520431143527007
2554 0.497640749739376
2555 0.6875525367993433
2557 0.5949198337573014
2559 0.5334463087838949
2560 0.4854794142843201
2561 0.6090801277272402
2562 0.4794128874616535
2563 0.5543331287423499
2565 0.6351097590317265
2567 0.5305835034685715
2568 0.5691592882097533
2569 0.5265069980216852
2570 0.5863037685985459
2571 0.27599024937002087
2573 0.40610611539619057
2574 0.6647137347981981
2575 0.6093489745589226
2577 0.20861013532676823
2578 0.4582869690809757
2579 0.5164351241472674
2580 0.572264382114407
2581 0.4421116221198588
2582 0.4363324484419943
2583 0.45975209552556956
2584 0.7011763697010072
2587 0.7133341610677852
2588 0.4853706339940651
2591 0.634302864168502
2592 0.626727644522591
2594 0.3831330648337683
2595 0.6272931411641445
2596 0.468710436274711
2597 0.6439388879341058
2600 0.7226193383779078
2601 0.4596798892385412
2602 0.5408002298757708
2603 0.4908339894119314
2604 0.34132215131930793
2605 0.6506534172913038
2606 0.5032081791822302
2607 0.5930468644112504
2608 0.28929343022826637
2609 0.699088535572098
2610 0.5627672957821968
2611 0.5114679075426091
2612 0.4898368224884509
2614 0.49501187132436847
2615 0.3976437701096636
2616 0.34818542624255655
2617 0.405287959275698
2618 0.5834991208682367
2620 0.8430080538117436
2624 0.39648526436785164
2625 0.7802759887008863
2626 0.2303593466844338
2627 0.5361921849812226
2628 0.6611150963282224
2629 0.430048847748868
2630 0.4184884465254676
2633 0.5540326607259567
2635 0.7256310584633088
2636 0.5576261321109818
2638 0.29698926424824584
2639 0.5361353791874559
2640 0.44414734290244684
2641 0.6865876485815361
2643 0.5258889679725871
2644 0.3687697107763005
2645 0.6585203569549702
2646 0.4558489187148073
2647 0.41879961794752063
2648 0.31273678855246184
2649 0.6353576223262238
2650 0.4633501437822726
2652 0.29195602831684364
2653 0.6358876408159732
2654 0.596220547021284
2655 0.6463344990095519
2656 0.4305260233595132
2658 0.6278362973530485
2659 0.5995896024659628
2662 0.4276581845942607
2663 0.5390252048498374
2664 0.605076375721175
2665 0.817121679164791
2667 0.3885828271223617
2669 0.5767635998615841
2670 0.47992138957837344
2671 0.5003904888263602
2672 0.4818152523346299
2673 0.5308493375254029
2674 0.6652778833330628
2675 0.3289231578689302
2676 0.7026157206363365
2677 0.4855460290924782
2678 0.5880221263275707
2679 0.233103432629488
2680 0.7777373074110059
2681 0.4399546396378166
2682 0.5298543990291943
2683 0.31551639774935664
2684 0.7571670213980043
2685 0.5302556153976693
2686 0.5245343070674984
2687 0.1998657434622194
2688 0.8576318711002826
2689 0.43775864856884583
2690 0.579911408687346
2691 0.6085001494379644
2692 0.3213502011704485
2693 0.5927726293345179
2694 0.5702484458175822
2695 0.6421122982704973
2696 0.7028421703148691
2697 0.2863523831165027
2698 0.6425926111323015
2699 0.34152532550438147
2703 0.46217716063704145
2704 0.8437127208520069
2705 0.3883469016046121
2706 0.4240594785197699
2707 0.38353660984480886
2708 0.7336497278567681
2709 0.5856526142337487
2710 0.6544652807353779
2712 0.7829059669078346
2713 0.5466950148746847
2714 0.57049393058554
2716 0.47658570186775573
2717 0.3454029019357133
2718 0.658519267839599
2719 0.5399534814212218
2720 0.6274186033100059
2721 0.5429314344858885
2722 0.4110227875528014
2723 0.6881874630631807
2725 0.8363590345763521
2726 0.5005984980768825
2727 0.22997610629787382
2728 0.5935207425519318
2729 0.4875585966810976
2730 0.6175881700919184
2731 0.5231796266593275
2732 0.44073781971875686
2734 0.6344640970597705
2737 0.4832843084281997
2738 0.38722474397323464
2739 0.45692078813745457
2740 0.5718046218076925
2741 0.39344033886880736
2742 0.5604078193886218
2743 0.6280958109587667
2744 0.3963292192530369
2746 0.5383271664539204
2747 0.744599761410371
2748 0.3485048755074329
2749 0.44330519435732096
2750 0.3686658909825789
2751 0.7526574480851065
2753 0.5131249426637349
2754 0.6131916146153598
2755 0.40936344472588
2756 0.5232012632161206
2757 0.37164776022069906
2758 0.4675597971857191
2759 0.5056942525367254
2760 0.658936109207413
2761 0.30687486035859185
2762 0.7112165769940465
2763 0.5243347018306668
2764 0.6922595776992934
2766 0.4613264928259457
2767 0.21978543230953043
2768 0.7885862398460126
2769 0.6523123291381803
2770 0.4668352104062689
2771 0.47310259031385987
2772 0.4586883534860808
2773 0.5939685250498237
2774 0.6883718818185972
2775 0.45978663930819036
2776 0.48720329650707433
2777 0.5851325300827499
2778 0.5600476799762538
2780 0.42673923889804455
2781 0.6971971993910053
2784 0.4434239422480758
2785 0.4349160702386529
2787 0.3674456934972395
2789 0.4155647926142944
2790 0.8630030214924228
2791 0.43745321229620543
2792 0.5960435760761434
2793 0.5004561363844113
2794 0.521303817192473
2795 0.48569397119614655
2797 0.31555100340499415
2800 0.5994882726694105
2802 0.6184726301828877
2803 0.46275546275999435
2805 0.5281409729697611
2806 0.47893528313125516
2808 0.3810423557375737
2809 0.5001435218024287
2810 0.6128491883538397
2811 0.5163938152249165
2812 0.6192803243885363
2813 0.7966477971628289
2814 0.17882970119919364
2818 0.6535168151715914
2819 0.5511659487988809
2821 0.6451806765527904
2822 0.37126188086584466
2823 0.590661108039991
2824 0.565261288575912
2825 0.5525215080871757
2826 0.565918343284391
2827 0.5764224912357471
2828 0.5973564971582619
2829 0.5804517671248968
2830 0.3569181432361325
2831 0.8302669368236192
2832 0.2827360653867355
2834 0.5010977040090867
2836 0.6288330550040122
2837 0.5101989870286462
2838 0.47906883439810216
2839 0.3944724492892136
2840 0.5350529276080682
2841 0.7723798538625807
2842 0.48798557923195607
2843 0.43206265969464497
2844 0.5297720649601732
2845 0.5567316471317048
2846 0.5039368042170951
2847 0.47683095433239336
2848 0.48971678462552215
2849 0.5352099860626885
2850 0.4018659274422958
2851 0.6322826649360751
2852 0.4474822415321367
2853 0.7106729661655117
2854 0.5346555699669934
2855 0.5679920269320843
2856 0.44632580049096005
2858 0.49454517322154906
2859 0.5689781745140876
2861 0.4578025457581009
2862 0.5915580428366046
2863 0.5655308663627655
2864 0.402360634448875
2866 0.6958543423945822
2867 0.32832311895856814
2868 0.7890522902308612
2871 0.6570929518987817
2872 0.7172546449566635
2874 0.7903068893214475
2875 0.4004252848796202
2877 0.512363348789812
2878 0.4363728571313185
2880 0.500970178854597
2881 0.6049924489259042
2883 0.6899780231833269
2885 0.4432002067733839
2887 0.2162294015143301
2891 0.9335739415880235
2892 0.29052453815457085
2893 0.5744301669604396
2894 0.5964434808450017
2895 0.5070683585995255
2896 0.41096156774579606
2897 0.5513448468314149
2898 0.44869717688719524
2899 0.7073450238506053
2900 0.4707872698379967
2901 0.4023648007258729
2902 0.5086070572376946
2903 0.5752166464314511
2904 0.5667321024399337
2905 0.5041351171974197
2906 0.2506355553506545
2908 0.5311702201993885
2909 0.5528881370348511
2910 0.48057104880755547
2912 0.5279139963386168
2913 0.8272514552463318
2914 0.3491963553160806
2915 0.6446806269090686
2917 0.3124503328818715
2918 0.5881858171552179
2921 0.3731248083723325
2922 0.42691653939986685
2923 0.7783764460638027
2924 0.5749341740493588
2925 0.33165746887844594
2926 0.6197577941351857
2927 0.5393541599826
2928 0.5224016260667534
2929 0.4332901157384297
2930 0.5653895848053367
2932 0.24322998127041873
2933 0.5443583261044298
2934 0.407379645050065
2935 0.518491236970131
2938 0.5732622592041323
2939 0.47454932831631835
2940 0.5153190584250188
2941 0.4204104215237247
2942 0.4644602335994003
2943 0.6021253477660826
2946 0.4904987926005346
2948 0.5603744203064389
2949 0.40611315148722216
2950 0.6692714192334035
2953 0.7376692836345109
2954 0.155369628053072
2955 0.5832096961543544
2956 0.38796297676118463
2957 0.7470896952295899
2958 0.4119487721245913
2961 0.3377875095434614
2962 0.4578298744614242
2963 0.4853367651606501
2964 0.47698113231566225
2965 0.5769897080476692
2966 0.7019997355735493
2967 0.3632686463088455
2968 0.849534411335975
2969 0.16476607258113915
2970 0.7152471695124192
2971 0.5206590896574503
2972 0.5754472688134382
2973 0.5945779433275429
2974 0.3858062623924008
2976 0.4952487992932938
2979 0.3499903814519916
2981 0.3249672875144215
2982 0.5892942119986584
2983 0.539126619492851
2984 0.5776088232187858
2986 0.5297873430822586
2987 0.5845444505797726
2988 0.48766179243514113
2990 0.4279938704922224
2991 0.6956571455955556
2992 0.6249277634750438
2994 0.7200326276748432
2995 0.3119933214743754
2996 0.4990465517801908
2997 0.4637340878711882
2998 0.6584689673935962
2999 0.4124726632255478
3000 0.584327753836453
3001 0.5101591121596963
3002 0.5547056011757399
3005 0.726939506286447
3006 0.3847780698561824
3007 0.6382126041819223
3008 0.7134232142639055
3009 0.2874695603487314
3010 0.638672998076925
3011 0.5151762121098702
3012 0.13495660146485386
3013 0.5570722805028374
3014 0.6088321486148621
3015 0.5530470191566706
3016 0.33913399426265783
3017 0.5737360090883027
3018 0.5539436787715948
3019 0.5203519116751643
3021 0.4820149252194184
3022 0.5321869230879606
3023 0.5869496601721321
3024 0.443392235644768
3025 0.4287283441845983
3026 0.5129616221522555
3027 0.7681978985633682
3028 0.2568662518724155
3030 0.6408413061347391
3031 0.6704425123788553
3032 0.30089244308582647
3033 0.3717966943987979
3034 0.6521879388610619
3035 0.7681285640612021
3036 0.36327294638180785
3037 0.4772339507977767
3038 0.507313878230559
3039 0.5910008500018376
3041 0.6531433589022769
3043 0.40392337329448935
3045 0.34239842527744496
3046 0.6007572765670524
3047 0.46636596564817906
3049 0.5155216804629853
3050 0.46982712391692094
3052 0.7132649107380801
3053 0.4007877276689869
3054 0.5434822080805481
3058 0.5136252426969633
3059 0.5621637920553104
3060 0.4203203599831483
3061 0.3982215341233768
3063 0.500483125779343
3064 0.5284625497286404
3065 0.5288382405146668
3066 0.5513887404629504
3067 0.5184259180265094
3068 0.617256251023103
3069 0.6842155096263967
3070 0.5658978836968689
3072 0.5365116986706641
3073 0.5135179784176458
3075 0.42095246928944535
3076 0.5678361685084373
3077 0.4587579913113936
3078 0.4800867109138379
3079 0.3833840776581318
3080 0.7139119675446008
3081 0.5012435817722731
3082 0.6492189804295146
3083 0.4859937986422132
3085 0.6452256485234958
3086 0.3542913322782639
3088 0.13148820610155104
3089 0.6471960234131297
3090 0.49791572222892055
3091 0.7321100755316731
3092 0.6321640086359817
3093 0.6356117238248198
3094 0.3815063581583323
3095 0.6108661828677702
3097 0.4299155698506481
3098 0.4852424521762702
3100 0.4140344860816451
3101 0.5655592474499423
3103 0.47647167845970173
3104 0.5698186667968057
3105 0.5708764359611382
3106 0.45911009126818536
3107 0.7043000254544424
3108 0.49011566974089454
3109 0.5706225203064784
3110 0.2967437799790037
3111 0.588249269539735
3112 0.2996172385445524
3113 0.6202306254679761
3114 0.5457691152067616
3115 0.6391950894375904
3116 0.48721847640573546
3117 0.6020409964544604
3118 0.45777199166090676
3119 0.469756869209981
3120 0.495450076149358
3121 0.6271004329739924
3122 0.46037276088444196
3124 0.45511894117815216
3125 0.5133840084434789
3126 0.8359007807082774
3127 0.37109242555765637
3130 0.6551903858736846
3131 0.5942495416959956
3132 0.6413103418392967
3134 0.5544381601035736
3135 0.5199720252881571
3137 0.43597682610277877
3138 0.5994893011039901
3140 0.8215897537594058
3142 0.545726629926512
3145 0.5599993133080904
3146 0.5241529690942406
3147 0.5284484266500546
3148 0.6125914299775735
3149 0.252725957854451
3150 0.6512824093802596
3151 0.7091031467354114
3152 0.4919206987738491
3153 0.5107330586524041
3154 0.5602676585176506
3156 0.46813439304255033
3158 0.5681299590170765
3159 0.39642659891486864
3160 0.43581870888676144
3161 0.617464113675988
3162 0.5706312968864004
3163 0.6355615617790898
3164 0.7650340575199467
3165 0.5530701995990277
3166 0.3308710164573022
3168 0.44635126108419415
3169 0.33473779389168035
3170 0.7266120031956362
3172 0.5146488708060436
3173 0.49837697430965855
3174 0.5785919714550624
3175 0.41971142101975645
3176 0.6526455025372179
3177 0.40887780712816935
3178 0.8328950800521546
3179 0.23521036995093966
3180 0.6668288495576461
3181 0.3367140918511568
3182 0.6381828619654845
3183 0.3574864118985928
3184 0.6515630790454022
3185 0.6017525776380999
3188 0.6055475147021284
3190 0.5494409933767049
3191 0.6715550119679828
3192 0.3961097761207344
3193 0.5507010239235792
3195 0.5628112219724148
3196 0.5527569992357174
3198 0.8776696501906885
3199 0.3118614453212902
3200 0.5470944274469901
3201 0.32130566185360726
3202 0.4119546443657469
3203 0.6387861242718518
3204 0.6571039390175535
3206 0.3759465444997504
3207 0.5007984877890008
3208 0.5958327760965548
3209 0.520920539622535
3210 0.48300841262675126
3211 0.4525788769180763
3213 0.5358081261156598
3214 0.7759032790947893
3215 0.3622317364015689
3216 0.5791906845278721
3217 0.32585543903976755
3218 0.6849179614834747
3220 0.48724159797475897
3221 0.7185351779792816
3223 0.7934056167487558
3224 0.4392782704941089
3225 0.5001514499571176
3227 0.44065483294154356
3229 0.5947208855394019
3230 0.45462733981935516
3231 0.5812543549817529
3233 0.40751186059202227
3235 0.4799105004819973
3236 0.7517451502389997
3237 0.5711032188545913
3238 0.49225372874423784
3239 0.3766588961091304
3240 0.5876004442615502
3241 0.4810570510159745
3242 0.6138495368295587
3243 0.4190408540718508
3245 0.553696678363449
3246 0.4228990800749726
3247 0.5225634639752622
3248 0.35277491956877655
3249 0.7477390413643714
3250 0.47205680774392117
3252 0.6715252275207055
3253 0.48561052630410617
3254 0.11576605389227036
3255 0.6428206245696665
3256 0.6204433526501941
3258 0.6712514920017983
3260 0.5831063389277596
3261 0.5653393372672242
3262 0.5828381682037266
3263 0.46407375478312196
3264 0.675547940806173
3265 0.3742471327201321
3266 0.6353689038811827
3267 0.723180974680831
3268 0.6520278982660772
3269 0.3481667205962693
3270 0.5087893879637777
3271 0.5085408864162407
3272 0.5613804835734968
3273 0.594946564386557
3274 0.49427391929054637
3275 0.431315450104744
3276 0.46195654629185207
3278 0.8279841741283561
3279 0.44578780267077744
3280 0.5132179453554506
3281 0.4679816432360498
3282 0.5090579799489571
3284 0.6602063872637823
3285 0.5635213244007647
3286 0.5450886903499742
3287 0.6203086285373206
3288 0.5020517819297794
3289 0.4693317637232568
3290 0.40553985925827873
3291 0.5986315870542785
3292 0.517699424762865
3294 0.6663859939033924
3295 0.5864644928396873
3296 0.36094487222258237
3297 0.5881165959778578
3299 0.41290703938834383
3300 0.46868237701331755
3301 0.6324895038431279
3304 0.7713115486041483
3305 0.27997820281739494
3306 0.5656504546296104
3307 0.4642816342300403
3308 0.6101831012064293
3309 0.7628269877295736
3310 0.3851556238007748
3311 0.5150040754659848
3312 0.5251332240710875
3313 0.5747732240379639
3314 0.5180996306186287
3315 0.44856083510956024
3319 0.5156901449894759
3320 0.5178588876395478
3321 0.5273464341628128
3322 0.40148015743630316
3323 0.5438444877808194
3324 0.17942817827059393
3325 0.7992350765117127
3326 0.6125508741480428
3327 0.4617554812388125
3328 0.5435533694675412
3331 0.5785161871231843
3333 0.813028375250745
3335 0.36451934162696714
3336 0.6225299029028162
3337 0.48882039114017356
3338 0.45164525100042147
3339 0.7708002575474411
3340 0.4321381206242854
3341 0.8592224503930627
3343 0.2800490906920756
3345 0.38205662634252646
3346 0.6706944865488617
3347 0.54741087755148
3348 0.5389236345183875
3349 0.6207322115986607
3350 0.48258269089908207
3351 0.5348854174235597
3352 0.4781148576779323
3354 0.47200218112632253
3355 0.7465911425548228
3356 0.10672208779155332
3358 0.5825181631495739
3359 0.754962537414328
3361 0.2762594591112461
3362 0.5309756638173916
3363 0.4952893263207066
3364 0.6797248270203015
3365 0.49603762971239934
3366 0.7650285348633615
3368 0.4250736134519931
3369 0.4535682089759305
3372 0.3754049285002309
3373 0.46762233287898225
3374 0.6553974615708605
3376 0.5214298913277142
3377 0.49317941253475095
3380 0.6685268707301523
3382 0.599715416254144
3383 0.3779806538654546
3384 0.3899154803936185
3385 0.446526476437942
3386 0.6205972108891902
3387 0.3703597441153497
3388 0.6413011164991049
3389 0.37231533790439936
3391 0.6381074721916424
3392 0.5673839995327278
3393 0.7706092727695555
3394 0.48047054266630657
3396 0.5621075294093643
3398 0.6730035503468852
3399 0.5181936832406236
3400 0.5440390667636816
3401 0.5796207116671129
3402 0.4834668482137739
3403 0.4199409160139593
3404 0.5682096646271874
3405 0.6330940910017357
3406 0.46843947209613634
3407 0.7162258168226425
3408 0.3717528587820654
3409 0.43032620210651107
3412 0.438570857873445
3413 0.5672363457828036
3414 0.611499621055803
3415 0.7449469088557319
3416 0.23939582196368786
3417 0.5885070942428301
3418 0.4387273442224762
3420 0.3573198945783549
3421 0.5182134845453626
3422 0.46486284173960524
3423 0.6853723125913179
3424 0.43195930807083965
3425 0.6085352085638802
3426 0.7303928798166197
3427 0.398798791016229
3429 0.4731052301255191
3430 0.5418976642740471
3431 0.34699229937383996
3432 0.5398291254047616
3433 0.5778552910841274
3435 0.549107030943441
3436 0.5645433399453086
3437 0.4715186875223657
3438 0.7326542025403919
3439 0.3502087627489408
3440 0.5351334797628745
3441 0.5225073296149189
3442 0.3927862393117536
3443 0.6255902182057774
3444 0.5244571822302808
3445 0.6731719357885482
3446 0.3593775653765242
3447 0.7393332285867409
3449 0.5461536837651197
3450 0.7352306088184808
3451 0.37186504979099066
3452 0.37802478946882534
3453 0.6559427587830594
3454 0.633381315078961
3455 0.5030507034858953
3456 0.2746739513505267
3457 0.7394639925187753
3458 0.4836658499425391
3459 0.37832967324350086
3460 0.5057397234869482
3461 0.4954490040969487
3462 0.44909274160001716
3463 0.6695815759476339
3464 0.5239076619042365
3465 0.6584312119385662
3466 0.4347657843711689
3467 0.6377617680294305
3468 0.6069502777389654
3469 0.54625058677341
3470 0.4301595457086876
3471 0.5784188304307564
3472 0.45175784472144775
3473 0.551576937462509
3474 0.38681671386275374
3476 0.5373227788679086
3477 0.546817110545727
3478 0.43784141684028133
3479 0.6856433362232142
3482 0.5652359725455499
3483 0.2639393633132508
3484 0.694115060521016
3485 0.5412026550397345
3486 0.3936197630736884
3487 0.5955845234641706
3488 0.434599538804535
3489 0.28530865187524046
3490 0.823468098412782
3491 0.8040137177713099
3492 0.5087232434666776
3494 0.18617120564636688
3495 0.8631846148966393
3496 0.21933124638316828
3497 0.6370805573557712
3498 0.5670639637852263
3499 0.4012044617556845
3501 0.4605856644164385
3502 0.7494036741558834
3503 0.46493078264331783
3505 0.668838210835095
3506 0.428047494363127
3507 0.6102378165745467
3508 0.4640549842364125
3509 0.38751321979460635
3511 0.43393574582438116
3512 0.5291440102222505
3513 0.7790686304878557
3514 0.5506011490786034
3515 0.41947479120017395
3516 0.2323561278560887
3520 0.48888708169396583
3521 0.5475240123145876
3522 0.4591745507598451
3523 0.6059766853630197
3524 0.5313940619430971
3525 0.6803696878414305
3526 0.4771417757484779
3527 0.5864441487906911
3530 0.4381887654527625
3531 0.3880629595682376
3532 0.680967303790399
3534 0.18303786599403105
3535 0.6962779813351331
3536 0.5594089295828764
3537 0.33349554511640983
3538 0.5237123105288138
3540 0.3736956914426027
3541 0.6596617706704949
3542 0.4568160347469094
3543 0.5091200795233007
3544 0.4869848796659431
3546 0.4055464378888472
3547 0.5872815370912331
3548 0.6948760303917081
3549 0.5749210634720463
3550 0.31379463016682024
3551 0.5121073054958194
3552 0.745808805406373
3553 0.5337980474343716
3554 0.38398176639090625
3555 0.7805192215271055
3556 0.08563221005241678
3559 0.5345826918006822
3561 0.6839483395711192
3562 0.3153292792663253
3563 0.7390562445563376
3564 0.14314264442868907
3565 0.686109216164455
3566 0.5327266901170721
3567 0.6201473122687317
3568 0.4981559351031511
3570 0.5503681687097625
3572 0.71679818879646
3573 0.4657008198611176
3575 0.3132488358867404
3576 0.7529567198899099
3577 0.40912280284228436
3578 0.48356951350275335
3579 0.41986165501632183
3580 0.5693557793588976
3582 0.5284069613293924
3583 0.6637914820965023
3584 0.38089021698270664
3585 0.5637503766668176
3586 0.5323676335537609
3587 0.6057052014355401
3588 0.48119775114300817
3589 0.5072451676802148
3590 0.5059458572119642
3592 0.5925869923563736
3594 0.5137686624943432
3595 0.4759067833850459
3596 0.652386109233899
3597 0.5380722669186755
3598 0.3467040165590941
3599 0.5583235951400376
3600 0.7050961142625073
3601 0.38714150932858665
3603 0.698698509581573
3604 0.6018715478056145
3605 0.3180156275995416
3607 0.4698651567983411
3608 0.6179354462174849
3609 0.4351874272535829
3611 0.7186307627054829
3612 0.5992382908090417
3613 0.6331704051757674
3614 0.3880746591643174
3616 0.5067789555928857
3617 0.4380207317630926
3618 0.37170828602415024
3620 0.3610943571710537
3621 0.4900634697669692
3622 0.5342271240072952
3624 0.8177594750171596
3625 0.21284562522319755
3627 0.6415199832452638
3628 0.45573107889124315
3629 0.7388159081385858
3630 0.4974534063671941
3631 0.48577851478474027
3632 0.614511337593024
3634 0.7059488776746751
3635 0.09713201255936998
3636 0.9293698986937974
3637 0.3676555307331734
3638 0.6628136506157694
3639 0.2658241924455634
3640 0.47453592505785636
3642 0.5491512981612242
3643 0.4951585462325064
3644 0.5833938554176169
3645 0.44062593782755044
3647 0.5955576890787313
3649 0.545143163081774
3650 0.44642522886918873
3652 0.4939308784725178
3653 0.43977401178520703
3655 0.34109715654665534
3656 0.5933543630173338
3658 0.538676109906459
3659 0.6867923155594818
3660 0.6444152656243194
3661 0.17964130946577314
3662 0.5496426627138493
3663 0.6573776648534516
3664 0.5207892694113728
3665 0.5358159946654069
3667 0.785191509227207
3669 0.37694064454515297
3670 0.7909660825627834
3671 0.39409257009549215
3672 0.38789116408595004
3675 0.7210682779552525
3676 0.3591816116120704
3677 0.6477853738722547
3678 0.18683996573334455
3679 0.554425267112179
3680 0.5672278484801189
3681 0.7402967412360087
3682 0.6154353148024686
3683 0.6052552714076246
3684 0.21055875846935082
3685 0.45011546828314297
3686 0.6925796885253431
3687 0.41509820683846926
3688 0.36926563731148004
3689 0.9063969695061145
3691 0.5008132611793382
3693 0.6051220606214898
3694 0.49808619745957383
3695 0.36180057360736323
3696 0.7097592370297771
3697 0.4143660153383977
3698 0.5650138083641267
3700 0.7837160675322623
3701 0.3060419805804072
3702 0.7818616202955087
3703 0.25442006074303675
3705 0.6759784731661599
3706 0.5894841063049271
3707 0.5633314142823368
3708 0.41124032026994156
3709 0.6416702118896284
3711 0.7353307970279972
3712 0.34401779231901414
3713 0.4276591963801921
3714 0.4033922239621768
3715 0.7212323092538412
3716 0.7036630213300478
3717 0.4952311343139925
3718 0.5354797398524823
3719 0.23769309816627057
3720 0.7477436803039218
3721 0.4701795137148447
3725 0.5407935612318363
3726 0.5892680412144192
3728 0.6026861039301663
3729 0.4686109283375179
3730 0.5702910176223692
3733 0.694987044356702
3734 0.49581890849198046
3735 0.5371417084089833
3737 0.5366445707141856
3739 0.5544625756185109
3740 0.4419940406312603
3741 0.6237398601609687
3742 0.48490894500029036
3744 0.27922318207980784
3745 0.6482505499140309
3746 0.3916929312708803
3747 0.6012993523556772
3749 0.5288325821309089
3750 0.4926640301624544
3751 0.5504745622879693
3752 0.48298448924727144
3753 0.4995847949938137
3754 0.5563748273551123
3755 0.4961033734915399
3756 0.5881963092493011
3758 0.6222015198494927
3759 0.3676739713422566
3762 0.29731006824316636
3763 0.624856123899974
3765 0.47172525112183467
3766 0.6467357041839323
3767 0.37055327304673186
3768 0.6272241435452176
3772 0.7311200063255257
3773 0.4967969361097209
3774 0.47264688017242434
3775 0.604792203416923
3779 0.9325922324617567
3780 0.3426235446507499
3782 0.5741960385186935
3784 0.8107054419630185
3785 0.5407652187516809
3787 0.593490209250359
3788 0.4833804457406441
3789 0.5231061326393087
3790 0.5885531616584689
3791 0.4520331803763783
3792 0.346647357962827
3794 0.5847258855352948
3795 0.5060323300233457
3797 0.5390569260061304
3798 0.4675692862438875
3802 0.6120467830010002
3803 0.37041071651338986
3804 0.5129208592438049
3806 0.5668081659616965
3807 0.6248678573491908
3809 0.5151823622651001
3810 0.4470696162861311
3812 0.4125671216119646
3813 0.580169494400842
3815 0.6535563654634768
3816 0.3480175269195729
3817 0.5858014225607672
3818 0.5969081258025337
3819 0.6043522715139089
3820 0.43114859460524935
3824 0.5351891546217837
3825 0.9001703050409751
3826 0.1395548785604179
3827 0.7790664078009245
3829 0.6912079433074202
3831 0.5534594898336581
3832 0.5566180388155901
3833 0.39478811431344435
3834 0.5439351047571336
3835 0.6180403186813407
3837 0.3617697704979528
3838 0.38925091306225146
3839 0.5126335837987309
3840 0.8040090360405816
3841 0.42094291641783116
3842 0.3956171148920832
3846 0.6114174719363437
3847 0.29141616122404296
3849 0.5272202965217834
3850 0.5411992606450167
3851 0.47780505323800104
3853 0.7103564472228808
3854 0.4580981001040391
3855 0.43754794351305065
3856 0.43549105046525777
3857 0.4865583426586873
3858 0.379327721462312
3859 0.3212077815938993
3860 0.6633070796294863
3861 0.5552526375566794
3864 0.36391342817322947
3865 0.6250987282560638
3866 0.5601017930571414
3867 0.777847039691692
3868 0.39733392809116946
3869 0.6611085724906742
3870 0.16343476489651393
3871 0.6379060232462465
3872 0.5840342168552746
3874 0.326820424877884
3876 0.5929544977404086
3878 0.43756175800628316
3879 0.6935401710130229
3880 0.4804801612584679
3881 0.5058148755817271
3882 0.7424241010715398
3883 0.3958252462483288
3885 0.4969613854738759
3886 0.5602164576998883
3887 0.5090747511608783
3888 0.44716624654534903
3889 0.7304886827383703
3890 0.5199077492405489
3891 0.41130150699827717
3892 0.5950233704767303
3893 0.7558376302897746
3894 0.26611514260620345
3895 0.7560630615504043
3896 0.3106045426681352
3897 0.59343524874651
3899 0.47275005026954364
3901 0.5777189527279174
3902 0.6233433965661885
3903 0.6584210416758333
3904 0.37325306296355937
3905 0.38438326321633637
3906 0.6426412594185075
3907 0.5349976761025694
3909 0.4971421702389035
3911 0.5339603114617318
3912 0.29192039009590753
3913 0.7344076710304628
3915 0.46255578277147885
3916 0.5283064069677336
3917 0.549999539199639
3918 0.6851789407865536
3919 0.6080219154961622
3921 0.4257745904824277
3922 0.7815999740865819
3923 0.5959311354609795
3925 0.6723710418790296
3926 0.6701829261010351
3928 0.839516669359218
3929 0.39031586625851894
3930 0.5034769234737065
3932 0.3896958005361377
3933 0.7053637955827449
3934 0.471255622198358
3935 0.5925696134135827
3936 0.5125584535404271
3937 0.39876847589387765
3938 0.7122291433351173
3941 0.5739299056208192
3943 0.6929957046101071
3944 0.4742267704173169
3945 0.5646890781277207
3946 0.2639792622761713
3948 0.7593062326945172
3950 0.44100052583189525
3951 0.820889698835238
3952 0.5137352606516957
3953 0.48998978745229516
3954 0.4714449342125934
3956 0.3765374422914411
3957 0.500525687309987
3959 0.6374820039861894
3960 0.32445064544464663
3961 0.6056772737860048
3962 0.5506258256852875
3963 0.29185547094993963
3964 0.6258892126034084
3965 0.5087104925175067
3967 0.5678135093306328
3968 0.48021062943160503
3969 0.654945480889193
3970 0.3851316293689253
3972 0.4786485970299157
3973 0.48123569603342736
3974 0.6403206544476839
3976 0.49721293158446916
3977 0.44765703665868783
3979 0.7221874634197405
3980 0.5553050784325063
3981 0.4076739808198191
3982 0.4824001087107438
3983 0.5776525390126561
3984 0.35080964271785675
3985 0.6444141463937032
3987 0.5328308033799232
3988 0.524932277454247
3989 0.4991799450959585
3990 0.45372343876745674
3991 0.659616377331193
3993 0.443161921867291
3995 0.550681882088465
3996 0.5894314619798805
3997 0.6610991857947661
3998 0.39271798382533046
3999 0.6828332129286154
4000 0.3742696223862028
4001 0.7208199394575754
4002 0.43799546565729536
4003 0.5472799164735646
4004 0.5378997481523685
4005 0.4103352363190256
4006 0.62607241334646
4007 0.5243867936624503
4009 0.54495529004322
4010 0.2590118805209287
4011 0.5421534657866679
4012 0.3123652086102848
4013 0.7451003300256435
4014 0.48153983232179204
4015 0.7821910260617121
4016 0.22611862880282796
4017 0.5385814724506294
4018 0.32627251981906963
4019 0.9311155218750232
4020 0.48018510091776356
4021 0.5651298283978005
4022 0.4224148025665176
4024 0.24997110232892636
4025 0.5022353974991953
4026 0.49700290560128174
4027 0.6090870295455727
4029 0.1942805530453916
4030 0.8023571400195243
4032 0.6493187596973607
4034 0.4433607827730001
4035 0.49566740798326775
4036 0.36060567976162505
4037 0.8297587593437213
4038 0.5218989957300865
4040 0.45045415342446093
4041 0.5322438735636456
4042 0.5657798063465952
4043 0.4880842221091452
4044 0.5069111158582286
4046 0.604856597310681
4047 0.35448647819074736
4048 0.5388256367072064
4051 0.1585831770034623
4052 0.861637398649741
4053 0.23844773393711816
4055 0.6292675702457871
4056 0.5485186420656247
4059 0.5900304839841863
4060 0.48805591461550296
4061 0.6358612210338823
4062 0.4325800735260825
4063 0.5275098323842814
4064 0.43181899651632216
4065 0.390404883599243
4066 0.7508550162887152
4067 0.6138239599857404
4068 0.44380222484211246
4069 0.5447630228240395
4070 0.6287458943346689
4071 0.34205256719896315
4072 0.670579098281506
4073 0.527744773737062
4074 0.49660885368728447
4075 0.5844871878969805
4076 0.5365350665480129
4077 0.26146727138577913
4078 0.500110757092659
4079 0.566057481776231
4080 0.536597181639392
4081 0.5735799822571016
4082 0.5422225308559055
4084 0.6690541735254281
4086 0.6564206266268721
4088 0.4401058770874729
4089 0.7053653519243215
4090 0.35805524381737985
4091 0.5269932348084538
4092 0.5060131686060638
4095 0.7500550677010664
4096 0.6222222383492741
4097 0.5924538665678928
4098 0.47977322169697595
4099 0.5372726824960776
4100 0.4879155805958092
4101 0.4107582788586096
4102 0.4299510281934947
4103 0.5902557940941453
4104 0.643129375123991
4105 0.43148069950178203
4106 0.5997220939876644
4107 0.5953589219109702
4108 0.6816004628418996
4109 0.3858306026456285
4110 0.40481775030312594
4111 0.6433617575101882
4112 0.4728262864571671
4113 0.4144061937125042
4114 0.5014685168642985
4115 0.573565433540813
4116 0.4256629297815433
4117 0.47296417040050176
4118 0.7644112145297393
4120 0.5732443465225316
4122 0.5882485177928919
4125 0.575828224577642
4126 0.6653861188280681
4128 0.2516231309153956
4129 0.5425980951940907
4130 0.4235405785975153
4131 0.3642303207474231
4132 0.7479821070274183
4133 0.816009685490335
4134 0.4252382932898792
4135 0.43447395476859135
4137 0.46722991390845664
4138 0.5345978401745811
4140 0.4089904220669747
4141 0.4911567178087371
4142 0.5366810584947238
4143 0.5754192193138448
4144 0.7312042898231681
4145 0.2827044077465469
4146 0.6111665821108445
4148 0.49589437519182916
4149 0.6380391603608574
4150 0.37611176929521994
4152 0.5536850813389447
4153 0.3912726942366641
4154 0.6632453482564489
4155 0.5257656931238155
4156 0.6311539429325156
4157 0.48215604240393267
4158 0.613878384304713
4159 0.4957609632470695
4163 0.5632212278812476
4167 0.5761516477346972
4168 0.7630158699465305
4170 0.6167184415014993
4171 0.6599899583142445
4172 0.3058968851001663
4173 0.5750787012819053
4176 0.3586609230504245
4177 0.5553378849070608
4178 0.5280793011676703
4180 0.6418232162770087
4181 0.39377632919591493
4182 0.8790805266217395
4183 0.31562385361376377
4184 0.5280563799472754
4185 0.416678091442333
4186 0.4202668062117379
4187 0.40450013069368546
4188 0.6450590628979606
4189 0.5460645811605633
4190 0.514477116631468
4191 0.41986357611231084
4192 0.6721504178256658
4193 0.7119356112109633
4194 0.3656769856537498
4195 0.4054725842135195
4197 0.6016274444572652
4198 0.3398058675497005
4199 0.5931323997324431
4200 0.5227826570769178
4201 0.5432246602398554
4202 0.6568439969767589
4204 0.8913260501764776
4205 0.3278278372111329
4206 0.40583620415449345
4207 0.4433983338502562
4208 0.4820949048438909
4209 0.7502656473765014
4210 0.41012883623110935
4211 0.4902159271240331
4212 0.5963169093218494
4213 0.4556345929878622
4214 0.6592475773919877
4215 0.5778773514267666
4216 0.3574567074440584
4217 0.5428235425458541
4218 0.5986978278947589
4219 0.5204272304283163
4220 0.6216084952401917
4221 0.37459611139552085
4222 0.6852964418113406
4223 0.5398313921749196
4224 0.6456049109300083
4225 0.290449235927711
4226 0.5664840102749645
4227 0.5221177232444083
4228 0.542540278000238
4229 0.6083912835745785
4231 0.32998247202720427
4232 0.2938691878525422
4233 0.5569655878646175
4234 0.7042407788597179
4236 0.6260532105650172
4237 0.6093883740657955
4238 0.31569101462792726
4239 0.6048694533039224
4240 0.4644044890099584
4241 0.5458696373547208
4242 0.7207753322177008
4243 0.3730270236626609
4244 0.41216358466723846
4245 0.35017401172279494
4246 0.5403251117891334
4247 0.43369150493119235
4248 0.5595504569429179
4250 0.5253987458911145
4252 0.7299948491861957
4253 0.49104312761683794
4254 0.4108568572006814
4258 0.5051807451345464
4260 0.28494287930170026
4261 0.6473301770678059
4263 0.48358772005851386
4264 0.7433035696278434
4265 0.3386555665455427
4266 0.6394291014418361
4267 0.4834265425343722
4268 0.4601111844332446
4269 0.5611805704151464
4270 0.7088063459912064
4271 0.39844451034861345
4273 0.6201078602176003
4274 0.4791984957673606
4277 0.7017230919305695
4278 0.5369821215461158
4281 0.49856590743823836
4282 0.4059871201502155
4283 0.6944779453577599
4284 0.41147551765534074
4286 0.6322087307130287
4287 0.37770200005062604
4288 0.4392830466681451
4289 0.4988941359980056
4290 0.7534592847331538
4291 0.6555445012371018
4292 0.40063871982467264
4293 0.6586776254852362
4295 0.713403469552258
4296 0.42835216764758477
4297 0.6573417690707318
4299 0.4274541941835628
4300 0.6504598325208052
4301 0.5653807205494741
4302 0.5559728150914979
4303 0.4754368284407078
4304 0.4793581233276211
4305 0.5847994049291411
4307 0.33771900480197187
4308 0.5418425564949889
4310 0.565834541555164
4311 0.2314348276666753
4312 0.7065400567859147
4313 0.43023386163541943
4314 0.7015501176466155
4315 0.5251107116211543
4318 0.5051084429647572
4319 0.31878334099674144
4320 0.6979543368443154
4323 0.9611723077529443
4324 0.40919438674760616
4325 0.42941345298629097
4326 0.36344355788725236
4327 0.37341035911586734
4328 0.5783578963126291
4329 0.7188649122985162
4330 0.3923632772706442
4331 0.6472831866381191
4332 0.3997021161037484
4333 0.42227887025205046
4334 0.439989600378074
4336 0.5332627157376316
4337 0.768935127099122
4338 0.4470575749405341
4339 0.3380643319916351
4341 0.46902837114686224
4342 0.5108144134684596
4344 0.724545271932308
4345 0.4619830074330669
4346 0.7543362926316481
4348 0.5401812663906049
4349 0.3299432542979311
4350 0.6970682326597324
4351 0.41660777267912885
4352 0.5702662746011277
4353 0.29197925202274966
4355 0.47859830857132285
4357 0.8180138875846646
4358 0.49053298691211245
4359 0.5256859709837917
4363 0.6960351512603714
4364 0.8353204535842912
4365 0.22852261843814486
4366 0.45380702715499244
4367 0.4001365791824189
4368 0.4388400611555664
4369 0.5070024808628864
4370 0.5156439343264663
4371 0.5017996696587732
4372 0.6265966129211855
4373 0.6921800887837276
4375 0.3881260164353063
4376 0.47453706079399083
4377 0.560602509452139
4378 0.5039399362403433
4379 0.6470411072714367
4380 0.4685639991022862
4381 0.5290222367901967
4383 0.4255705148455092
4385 0.6885912518990006
4386 0.48030182417567924
4387 0.3500804108192798
4388 0.5513376387531187
4390 0.48499925551599016
4391 0.6714678633904527
4392 0.5612044531236028
4393 0.5702558095780772
4394 0.3307386514270318
4395 0.5390233142993754
4396 0.3809460020515389
4397 0.6964302206491851
4398 0.49922905785795335
4399 0.2941532280267987
4400 0.8077591633341232
4401 0.2770804019100746
4402 0.6341012728877582
4403 0.5947549909128559
4405 0.5809528342702728
4406 0.43806350069627353
4408 0.604937287100014
4409 0.5728101759458106
4410 0.37865917094404955
4411 0.5546359649503316
4413 0.6056911425479328
4414 0.4544604931612517
4415 0.5620186060530523
4416 0.6613599039015069
4417 0.24907245737798092
4418 0.7068792687792591
4419 0.37478032414235873
4420 0.4826981918626941
4421 0.5592892260987955
4423 0.515126453616345
4424 0.6592018102968248
4425 0.5931266684636338
4426 0.6185058454297268
4427 0.3665002397640498
4428 0.3281262187343863
4429 0.664073030767714
4431 0.6101455392285825
4432 0.15038881193393086
4433 0.8322257831501954
4434 0.1920039762052086
4435 0.620191690865715
4436 0.4880376304199081
4437 0.6709429611411765
4438 0.47766655116869045
4439 0.8654961937152327
4440 0.34564348042123505
4441 0.478380753356985
4442 0.32639186943678233
4443 0.42189518272636756
4444 0.8053991998593237
4445 0.5360862191058723
4446 0.3769074747264322
4447 0.7255375037989498
4448 0.3373539620949922
4449 0.690107994238293
4450 0.7173936690059556
4451 0.45940595789514715
4452 0.4656698036030531
4453 0.4857841755020716
4454 0.4267175398305163
4456 0.6496290630830035
4458 0.3967462721280071
4459 0.7017830630395466
4460 0.40756537315783936
4462 0.4896019999395958
4463 0.611275373484392
4465 0.7131139162894049
4466 0.4157534285966383
4467 0.6768471857025765
4468 0.40767760005389436
4469 0.7520155044330391
4470 0.38756894517733126
4471 0.5450991442251905
4472 0.6535941749984574
4473 0.3254687943013027
4474 0.37871133896550946
4475 0.7339311149250614
4476 0.4969968249866703
4478 0.5752972916719782
4479 0.6277465697790695
4480 0.47612297375676665
4482 0.5212396225040876
4483 0.5712714995377124
4484 0.5052444821485953
4485 0.6988454285314811
4486 0.6477978806250354
4487 0.31883181151457396
4488 0.8767217489862501
4489 0.19241715702312365
4491 0.46562974814735164
4492 0.3938270339910753
4493 0.7562084046896603
4494 0.2832056906329462
4495 0.9055495880997075
4497 0.3940399008850938
4499 0.3844234302909895
4500 0.6397724067647778
4502 0.4766171680313247
4503 0.678889347852267
4504 0.34591645014246775
4505 0.5472930244038375
4506 0.46205251467973
4507 0.5232448004627912
4508 0.3536693904307829
4509 0.397735940081484
4510 0.693993420192041
4512 0.36483903952574864
4513 0.8479680314171856
4515 0.7056905659855829
4516 0.5377987685268708
4517 0.48640170961215695
4519 0.5510189622423176
4520 0.48700558892242407
4521 0.4991337867960274
4522 0.3056608631958587
4523 0.7675246911892751
4524 0.5435084160371583
4526 0.3506770366345419
4527 0.6867425953704758
4528 0.4358614583219952
4529 0.8762621165306204
4530 0.5389141530669049
4531 0.3064614135495867
4532 0.5393383425949445
4533 0.511516043636524
4534 0.40433302781990377
4535 0.7646766373105683
4536 0.37457423590179556
4538 0.526760106322944
4539 0.24666295914376388
4540 0.6847534857033223
4541 0.46344803542159735
4542 0.6919434807470471
4543 0.6320537932197355
4544 0.5380951207057978
4545 0.5205852046304046
4546 0.5546611416446776
4548 0.46791745003743734
4549 0.29433793047720663
4550 0.7141893817569609
4551 0.592978347617518
4552 0.6212470175534323
4553 0.5508139888223288
4554 0.46572311858629406
4555 0.26715626126206027
4556 0.5265636802628921
4557 0.7493915079486083
4558 0.6037973514024708
4559 0.3791826317697814
4561 0.5472986453365702
4562 0.375019474761365
4563 0.4281194480452777
4565 0.6372091014991763
4566 0.6241720180871029
4567 0.3396933520502179
4568 0.4495797181695066
4569 0.6997926670427935
4570 0.475720225449764
4572 0.5230529800865761
4573 0.4301833856123149
4576 0.6185796342012773
4577 0.5573975318390395
4578 0.4338172678185873
4579 0.5416551216737713
4580 0.35376921179132126
4581 0.6480989322707741
4582 0.46929065114077306
4583 0.543428256529574
4584 0.46062012496725074
4585 0.5525510574371355
4587 0.5364157152681389
4590 0.6210433597651617
4592 0.797247048553752
4593 0.33205407750930754
4595 0.4288367797451425
4596 0.5357927786651783
4597 0.47552831215010316
4599 0.6881306418605955
4600 0.38705347007193697
4602 0.5647114537544091
4603 0.33297703082716784
4605 0.5936949324820467
4606 0.2110913017283914
4607 0.6266322875267101
4608 0.5651431436191173
4609 0.6357991679661457
4610 0.6058201295584581
4611 0.40600114468388804
4612 0.5427061305389403
4613 0.4168101731848266
4614 0.6940114657594847
4615 0.4070311379456524
4616 0.5478698908331849
4617 0.6140091126317752
4618 0.5565481212736042
4620 0.3896603207794659
4621 0.6851111140867135
4622 0.4026070247298942
4623 0.5593135751907857
4624 0.40124222274600496
4625 0.7002140093823318
4626 0.32461681497241807
4628 0.5454099481744334
4629 0.487882957502022
4630 0.45756306009560366
4632 0.4594258669968585
4633 0.5671931036971267
4634 0.4699556769630325
4635 0.5769884090360513
4636 0.5382958577428427
4637 0.6527201472494394
4638 0.6300786651578846
4640 0.3828774240761487
4641 0.4605239714694505
4642 0.5107067927116987
4644 0.6551731924692118
4645 0.4702571301467666
4647 0.44324131747792705
4648 0.7991935778317157
4650 0.5400010489431947
4651 0.6879404331351275
4652 0.39959361840432833
4653 0.7792074847448259
4654 0.18408994061842143
4656 0.4123753339699129
4657 0.4496521114119139
4658 0.46176904799229274
4659 0.4810771361011198
4660 0.48374299784538416
4661 0.7510372752976208
4662 0.39308612882921246
4663 0.7570665058422107
4664 0.35014068937209597
4665 0.47344443519750556
4666 0.42176368351187077
4669 0.36156602629717693
4672 0.421215927165815
4673 0.7976490055092926
4674 0.21002651708949746
4677 0.5211594015364747
4678 0.4578392855265129
4679 0.44378496208658963
4680 0.715750286566861
4681 0.433629074073242
4682 0.661722022485425
4683 0.4317716485161079
4684 0.6474424639771574
4685 0.5150501359204989
4686 0.538348797598506
4687 0.47558157302526893
4688 0.624003870059854
4689 0.4226836566335223
4690 0.5406160381782689
4693 0.5117038925305446
4694 0.558335416819771
4695 0.4991348138057452
4696 0.6724195472914339
4697 0.5908183073254871
4699 0.40566328462050005
4700 0.595486720995457
4704 0.54917830900328
4706 0.7456674902993994
4707 0.47759138755835373
4709 0.35393906207478576
4710 0.6486184869678471
4711 0.5595170293905787
4713 0.6460897945015709
4714 0.5644079883993723
4716 0.763523753499036
4717 0.36510456483718684
4718 0.609375529790991
4719 0.5835774252766752
4720 0.47608299258158826
4721 0.6471676661039604
4722 0.4447588628718379
4723 0.6511986225603759
4724 0.6872214645275205
4725 0.2924521701904614
4726 0.4872417987056139
4727 0.5749118726410358
4729 0.5115621162592674
4731 0.37369638032125996
4732 0.6096113359889852
4733 0.44391632685924276
4734 0.8097877506683133
4735 0.30066125587286274
4736 0.5016246323659096
4737 0.5439418908308923
4738 0.573319544388342
4739 0.42788580393541475
4740 0.7511222478717948
4741 0.3255388572699666
4742 0.7561742085902917
4743 0.5359841729980418
4744 0.5150661656391661
4749 0.4815177332960767
4750 0.6380470593859675
4751 0.3425151650460626
4752 0.6045652512052323
4754 0.3101079987140469
4755 0.6163812912868138
4756 0.7175005887533762
4759 0.4226110326227594
4760 0.5701963554142729
4762 0.471672108915868
4763 0.4293143212209555
4764 0.6633359201801878
4765 0.3536660568988204
4766 0.7769296787572263
4767 0.3978838430639722
4768 0.612814654582856
4770 0.6469946217027573
4771 0.435531232330067
4772 0.5427220815365038
4773 0.5093507632757257
4774 0.6014752430134018
4776 0.5953945772662957
4777 0.4583045488762245
4778 0.4948932980845576
4780 0.5193123501671537
4781 0.5328191007359194
4782 0.5487150514255924
4783 0.538070072350397
4784 0.4851229151089377
4785 0.5503857127132354
4786 0.554763041654862
4787 0.5646420011120723
4788 0.6988464756364661
4789 0.430059073309118
4791 0.42846989371675465
4792 0.6572427490533073
4793 0.4710194676923764
4794 0.4423506185013159
4797 0.3935351961643275
4798 0.5511335428143656
4799 0.5120908443156175
4800 0.2886799393968619
4801 0.7098808575408705
4803 0.5235406349470605
4804 0.45770989633915504
4805 0.8572924709259668
4806 0.5654704016327902
4807 0.25397336835102424
4808 0.7723118025689322
4809 0.4346567746200033
4811 0.5418682756983348
4813 0.28296397872857276
4814 0.7277471184829692
4815 0.476744673842876
4816 0.4022856885415835
4817 0.49509868975420657
4818 0.5382668273255612
4819 0.4601122208849294
4821 0.4275525728822238
4822 0.5862302140696761
4823 0.837264956433684
4825 0.5478912994639294
4826 0.2994590844378529
4827 0.5928323349219266
4829 0.5991151365210992
4830 0.7618096655457631
4832 0.5611244589059956
4833 0.36931508301602467
4834 0.45821606439813156
4836 0.6739287095025736
4837 0.3505382416651513
4838 0.5949863454437213
4839 0.48048086061900463
4842 0.5242084772154163
4844 0.46423980071071597
4845 0.7243509399872591
4846 0.5183819992964449
4847 0.5561785348636652
4848 0.6358202548054913
4850 0.4153301397501935
4852 0.458634251939346
4853 0.4507942886133182
4854 0.5800180177438794
4855 0.4024616080345473
4856 0.7629037650215906
4858 0.42852614942229905
4859 0.5449376695038183
4860 0.513384134675103
4862 0.6210107952387361
4864 0.5817651585596871
4865 0.4000965841100037
4866 0.5987631371128321
4867 0.47238407585028935
4869 0.5503069496203398
4871 0.45859255016537387
4872 0.3207927096349494
4873 0.7251508665868437
4874 0.5563023517710199
4875 0.5740980597530635
4876 0.501689898754678
4877 0.3181773495630387
4878 0.45789127576217026
4879 0.6760840615439814
4880 0.42314193133391137
4881 0.49197812835206206
4882 0.6201776569461933
4883 0.504017197040545
4884 0.40864504816619135
4886 0.7477896869590325
4887 0.3198064490806294
4888 0.49370914368573354
4889 0.6815200989755155
4890 0.6870452659229253
4891 0.27626787778334855
4892 0.6415571470436967
4893 0.5691726962982835
4894 0.6025559445493944
4895 0.2458389037055439
4896 0.7973742080590335
4897 0.17166208187626814
4898 0.7497326845661904
4899 0.5266014057238065
4900 0.41409948964472376
4901 0.6475974523036471
4902 0.3577805936342638
4903 0.8483968124567552
4904 0.37943939043149716
4905 0.5406094137761943
4906 0.5661750901910805
4907 0.37781806906723253
4909 0.49219270274210286
4910 0.6625022794234645
4911 0.6438279705697608
4912 0.7179244095717214
4915 0.6236638562109513
4917 0.6243292972428554
4918 0.4274220334190549
4920 0.5562867984928481
4921 0.4710333290118444
4923 0.4373352910918084
4924 0.6703514569862727
4925 0.6029877473633471
4926 0.25094579510968335
4927 0.6077873603187236
4928 0.6274967320840933
4929 0.4280552446622091
4930 0.689903614962999
4931 0.5013967371786768
4932 0.3540156591402235
4934 0.45689413556763564
4935 0.6211678298163417
4936 0.5545024179055656
4937 0.40517575272688067
4938 0.7365529335478718
4939 0.4532119163511861
4940 0.39449527901931775
4941 0.6309800345639698
4942 0.2853166457412882
4943 0.5284552406708626
4944 0.513964416901911
4945 0.6131040808096522
4946 0.664648217602718
4947 0.49364900365842895
4948 0.445103682170214
4949 0.5823729989935401
4950 0.5325032554060262
4951 0.6010800474849384
4952 0.4777154332213415
4953 0.6301308049312375
4954 0.5381280915441672
4955 0.419396918401877
4956 0.5259002820666967
4957 0.3615135047890569
4958 0.4510760023851874
4959 0.6789677056000266
4961 0.3720854133747085
4962 0.7401546939933007
4963 0.6668831548880915
4965 0.46719852432330017
4966 0.5023977453643529
4967 0.4956028401165089
4968 0.5360737234133681
4969 0.4772653772135709
4970 0.524162351114111
4971 0.6811596825523543
4972 0.4725511068960372
4973 0.3691181906934168
4974 0.6224318328611096
4975 0.6276091113945927
4976 0.5368703545381013
4977 0.49011734929281875
4978 0.5265755675236786
4979 0.6439974729067796
4980 0.6876927480895156
4981 0.3137007418461616
4982 0.74438912166577
4983 0.3638416535662087
4985 0.28685729216168593
4986 0.3966315835898846
4987 0.6990136858857565
4988 0.373504110984613
4989 0.6886415814942312
4992 0.45592010154835905
4993 0.5007614773565678
4994 0.423045563612988
4995 0.71075099543344
4996 0.3885129363659394
4997 0.654372936453814
4998 0.40607875826707207
4999 0.631817504108693
