9 0.3143775692454402
24 0.3298883385668177
28 0.27808453028448427
30 0.2544428620673664
32 0.27280103192156935
36 0.30509191940934954
38 0.3058453467184493
39 0.2828609022531458
46 0.23507437654502547
47 0.22473017769793735
50 0.23635956826243
60 0.2159190048419538
61 0.22065295266823842
62 0.21570635776014144
69 0.23281892570791884
71 0.22048578665692786
75 0.21013079858906455
82 0.20867487600934137
84 0.19812950883808275
89 0.18484909728955096
102 0.1919627266407942
105 0.19826223282325453
110 0.2016916074812352
118 0.2265988396239978
125 0.19660905639396134
130 0.21975327144830628
133 0.24284383105143997
135 0.2490776463440316
142 0.2545735995565003
150 0.26979971369840405
159 0.29275331989589015
165 0.2812255694396746
172 0.27764452807681494
174 0.27353035690955624
179 0.2637341080240344
180 0.2636886196223797
182 0.25406219587354006
183 0.25357339524981726
187 0.2420035438344033
188 0.24961998377025438
195 0.24086217710188185
200 0.25144259740897756
205 0.28603810764819165
209 0.2908242785577629
213 0.3205199993001562
215 0.3204749858565204
217 0.3165212198436487
223 0.30826839689560387
226 0.3079576649315176
228 0.32151658082630236
235 0.32314600682334105
236 0.3309143914768052
239 0.29542453679479475
240 0.2883404692358266
252 0.3469561094647976
264 0.32669497938159064
265 0.3247994859671062
270 0.3427086923708772
281 0.4215771361768384
284 0.42936223317608835
292 0.4050837314647931
293 0.41228343219349944
294 0.4196530289198769
300 0.430384834138305
320 0.42354341139158747
322 0.4334069527828032
335 0.44931033654125263
336 0.44571313650621225
340 0.4587786305917345
352 0.4210270592132928
353 0.4344190234563283
355 0.4462605953807317
360 0.4474847111493568
369 0.441954510165545
370 0.437781580153845
371 0.43429876829839187
373 0.439080323583525
382 0.45364678253436963
399 0.4869081576645958
409 0.5431315540821041
414 0.5547255333335555
434 0.5422088935636397
435 0.5426944258016374
446 0.5492423484089629
452 0.5634382112065127
454 0.5651971690077848
457 0.5784526734191336
458 0.575054905858903
462 0.5639648238321487
466 0.5532890861923422
467 0.554675141329068
477 0.5605362418897621
479 0.5606963036447016
480 0.5598177172604889
484 0.5760604611026338
489 0.551751066239645
491 0.5322841190742501
500 0.5634597855103229
504 0.5515450408044703
505 0.5474745387068889
511 0.5317317009381294
518 0.5101818288710199
520 0.5323349671614384
522 0.519773481419187
531 0.5290736399628707
533 0.5401845410639768
536 0.5568704237205617
538 0.561237986233542
545 0.6147917752951074
550 0.6078710567522037
568 0.5932655078950043
569 0.6028555702557619
570 0.6208409998372365
571 0.6281745955063247
572 0.622874781233467
574 0.6119925977568133
576 0.6225820536279607
581 0.6279193863132301
584 0.6266613696877644
585 0.6282635788439372
586 0.6224974757382425
587 0.6224541363782723
591 0.6405853657217018
592 0.6456161171711409
596 0.6542629041710457
598 0.6598868159215232
609 0.6191281206346956
616 0.6256541792808532
620 0.627376893647555
623 0.6095138142049193
626 0.5928449675757685
636 0.5844255808076432
637 0.5969751374389781
638 0.6022199726089189
641 0.5861783694528472
643 0.5919043099974429
651 0.62874069310371
658 0.6699013482183198
661 0.6462377743259933
665 0.656998699483849
667 0.6487435310409049
670 0.6517642978901169
671 0.6547245289446127
673 0.6559610350180034
675 0.6508342847480004
679 0.6252907622191893
682 0.611714304600601
684 0.6092834971863434
696 0.6254422724995865
699 0.6009268858315931
704 0.600890952523633
706 0.5855102639124365
708 0.5851631244449053
711 0.5530751878145951
712 0.5520126228209359
715 0.527818348118424
718 0.5261938261357137
722 0.5307905151645467
730 0.5147048659100394
737 0.530356895564597
739 0.5059204735643229
750 0.539786306487547
755 0.5240413393789333
759 0.5024643494723557
768 0.5003243009532878
785 0.4527344972380797
790 0.49051526304924603
794 0.4783070911724423
796 0.48555030691955925
798 0.514389781549458
802 0.5193571465996878
807 0.5254701830182053
809 0.52624381056589
812 0.5613767945072656
814 0.5570556247831489
815 0.5498776632148976
817 0.5404713658600224
824 0.5048100743583662
825 0.5193007695450542
826 0.5228708201760641
830 0.5274244145382775
832 0.5320805515611006
841 0.5201556461939515
843 0.5236013242656838
846 0.4990864129527222
849 0.5056861351217808
850 0.4913951070875246
852 0.4714061662776992
857 0.485686182520229
865 0.5070389472990458
878 0.5123638601212028
885 0.509032938730211
892 0.5127812667527588
898 0.48527981221925304
899 0.48464461167592876
913 0.418423799946667
914 0.4270785885029571
916 0.4322024308686124
918 0.43503251117984265
926 0.46333340384039373
927 0.4564606785747498
930 0.4604422854434736
940 0.5122443251467783
946 0.5029884087584097
959 0.4968312586756757
962 0.4810512140343156
964 0.4768259974605992
965 0.4813360076041599
969 0.4634540746104045
973 0.43552550587338656
977 0.45628546871378417
985 0.4630388193491275
989 0.4779216650371255
999 0.4597050120569325
1004 0.5335434420898649
1007 0.5162760245220451
1008 0.5270222841724305
1010 0.5340420169996801
1015 0.5207821048125733
1021 0.4835936228727779
1024 0.4552436492320408
1027 0.44937514537669204
1031 0.46317480153544827
1034 0.461029364084802
1051 0.4593163834016615
1061 0.4181147766688013
1069 0.4551539923544363
1081 0.4461084718482402
1087 0.4111153099789574
1093 0.41456833966399725
1095 0.41379027416626907
1098 0.40755838954110096
1104 0.4355101400036437
1105 0.4328452920727206
1113 0.38184180250430183
1120 0.4285719290899773
1123 0.4111429239988648
1124 0.4000183621051785
1145 0.3452113671421562
1146 0.3468990064352916
1147 0.33919801961963997
1151 0.34381574990256586
1154 0.3120584022183396
1155 0.32341495897402467
1161 0.3287186634997191
1162 0.34543112751299426
1164 0.3191840920476938
1174 0.32824712211590984
1185 0.32912328752474546
1193 0.31017851512749606
1195 0.29695139181846253
1196 0.311681440495655
1207 0.3437672483244847
1215 0.3676830835791326
1216 0.38331238905745224
1219 0.38346860989637177
1221 0.4041625582544896
1225 0.43734873202866986
1233 0.4081054445156638
1246 0.3925834826223465
1248 0.38724954744162016
1253 0.39018470056188975
1254 0.38076264521604614
1256 0.3657838377070965
1258 0.35649341337956036
1265 0.3914829496004781
1268 0.3935296822515981
1272 0.362275259584087
1275 0.3456588407323665
1276 0.3546445742804507
1282 0.3591631364069641
1283 0.3697814165438224
1288 0.3681071293589375
1289 0.37485774644602654
1290 0.3892706392854778
1302 0.35140304436775827
1303 0.352597640521829
1304 0.34866451129235526
1306 0.3461833566016787
1312 0.35088403834725623
1318 0.3398058365226508
1320 0.34166246670495115
1325 0.360195809694394
1330 0.3487014549806442
1340 0.36593857454200096
1342 0.360839558349599
1356 0.3062121076929304
1358 0.29255124738123156
1360 0.2853455207515033
1362 0.2892946929561727
1364 0.2966320935544153
1365 0.3000163174507173
1366 0.28832212706546567
1368 0.2698542988272952
1372 0.2673297475144086
1373 0.25528474607701074
1379 0.2207632956425022
1382 0.23283166837461694
1387 0.26912990622114297
1394 0.24418200619935734
1395 0.24344254407792765
1402 0.20399335498870722
1415 0.207505980380537
1428 0.21710981476208993
1434 0.2253753637232763
1452 0.20823841737747706
1458 0.17276213335054064
1467 0.19081157414784788
1469 0.19108938246470747
1480 0.19995927462714785
1484 0.18945943909781737
1494 0.20500272083845564
1511 0.1461961837032878
1518 0.18689583690306005
1520 0.19865426279614962
1522 0.18045636811495724
1537 0.1373323918700698
1540 0.13963543993830474
1544 0.15662322399043035
1549 0.10247218685603972
1550 0.10439515965606556
1552 0.11142585410167137
1556 0.12068613209495072
1570 0.12540485050684233
1577 0.12156949600502603
1580 0.14346809915407038
1585 0.12982526845431916
1586 0.1366655637341375
1591 0.1235393176775689
1601 0.1596508569868888
1612 0.12470947247273242
1613 0.10853514323071474
1614 0.09959822270684333
1618 0.11148840555640513
1627 0.09816779241278696
1634 0.10511661714141989
1636 0.0841270667276251
1637 0.0750799028915149
1644 0.08803892285853104
1647 0.10009321420731436
1648 0.08762595380262611
1650 0.07188165176458511
1651 0.07542195957620648
1660 0.09837843447897585
1674 0.08823153811254891
1678 0.04984970242256497
1680 0.05268771890568503
1699 0.11343950063186367
1700 0.1184770170211901
1702 0.12096671071552939
1704 0.09659842282743389
1705 0.0891236904678902
1712 0.05654922501363821
1714 0.062368052099430776
1715 0.05265478444902762
1717 0.03544670390641039
1723 0.05679519444986323
1731 0.008785555373679702
1733 0.018720071292367222
1750 0.04357276682669028
1751 0.04280654355460253
1759 0.023358523688822352
1760 0.036387665707692377
1761 0.030816075045111184
1762 0.022877128864154796
1763 0.03198934996724598
1768 0.046217680789173946
1770 0.02949738797674156
1776 0.010336277687258184
1779 0.00863206732377652
1782 0.02921652917959054
1804 0.0
1812 0.04014377859806705
1813 0.04821827593513013
1832 0.1011536877672996
1834 0.13404065583993324
1835 0.13385317958743934
1838 0.13474405151940222
1840 0.13609657103175854
1841 0.14611065035855927
1847 0.121854845867099
1853 0.12698896649449948
1855 0.11121202425089315
1857 0.12597853821020816
1869 0.17962681523313856
1876 0.2194189075228444
1879 0.2570103665912664
1882 0.2702752749775166
1883 0.27897163513246437
1884 0.3003331365554477
1896 0.3570972363048574
1898 0.35256114841665714
1906 0.39806849822569074
1920 0.35035569726520327
1922 0.3477883670032862
1931 0.33306254135349894
1941 0.3663577672082956
1948 0.4085745661701984
1954 0.411300647670197
1955 0.40617762591849166
1962 0.422601235383989
1965 0.43813046998436395
1968 0.454951590910201
1969 0.4532612231090354
1972 0.43492239569981983
1973 0.4227259526933659
1975 0.4185485540577424
1976 0.4145994161560606
1985 0.4241566589747855
1992 0.3827827925784641
1993 0.37839166572553307
1996 0.3844254320270454
1997 0.3955477703104417
2000 0.40310005598432985
2001 0.3955436308406185
2002 0.38859033077802935
2003 0.38610327697218866
2009 0.39398477048575226
2013 0.44646869673105943
2015 0.43120903481175277
2016 0.4371633126731594
2020 0.44253269895091946
2022 0.4442145841516506
2029 0.4346181639992561
2030 0.43715065508995493
2032 0.4157694524225977
2038 0.43040335074526676
2041 0.4393447276037525
2049 0.4031845610849519
2050 0.40747188603418166
2056 0.41183625592232953
2057 0.4363471371407625
2059 0.43649571082828426
2061 0.44924508168081484
2064 0.4270482644665816
2067 0.41867542462416035
2072 0.37935588923067376
2073 0.3726427736611469
2075 0.3592891514004661
2083 0.38027792349316863
2092 0.39917324850340974
2093 0.3958939525761481
2102 0.3719410058587912
2128 0.3796310325689239
2130 0.39170602099899543
2134 0.4227270807472629
2138 0.38631658387787904
2140 0.3761823978472202
2146 0.3821824857114737
2152 0.3830166231211392
2157 0.4136435166602554
2161 0.4199119860143119
2167 0.38716647755346945
2180 0.35890852458841843
2186 0.3395083475714351
2189 0.31795868602628685
2199 0.32536721189462503
2203 0.28885606549346726
2204 0.3007614226934879
2207 0.27724227313683164
2211 0.2702041612234618
2212 0.27334048783688336
2213 0.2802614140677528
2219 0.2985919187991024
2222 0.2910869200809148
2227 0.2864333891310317
2231 0.27981208470507946
2241 0.2348126251152607
2245 0.21265691275305632
2254 0.15590910753360734
2255 0.1515629099647149
2266 0.19606494064623148
2278 0.26539267959169
2279 0.27390105951406857
2280 0.26194513179732876
2284 0.26019015760171865
2289 0.27152835230837546
2293 0.21847858672313347
2299 0.20417008231109715
2300 0.20542202538743964
2301 0.18744536089916078
2307 0.19937827568170643
2310 0.19212554604418852
2312 0.1761461118426449
2314 0.17490939515968326
2321 0.15151064332120087
2322 0.14107044514932884
2326 0.14798597050467455
2329 0.15017627047954268
2331 0.15645840780584136
2337 0.22112621644790462
2340 0.21535512159587422
2346 0.24655775170114644
2350 0.23614104261224966
2361 0.304472417316617
2362 0.3008916822116047
2367 0.28562675495092305
2370 0.2749847037709293
2372 0.2911025533549675
2375 0.29037217503792667
2376 0.296210396949302
2377 0.3185139729705591
2382 0.35442067745904465
2383 0.3453115385296474
2387 0.32900410526477525
2389 0.33530784699255034
2391 0.32746276261746055
2395 0.3972439244622415
2405 0.3940867448865355
2406 0.4018192539903539
2410 0.40857073844925834
2412 0.4127616335562436
2415 0.3785143918479349
2417 0.3738264673415941
2422 0.37581635694654975
2424 0.37029486254189514
2425 0.35565647363049563
2426 0.35174251548818064
2438 0.3575423218403351
2449 0.37734055439102393
2450 0.3764344873630091
2457 0.37004797794123373
2458 0.3610409417861075
2465 0.38895811901444155
2475 0.4372352070143571
2482 0.4318626186538971
2485 0.4269477370671604
2491 0.461595158024916
2498 0.5097722240987749
2509 0.5240697793383022
2511 0.5396078601368666
2513 0.5380311591034336
2520 0.5440042268761529
2525 0.49780969274487524
2531 0.492728542080716
2537 0.48403266192805383
2538 0.4873759466171691
2551 0.48675597055810654
2555 0.47744584776023236
2556 0.47819616756178773
2566 0.4699633113386526
2569 0.483050689863716
2573 0.4869112503237741
2576 0.47951049006528024
2579 0.5051726162568116
2583 0.5238067590741625
2584 0.5236327788029063
2589 0.5029056939631831
2592 0.5025377035698186
2594 0.48607550391304377
2596 0.4915294302206073
2599 0.48258131839801865
2628 0.4416920405787586
2630 0.43892483568223883
2638 0.42904804630853643
2652 0.4448443504747826
2661 0.45131047228548216
2677 0.45497476707833684
2687 0.4402658528563768
2706 0.40283786157977314
2710 0.38512247422290824
2712 0.37974709788559663
2717 0.3965332348524396
2720 0.40826263229321635
2727 0.3900142939398895
2728 0.39111495315138267
2729 0.4010392109138937
2742 0.40100925141528193
2743 0.3999748268384135
2748 0.3743155829489571
2756 0.39300202658009376
2763 0.4037797972542247
2771 0.39253692810545304
2772 0.3868375454155102
2777 0.3701144850231372
2781 0.3790527616539195
2782 0.3772734435835592
2794 0.39157517732883645
2796 0.3916861947801934
2804 0.3652251074813652
2807 0.34769019491145103
2809 0.3419811562822074
2816 0.34647413629611123
2820 0.38295098322434745
2824 0.36351790356820257
2831 0.36303409640620304
2836 0.3364208248547172
2838 0.3337431126699851
2841 0.3387865264037652
2845 0.3554966761775405
2847 0.3597702392577239
2852 0.3966171920095701
2859 0.4086000108156445
2861 0.4049439664316626
2862 0.3965610402574709
2877 0.38621269402361535
2878 0.3755200062476497
2885 0.39707007102041975
2886 0.39791762028677735
2887 0.3911016084358313
2890 0.3789425672469479
2898 0.3670184080539399
2904 0.3768951582325294
2908 0.4099306310530522
2910 0.4048943490197213
2921 0.38027070313850553
2922 0.3976800579512838
2924 0.40833657945309715
2927 0.417413210802662
2932 0.4385223993693515
2933 0.4402954753132032
2937 0.4302135417449922
2942 0.43059250585084297
2945 0.431189324688321
2956 0.42447313420007127
2962 0.42954667305041855
2963 0.4273036107938969
2968 0.4202947230430599
2978 0.5069402708083203
2979 0.5047319895531219
2982 0.49197410091477284
2983 0.4861572780602303
2987 0.47601096769369694
2988 0.4824872737268016
2990 0.47985644808834255
2994 0.47684409708662995
2995 0.4658735821771897
2999 0.4770914933911155
3002 0.4605907104549996
3014 0.427729506264763
3015 0.4362792134312561
3023 0.4065631782298128
3028 0.4023983038433809
3029 0.41007496452909414
3034 0.4291972093690117
3037 0.42154210223267424
3038 0.4144810644731317
3055 0.34232824139897633
3058 0.363718080428942
3062 0.3854612694473342
3064 0.37070349789744655
3065 0.3741491683564021
3066 0.3587446307843448
3071 0.36481426450167054
3076 0.3797857852272207
3081 0.399159276292779
3084 0.4153223994762382
3088 0.399716672598534
3105 0.37772204679091403
3113 0.39388624573525416
3131 0.37034294338303275
3132 0.35884885183955156
3139 0.3455800089528904
3141 0.35361906345730837
3146 0.3467373327613957
3156 0.35047404090903966
3162 0.3762330808426619
3168 0.3750617031585075
3169 0.3642310720453896
3171 0.38029464181335276
3175 0.3491149278916354
3194 0.42657475557295893
3202 0.3938681925258355
3206 0.4229607473125969
3210 0.43563196805158116
3212 0.43073590277180074
3220 0.44501456540627754
3221 0.4458361000328345
3225 0.46472994297554154
3228 0.45170862255361005
3234 0.4429899304466338
3250 0.47358002121393045
3252 0.4881929670065648
3258 0.4959651527303494
3259 0.4792666697731464
3264 0.46104302472487474
3269 0.4707945259473234
3277 0.47579336835908204
3283 0.4383874035630681
3285 0.42038203135048013
3289 0.39663774606713154
3290 0.4086372183667935
3292 0.4335080390151408
3301 0.4698171003672682
3303 0.47033570825777055
3307 0.4962888221314826
3324 0.5031432510215482
3328 0.5095232568645817
3333 0.584848715072475
3341 0.5720670004089338
3346 0.5637257313376031
3347 0.5729475137363201
3348 0.5662557725533527
3349 0.5511501704987295
3365 0.4606554329545401
3373 0.4860247793390553
3374 0.4745609882483267
3385 0.5119458011030057
3389 0.5181105398829601
3398 0.5301830695848087
3400 0.5258549746903892
3404 0.5422557632375623
3412 0.5955197386875679
3425 0.6125560954809903
3435 0.601012076818105
3440 0.5917337787307713
3445 0.6038182434388175
3457 0.6555193833911098
3459 0.6695987166646828
3462 0.6761454044422369
3471 0.6641785930161651
3475 0.6967357451338095
3483 0.7052832693273062
3484 0.7107388162946703
3485 0.7134336783798318
3493 0.7221295791415858
3499 0.7546055215748223
3502 0.7542573660637543
3506 0.7576430301016163
3508 0.7767900485127406
3512 0.7496727102677266
3514 0.7431372652627518
3531 0.7468061201794027
3537 0.7558596354724331
3544 0.7616785282389898
3559 0.753432555853325
3562 0.7670825891006805
3571 0.7570220046482392
3574 0.7480094161672592
3575 0.7441462715820039
3576 0.7419422153663978
3595 0.8470064756522194
3597 0.840151545844707
3600 0.8419652116030111
3602 0.8382268233819041
3605 0.855473609576507
3607 0.8663780277141736
3610 0.8534834497665628
3614 0.8447012751733541
3615 0.8425372361642238
3617 0.8449669782470618
3621 0.8508762850094511
3630 0.8697292895169432
3632 0.8792094585263054
3641 0.838821605257671
3643 0.8424565979798891
3648 0.8573443141895151
3651 0.8831161288728543
3655 0.877601546156542
3663 0.9252558721969796
3666 0.901936787007318
3669 0.8893810203798891
3674 0.8971052525854538
3681 0.9045330929982676
3683 0.8916083258754806
3689 0.8867639535947615
3691 0.9012666181725255
3694 0.8928155246271504
3700 0.8525037743534745
3705 0.8381890256120691
3708 0.8736035415629401
3711 0.8524899445121347
3713 0.8468574736169127
3718 0.8671450496424575
3719 0.8669139162145727
3720 0.8687754523964873
3725 0.8950333381334603
3727 0.8726227650580016
3735 0.8764982353394709
3736 0.8736623491356069
3737 0.8665987403643484
3740 0.8514552337081608
3753 0.8523908926250595
3754 0.854601855165225
3756 0.8493566021296226
3769 0.8645977662402083
3771 0.8884433174454857
3773 0.9055734050737801
3775 0.9185047292790265
3786 0.8913093373805442
3787 0.8878107746316212
3794 0.9216907078349641
3798 0.9231976528252814
3803 0.9247025831107004
3808 0.9448596330040254
3814 0.9519940117514473
3820 0.9612514060362848
3822 0.9594126430208768
3824 0.9637919718772372
3826 0.948106136753027
3830 0.9292782945218145
3846 0.9153594754493672
3849 0.9318520072015489
3851 0.9565580126985579
3859 0.9847153847068212
3873 0.9935351418250685
3893 0.8842787243872712
3898 0.8713642344048297
3900 0.8652792933564998
3904 0.8905080959585147
3905 0.9041657458954534
3908 0.9005472705998848
3910 0.8919140566770745
3913 0.8916740003329535
3916 0.8658208250487207
3925 0.9004704340972474
3928 0.8907113434347197
3933 0.8784955568303745
3938 0.8564287133822476
3939 0.8444693080778466
3947 0.8236533853443654
3948 0.8134136200800063
3950 0.8109686937560046
3954 0.7965664256409045
3959 0.8050439745826521
3960 0.8144576814781783
3961 0.8202642255076714
3963 0.8220815565815806
3965 0.8234795285015704
3966 0.8184239982405132
3973 0.7850767364898648
3983 0.6992079935084723
3988 0.7335597110247095
4001 0.7173910130958482
4009 0.7661948027075282
4017 0.7577018009802948
4019 0.7431502865270434
4025 0.7516658849170018
4035 0.734324541064199
4043 0.7121924692577801
4045 0.6943027742457668
4048 0.7060816493298365
4056 0.6474880621240147
4067 0.6681788766422088
4068 0.6767416014237697
4071 0.676048156306035
4076 0.6800459806366932
4079 0.6680248583079352
4081 0.6510312681580861
4088 0.6421368565024339
4097 0.603189854706843
4101 0.6164431661934173
4109 0.6458992940187327
4111 0.6353617051231052
4119 0.6059721929668411
4131 0.6041149837870579
4140 0.629356703869491
4148 0.6690217334609678
4155 0.7123519016124306
4179 0.6850579050226521
4186 0.6629801984261868
4188 0.6875448461979504
4189 0.6864639629633229
4193 0.6997610778236606
4198 0.6416404867574429
4207 0.6316039149886725
4208 0.6354533820639555
4213 0.6389485123225206
4214 0.6401482916659038
4216 0.6368230196326836
4235 0.5941634922779813
4236 0.5976734090239806
4237 0.5971361973701222
4239 0.6000750135901751
4245 0.5765319001481561
4246 0.5701840985883803
4248 0.5438839800671914
4254 0.5019018302357794
4259 0.4871747283502072
4273 0.5232118937140815
4277 0.5638986534256929
4282 0.5778265246992622
4283 0.5690426934655947
4288 0.53746442468277
4289 0.5227197538137869
4293 0.4961741223850691
4312 0.4125474177159456
4313 0.3995885211411446
4317 0.3724683109995449
4325 0.34868193899296696
4326 0.3416735804091495
4329 0.3308025919394596
4330 0.3402377674520766
4332 0.3177582182935275
4334 0.316108107738695
4341 0.32755909186848114
4343 0.30978202192228277
4347 0.30380909346375506
4354 0.29448718179937255
4357 0.29297286652874693
4365 0.3196769470548206
4379 0.3138790163850573
4382 0.30103863290951804
4388 0.28891906329144545
4389 0.2920833353348464
4391 0.29524888501376517
4399 0.321898616218907
4409 0.36288551251972684
4413 0.3645382176602746
4421 0.3372301819704529
4422 0.340152254761544
4423 0.3388646598614568
4431 0.3740999496728075
4439 0.40230229425323316
4446 0.43958994939204593
4450 0.4445769151750685
4458 0.44426003051245494
4469 0.4308819842465745
4471 0.45168245907513255
4489 0.4115034408945588
4490 0.40759535854392864
4504 0.3980842590691269
4509 0.4050984220303404
4512 0.3841219097043246
4515 0.40616622191610136
4518 0.3865381544067845
4542 0.38999213554635553
4547 0.43737128020944155
4559 0.46037865128816613
4568 0.45336085092788014
4569 0.4489584762747592
4574 0.4501383259669909
4580 0.5157217236450724
4588 0.5264667204631495
4593 0.5402698088269464
4599 0.5612483448168671
4601 0.5621491469506886
4604 0.5854473290891895
4614 0.566535008663996
4615 0.553786604678304
4633 0.482473777773775
4634 0.4859754673260639
4639 0.5083280361664609
4642 0.5104111396485174
4645 0.5146544474495588
4646 0.5106025050927211
4665 0.557378296506005
4674 0.5267188772382566
4678 0.5506306901234387
4687 0.5467668488862543
4690 0.5541859597852131
4691 0.5571615833611265
4695 0.555957123196762
4700 0.557884081635
4705 0.5341468993107107
4707 0.5332401983157121
4721 0.5437650987644006
4722 0.5566184454809417
4724 0.546792130062867
4739 0.5462557332052638
4746 0.5396194880168689
4748 0.5540595348025568
4752 0.547628655337847
4758 0.5140508770962764
4760 0.5058076139258838
4767 0.5082710823644693
4770 0.49212129794964077
4775 0.49191814256947025
4780 0.4652426796839577
4783 0.4756554356177056
4786 0.4352097043882235
4794 0.4207770884420701
4798 0.4160049296209126
4804 0.39240173568615605
4806 0.3968372211112863
4808 0.4026658684635575
4809 0.3987451410193668
4811 0.39402670387752375
4814 0.3745628276630488
4815 0.378552491520781
4817 0.3877090257557617
4825 0.37067931532443843
4827 0.3613534726024149
4829 0.3460301569003973
4834 0.32998137845719755
4839 0.31007035761118845
4846 0.2736453779727832
4851 0.218963568221564
4860 0.21863187408287926
4868 0.2331052005566458
4877 0.22663142696967045
4878 0.2205470782525818
4880 0.19022003050546382
4886 0.1715147062774992
4895 0.15906489727548115
4898 0.1654835954596474
4908 0.1862147091339476
4923 0.19422873052544873
4924 0.2028937453640192
4930 0.2404169969876007
4932 0.24661421231071817
4936 0.2556643989283568
4940 0.25581476426493155
4957 0.25764675147227273
4958 0.26500155159848426
4961 0.2803426798841241
4971 0.28533864007727616
4973 0.3075479965007539
4976 0.3212968889524712
4991 0.3051176002929886
