0 0.3075559712385814
3 0.3033749962873564
4 0.3066499127004164
5 0.3172173839471712
6 0.32307124511735125
9 0.3143775692454402
10 0.3106847299298156
12 0.30961798220150805
16 0.3138936354391025
18 0.3079120009036824
23 0.32154561793598685
24 0.3298883385668177
26 0.32230987168949443
27 0.2916841895940502
28 0.27808453028448427
31 0.2539984013048526
32 0.27280103192156935
38 0.3058453467184493
41 0.27262741869524537
42 0.25341955139199557
44 0.25074988622013644
48 0.22459355963277108
50 0.23635956826243
54 0.2454472984557099
59 0.23184846127477446
62 0.21570635776014144
63 0.2179488209979728
64 0.22679228449005523
66 0.2422544152177071
69 0.23281892570791884
70 0.232765111185151
71 0.22048578665692786
72 0.20174430242666647
74 0.20246197908459374
75 0.21013079858906455
80 0.23232771291918372
83 0.20821379474907487
85 0.19007716289101617
87 0.19005888573174942
89 0.18484909728955096
90 0.17605397216940508
94 0.17826157350091398
96 0.1714274490670278
97 0.16066791992697582
99 0.18126450389884272
102 0.1919627266407942
104 0.197569237104908
107 0.20602963466568044
109 0.2147371841000751
111 0.20262636735265208
113 0.21521413625989655
115 0.23372691674380486
118 0.2265988396239978
119 0.20524548040220505
120 0.20267492191791278
121 0.2128779409847257
125 0.19660905639396134
128 0.20994106041190708
130 0.21975327144830628
131 0.2277968709955846
132 0.23963390535411278
135 0.2490776463440316
136 0.25042401686534493
137 0.2516735721433138
138 0.25589012601372885
142 0.2545735995565003
144 0.25254958722277987
146 0.24465392702694921
149 0.26750584891890244
152 0.2625737017303615
155 0.26702451695156293
156 0.25548384392807133
159 0.29275331989589015
162 0.28936062716263705
165 0.2812255694396746
167 0.2806627057264579
171 0.28847976543099374
173 0.27332457410832406
175 0.26094989695195364
178 0.2627810977596625
182 0.25406219587354006
183 0.25357339524981726
184 0.2496846499545798
189 0.25954120228619243
192 0.234475010361216
194 0.2374598756171704
200 0.25144259740897756
201 0.24353222857653817
210 0.3076809536862588
214 0.3273606305501938
220 0.32313708713276196
221 0.32719884514125874
222 0.3179459391343082
224 0.3060509030261943
225 0.3035650826699618
228 0.32151658082630236
234 0.31430331529136285
235 0.32314600682334105
238 0.292475093969695
242 0.29936366974347706
246 0.3062865521115604
247 0.3064086845833326
250 0.32502652937482795
252 0.3469561094647976
253 0.3354989866455608
254 0.3383764366584666
256 0.3595424509420699
265 0.3247994859671062
266 0.3294983357356512
269 0.34132735263144787
270 0.3427086923708772
271 0.3514917266823854
275 0.3543528939551276
276 0.3544113505059411
277 0.3698099675532289
282 0.4106474835273985
285 0.43598383060142165
287 0.4226387267978874
289 0.428349188617783
297 0.4291891373088721
298 0.4367860327750354
299 0.43338593022345395
302 0.429644876964291
303 0.42548641589668573
307 0.4254368968605903
312 0.42892687398590534
313 0.43060003439267636
314 0.43683069917829964
315 0.43554633882076155
317 0.44324002622851555
319 0.4359912676868201
320 0.42354341139158747
322 0.4334069527828032
323 0.4414565172571857
329 0.4188284396276023
330 0.4203543278257397
334 0.44580125250347385
336 0.44571313650621225
337 0.4654095990608101
342 0.4691407799122006
344 0.47084203525053564
345 0.4665310333917488
349 0.4414228821559114
352 0.4210270592132928
354 0.4322534827055764
355 0.4462605953807317
356 0.44405074272737627
357 0.4420750169372485
359 0.4502287446359995
361 0.4521806079522304
362 0.453238769744313
364 0.45160811193191625
367 0.4358080593214512
368 0.43774723119380976
369 0.441954510165545
374 0.4511562179981894
377 0.45524277270247904
378 0.45810495090222325
379 0.4608031881306797
381 0.4617307680203157
383 0.4590834284164132
384 0.4623759180031585
387 0.4555237384126733
388 0.4560881504558212
389 0.46489092315300906
391 0.48892882361589196
395 0.4912249994231452
397 0.4894240973078648
400 0.482939958503713
401 0.480527706944873
403 0.4842651753489591
404 0.4899230112827773
406 0.5032143524499209
407 0.5216199766911231
408 0.536965244345067
409 0.5431315540821041
410 0.5424002472781475
413 0.5617906799457364
415 0.5552166836010515
416 0.5544787305706825
418 0.5522609975646497
420 0.5538975674958456
425 0.549999071665686
437 0.5478012730236848
438 0.5498973329622993
440 0.5495886239771927
441 0.5483107326434896
442 0.543574158324612
444 0.5523726264482681
445 0.5517847353759378
446 0.5492423484089629
450 0.5438025168204472
455 0.5645882472434173
457 0.5784526734191336
461 0.5731791120914063
462 0.5639648238321487
463 0.5598092629509552
464 0.562406236763209
465 0.5621782428051065
466 0.5532890861923422
473 0.5414649987554307
475 0.5517870751412991
476 0.5557253856314588
477 0.5605362418897621
479 0.5606963036447016
491 0.5322841190742501
493 0.5434126762970394
494 0.5481812805707073
498 0.5411693818117141
499 0.5523917063792679
500 0.5634597855103229
501 0.5725231617010357
502 0.5754833337166368
505 0.5474745387068889
509 0.5512157500232088
511 0.5317317009381294
514 0.5258137040503996
517 0.5074814206383208
520 0.5323349671614384
525 0.5171387364087612
528 0.5226800157345247
530 0.5264858423456286
538 0.561237986233542
541 0.5808558358542051
542 0.5946584109742458
544 0.6062971669809933
549 0.6020435115076763
550 0.6078710567522037
554 0.627916339549343
560 0.6622339343625924
562 0.6436969495829157
564 0.623937748375911
566 0.5968955202670954
567 0.5851489882497861
570 0.6208409998372365
571 0.6281745955063247
575 0.6213794801666026
576 0.6225820536279607
582 0.6339698630185313
584 0.6266613696877644
585 0.6282635788439372
587 0.6224541363782723
588 0.632107441283337
589 0.6254000172653867
591 0.6405853657217018
593 0.6601659244587241
597 0.6546216667453494
600 0.6601017829111064
603 0.6470475511945747
610 0.60425292583397
612 0.6211244356008725
617 0.6096860536572892
618 0.6144158928065562
620 0.627376893647555
627 0.5859054948862442
630 0.5874814282690944
635 0.5758456552866348
636 0.5844255808076432
642 0.5955511223598002
643 0.5919043099974429
646 0.6106632335450344
648 0.6225128590668554
651 0.62874069310371
652 0.6295742330191452
653 0.6294534292910715
660 0.6494205120108677
661 0.6462377743259933
663 0.6441382448934488
666 0.6550420534819201
668 0.6476636627649678
669 0.6466585568911892
670 0.6517642978901169
671 0.6547245289446127
675 0.6508342847480004
678 0.6303812139101561
679 0.6252907622191893
685 0.6113317238506693
689 0.5973933417061037
693 0.6138480172807187
694 0.6191280699391639
697 0.6134573396882455
701 0.617850729905673
702 0.6124458177534906
703 0.6016461583938383
705 0.5994832583910233
706 0.5855102639124365
708 0.5851631244449053
709 0.5807018697819172
710 0.5725077263405172
711 0.5530751878145951
715 0.527818348118424
721 0.5264794871092654
723 0.5399478932672477
724 0.5369609916106298
727 0.5194177300551132
728 0.5371152149551157
729 0.5306249391306146
730 0.5147048659100394
735 0.5164797405215019
736 0.521341107251833
738 0.5197361914719029
741 0.49749175020388536
752 0.5406434821592057
757 0.5120796447042626
758 0.5128328351206064
759 0.5024643494723557
761 0.4883054168082369
764 0.48267346535147265
765 0.49351437593312447
767 0.5080916422310252
768 0.5003243009532878
771 0.4661612751360687
774 0.4632146075279821
776 0.46454928572225934
778 0.4585108246739077
780 0.47334327352667804
781 0.4723868822665065
782 0.46199893733365244
783 0.45041276776837014
785 0.4527344972380797
786 0.4661647935870948
788 0.47817111973895476
789 0.4903710639426952
793 0.47915413310965654
794 0.4783070911724423
796 0.48555030691955925
798 0.514389781549458
802 0.5193571465996878
803 0.5250591623580648
804 0.5283002925109189
807 0.5254701830182053
812 0.5613767945072656
816 0.5506759501653136
817 0.5404713658600224
818 0.5338177019195701
819 0.5271032343480672
821 0.5097898730275859
826 0.5228708201760641
827 0.5202792100161349
828 0.5171413346666728
829 0.5124624801808728
830 0.5274244145382775
835 0.5118935418500197
838 0.5244756383484797
839 0.5220626541974377
840 0.5226752589385815
841 0.5201556461939515
842 0.5208032028723409
848 0.5032573124491121
849 0.5056861351217808
852 0.4714061662776992
853 0.47046072948230744
855 0.4708651285867313
857 0.485686182520229
860 0.5045776583884816
861 0.49338388191481153
862 0.4948500488803454
863 0.4998637917839011
864 0.5144763538707122
866 0.5017929736293076
869 0.5094714161291117
872 0.5215143384875108
873 0.5210382455658933
879 0.5181133983211084
882 0.4885860362581756
884 0.5002701486186285
885 0.509032938730211
886 0.5020253567148978
887 0.5138236920664535
888 0.5095440516118215
889 0.5102190622727484
890 0.5124703127309731
891 0.5153210376702747
897 0.4902035079639074
901 0.47039128584396617
903 0.47189209708089075
904 0.4669000214007896
905 0.4569526274106794
906 0.4555652014299584
909 0.4477515595063388
910 0.4461933663866321
912 0.4207697783442081
920 0.45210054060778687
921 0.4482522313455782
929 0.463145939135694
932 0.4692246555465017
935 0.4953192944353537
936 0.4877581212305185
939 0.5279408301468064
940 0.5122443251467783
941 0.5133108039917365
942 0.516770030670077
943 0.5076925967946482
944 0.505234606821147
945 0.49476947493794776
948 0.48481597278586197
951 0.4718680006821816
953 0.48657434162108637
956 0.5078181942668623
959 0.4968312586756757
960 0.5047010125618917
961 0.49603874895880823
962 0.4810512140343156
975 0.4595874641945164
980 0.45490453149869625
982 0.45470269107136135
985 0.4630388193491275
987 0.47308130528546416
990 0.4749818425093073
995 0.46285903128343436
998 0.4567656457369963
999 0.4597050120569325
1010 0.5340420169996801
1011 0.5245555375761439
1012 0.51433859077687
1013 0.513527323767031
1018 0.5153290050561118
1020 0.4890756872318594
1021 0.4835936228727779
1023 0.46205626496923796
1027 0.44937514537669204
1029 0.4501084943236092
1030 0.4539214648547295
1031 0.46317480153544827
1035 0.46457970813859745
1041 0.4559680877467361
1042 0.4568026304274389
1044 0.4541752686740631
1045 0.4486583412017489
1047 0.46107377366380903
1052 0.45224406313049204
1053 0.4654384243651772
1055 0.45023145515222657
1057 0.4266711098541329
1065 0.4295962809575341
1067 0.4396162978621845
1069 0.4551539923544363
1070 0.45454636598004533
1071 0.45592589799150446
1075 0.4376066874634
1077 0.4388278640413389
1078 0.43695182504663516
1079 0.44558866872339126
1084 0.43317744115308454
1086 0.40853027666769814
1095 0.41379027416626907
1100 0.4080050433350674
1103 0.4356992858237592
1106 0.42806198526764166
1108 0.3805831782662766
1109 0.37967732358938105
1110 0.3869933296007158
1112 0.38319628858031707
1114 0.38763066973460647
1116 0.41315011603035545
1117 0.4138404987453133
1118 0.41963966438360595
1119 0.4268785724306901
1120 0.4285719290899773
1124 0.4000183621051785
1126 0.4055803064561304
1130 0.36502771349319224
1131 0.37177438499911347
1132 0.3651432336135393
1134 0.35297832838669746
1135 0.34590469225767556
1138 0.3402675709313396
1144 0.3452882318426871
1146 0.3468990064352916
1147 0.33919801961963997
1150 0.3502992031668655
1151 0.34381574990256586
1152 0.3246345254500973
1154 0.3120584022183396
1156 0.33622182809902856
1161 0.3287186634997191
1162 0.34543112751299426
1163 0.3211721466175924
1167 0.3229945816483357
1168 0.33042430398883604
1172 0.32740775992549404
1174 0.32824712211590984
1176 0.3213222271205296
1177 0.32345545663210745
1179 0.3248895593694477
1180 0.33360460446431345
1182 0.3190125734587563
1183 0.3178320041898067
1184 0.31709020810710786
1185 0.32912328752474546
1186 0.3280297000350051
1193 0.31017851512749606
1196 0.311681440495655
1200 0.314048197665142
1202 0.31864592845597633
1203 0.32353256871760805
1206 0.3363167306662262
1210 0.34432421794304613
1211 0.3624542748805653
1212 0.3730581415443941
1213 0.37141396027622386
1220 0.38814567170842856
1221 0.4041625582544896
1224 0.41705381573626
1226 0.44211915791959944
1227 0.43867755326201685
1228 0.44028009068474844
1232 0.41090803421824984
1234 0.4062152176002509
1235 0.4145923769227888
1237 0.426359724852866
1238 0.42570594377074905
1242 0.4027522019682314
1246 0.3925834826223465
1247 0.39036031708996316
1249 0.38453620385778986
1252 0.39090064770322913
1253 0.39018470056188975
1256 0.3657838377070965
1260 0.37454702522177347
1262 0.3790370478756426
1266 0.3962399592737528
1268 0.3935296822515981
1269 0.3786497662717973
1273 0.3598140035400523
1278 0.338539023310412
1281 0.36301521692162014
1283 0.3697814165438224
1285 0.379473434255486
1288 0.3681071293589375
1290 0.3892706392854778
1291 0.38977207610197234
1299 0.3792922406396858
1300 0.37790632009845077
1301 0.36400728160246887
1302 0.35140304436775827
1306 0.3461833566016787
1307 0.33712489676024227
1310 0.34324323889309444
1311 0.34296515107959546
1312 0.35088403834725623
1313 0.334130777699585
1315 0.3333650966728001
1316 0.3252840794519993
1317 0.33407624244932954
1318 0.3398058365226508
1320 0.34166246670495115
1321 0.33873788847108327
1322 0.33510909550372026
1326 0.354646794460376
1327 0.3468411387661689
1329 0.3461598072442469
1331 0.36179557460441863
1333 0.36729912966512684
1334 0.3699883714916976
1335 0.37180881552941836
1341 0.36048116898920196
1342 0.360839558349599
1344 0.33917455867318336
1346 0.3139183477909744
1347 0.3175177734278483
1348 0.30600941923722574
1351 0.3197682476451687
1352 0.31707866397527146
1355 0.3101538239281265
1359 0.2912783826288571
1360 0.2853455207515033
1362 0.2892946929561727
1364 0.2966320935544153
1365 0.3000163174507173
1367 0.2816632982259595
1368 0.2698542988272952
1371 0.2674694577778199
1372 0.2673297475144086
1374 0.25535276092227704
1384 0.24853883193714943
1385 0.2562126248827591
1386 0.2595363483710342
1388 0.2790137194548603
1389 0.2779357551458034
1390 0.25535287696287634
1392 0.24068499105336644
1393 0.2289531780965152
1397 0.24258953474466907
1398 0.23732296874532396
1399 0.23473195732954927
1403 0.19443132352494596
1406 0.19487115746620612
1408 0.20635074954283278
1410 0.19791710851645264
1412 0.1932253541467721
1414 0.20493596030405595
1417 0.20196502705016423
1418 0.19736956684797616
1420 0.18219220084315432
1421 0.18555940018715641
1424 0.19316890433444242
1426 0.20376434746521407
1429 0.22466074777417244
1430 0.2326672592990046
1440 0.2144884447505271
1441 0.20901153699578756
1443 0.21370895802409848
1444 0.2066970814791353
1449 0.2090625478794717
1452 0.20823841737747706
1455 0.18732832881340963
1457 0.18154019174854708
1459 0.17386486916006785
1462 0.19344230505382023
1463 0.18585317201344986
1466 0.18516173500099828
1471 0.16622236430248627
1472 0.17575186470634577
1479 0.20352390789093402
1481 0.19004686826690653
1487 0.18759958876196742
1488 0.18906849216393634
1493 0.20523882825221595
1494 0.20500272083845564
1495 0.2140598143362414
1500 0.2451740626238301
1503 0.2099155452763302
1507 0.17537630989495415
1508 0.16120708911830312
1510 0.14893430986712708
1516 0.18128720674050058
1517 0.17506347168506264
1518 0.18689583690306005
1519 0.1864341734066495
1520 0.19865426279614962
1522 0.18045636811495724
1527 0.14331516238361006
1528 0.14465941631717208
1531 0.17013627370998732
1532 0.16885370377315487
1533 0.16679348026073929
1536 0.13808645249754165
1538 0.14185023569046154
1540 0.13963543993830474
1542 0.1611653093080072
1544 0.15662322399043035
1548 0.11330706132482346
1551 0.10664995508996603
1553 0.11706018769418178
1555 0.11553633341780063
1557 0.11738036293200961
1563 0.1566838515593151
1568 0.1399439642791167
1570 0.12540485050684233
1576 0.11733203742389427
1578 0.14196662306282504
1581 0.13266329423919265
1584 0.1302098633579315
1585 0.12982526845431916
1586 0.1366655637341375
1587 0.1284242203990416
1588 0.123777050135571
1589 0.1192898945913059
1591 0.1235393176775689
1595 0.11846483499694714
1597 0.1323865840946243
1599 0.1327508898139196
1606 0.10005384343582978
1608 0.10117161760163344
1609 0.1122711647218438
1610 0.12073483976304097
1611 0.12979447276535666
1612 0.12470947247273242
1619 0.11352212215968221
1622 0.11646318021165189
1624 0.10998312009209503
1625 0.10683666219289932
1626 0.11071876825266401
1631 0.12063755895419073
1636 0.0841270667276251
1637 0.0750799028915149
1638 0.08146832320381091
1639 0.09695696424295917
1641 0.08268480681057738
1642 0.09274404497528611
1643 0.09460912289825524
1644 0.08803892285853104
1645 0.0989278744103711
1646 0.09834011411128202
1649 0.07543603704999692
1651 0.07542195957620648
1652 0.08374612626235234
1654 0.09262573745028226
1658 0.09839465807922085
1659 0.10056999180718051
1660 0.09837843447897585
1662 0.08774398645531126
1668 0.09937031018873309
1671 0.08762288694167476
1672 0.08299600903126159
1673 0.0791342326159454
1674 0.08823153811254891
1678 0.04984970242256497
1679 0.05058166260806897
1682 0.07043474022757447
1684 0.06259018354444695
1686 0.06319327280889879
1689 0.08056305937250566
1690 0.0937283497696664
1692 0.0966294192421818
1694 0.10256105152681619
1695 0.1105873812929507
1700 0.1184770170211901
1705 0.0891236904678902
1706 0.07698136972762322
1711 0.05888252223025983
1712 0.05654922501363821
1715 0.05265478444902762
1716 0.03684635227081293
1719 0.027287972918691297
1720 0.0351261832891527
1721 0.0318046737883156
1723 0.05679519444986323
1724 0.04822925300506384
1730 0.011239605345427233
1737 0.01182306646880096
1738 0.019113010089060595
1742 0.04017353730384771
1745 0.042533007549835584
1751 0.04280654355460253
1752 0.04310454092988358
1758 0.007127499129337799
1759 0.023358523688822352
1764 0.026743471596031427
1767 0.04553932493504308
1770 0.02949738797674156
1773 0.02401096487576688
1776 0.010336277687258184
1782 0.02921652917959054
1786 0.04034698520419617
1792 0.040417985001748966
1795 0.042584905324833625
1796 0.038579273738739185
1799 0.046765491429515665
1800 0.03997120140365078
1803 0.010526742101175223
1804 0.0
1805 0.003086091231700795
1808 0.016190365154195373
1810 0.03395748720808172
1816 0.10277852093992765
1818 0.1125814605728678
1823 0.10236927512797377
1826 0.0921287209269079
1829 0.08931646538324944
1832 0.1011536877672996
1834 0.13404065583993324
1835 0.13385317958743934
1838 0.13474405151940222
1841 0.14611065035855927
1842 0.15167601752972346
1843 0.15015190670474438
1844 0.13626647508083864
1847 0.121854845867099
1848 0.12062020547236788
1849 0.12568013858974184
1852 0.13455643146638346
1858 0.12167404634947088
1860 0.14285715644613461
1861 0.15105162875892802
1866 0.17657973005037764
1879 0.2570103665912664
1880 0.26744291315117236
1885 0.2954650402659107
1886 0.2992519182602899
1894 0.36542971417059184
1895 0.3729805132813965
1897 0.3483856888087383
1901 0.3494346310566282
1903 0.3662652972506863
1905 0.37764577910460956
1910 0.3804162727574655
1912 0.36507837864540454
1913 0.3679748504525465
1916 0.3459963942791528
1917 0.3410681809257709
1922 0.3477883670032862
1926 0.3589253181272761
1929 0.3429722225251958
1931 0.33306254135349894
1937 0.35225054664072064
1938 0.34473732624646014
1939 0.3423442264045276
1944 0.4071519380721989
1945 0.419072390965649
1948 0.4085745661701984
1949 0.4162774882093317
1950 0.4186510589756341
1952 0.4172016085524306
1953 0.41357727826088764
1955 0.40617762591849166
1957 0.42052555807049086
1959 0.430068085874699
1961 0.42754088958719744
1971 0.4431129957638033
1973 0.4227259526933659
1979 0.3993694221634582
1980 0.41176792764518594
1983 0.4136685135952665
1986 0.4161394416093925
1987 0.40978120443744476
1988 0.400049279251606
1991 0.37618350465737166
1995 0.3785875553628641
2000 0.40310005598432985
2001 0.3955436308406185
2004 0.3782923532234358
2008 0.38019764236369286
2009 0.39398477048575226
2011 0.4383979418414152
2012 0.44803671483411894
2013 0.44646869673105943
2014 0.4358497804251347
2021 0.4480774692321799
2023 0.4564454248377438
2027 0.444432424311326
2028 0.43698648089545505
2033 0.42036879666198423
2036 0.43168196717333757
2037 0.4303302803679373
2038 0.43040335074526676
2040 0.4401233707010508
2041 0.4393447276037525
2042 0.43539221404175105
2045 0.4198943610435587
2046 0.4254532570165393
2048 0.41637651804642856
2049 0.4031845610849519
2050 0.40747188603418166
2053 0.39910724040663376
2054 0.4014914578186535
2055 0.4028785578600481
2056 0.41183625592232953
2059 0.43649571082828426
2060 0.4465600312440109
2061 0.44924508168081484
2062 0.43134021764076985
2065 0.41823981487511946
2068 0.4116461857147692
2072 0.37935588923067376
2073 0.3726427736611469
2080 0.37669633724966173
2081 0.3879463860931949
2082 0.38150278444694713
2087 0.3699789905997783
2088 0.3727600292578057
2091 0.3910254201653611
2092 0.39917324850340974
2093 0.3958939525761481
2097 0.38625724443720455
2100 0.3793861126700793
2104 0.3782758133375537
2105 0.38543027747258296
2106 0.3830940330884689
2108 0.3800821029799131
2110 0.37250637783809737
2111 0.3829801356258984
2115 0.39713028172151515
2116 0.396094973207099
2117 0.3997363549532394
2121 0.4184497182116268
2122 0.4107347200051768
2125 0.37897580458564245
2128 0.3796310325689239
2132 0.4133448056608272
2133 0.41681517354061004
2135 0.41636011558378944
2137 0.3937915552022874
2140 0.3761823978472202
2150 0.3799162077751831
2152 0.3830166231211392
2163 0.39560236123305886
2165 0.4102448984644538
2169 0.38921476268812566
2170 0.38537638761541243
2171 0.3732358492058001
2172 0.37781765451799276
2173 0.3846712923307101
2174 0.3954875846428714
2175 0.37627108964320244
2176 0.35998777639881346
2180 0.35890852458841843
2182 0.34619413651944925
2186 0.3395083475714351
2187 0.32395618717648705
2188 0.3248866126625489
2190 0.32383258901226053
2193 0.3314336129738243
2195 0.3252709254948441
2197 0.3332279845788476
2200 0.3231744926731501
2204 0.3007614226934879
2206 0.2749028048010148
2207 0.27724227313683164
2211 0.2702041612234618
2212 0.27334048783688336
2213 0.2802614140677528
2214 0.28793261249344054
2217 0.2919455207803098
2219 0.2985919187991024
2221 0.29688686927679114
2222 0.2910869200809148
2226 0.31227548257464094
2227 0.2864333891310317
2228 0.2813387008569923
2231 0.27981208470507946
2233 0.24906752299431895
2235 0.2504824607824994
2242 0.22287946513931486
2244 0.2117951267842581
2248 0.1923662885779572
2261 0.17399097165139707
2266 0.19606494064623148
2268 0.19469869060228556
2270 0.21115545655131213
2271 0.21135132283880376
2273 0.21759049848546377
2276 0.2572908421050308
2282 0.26305358461635714
2287 0.25000073294197306
2288 0.2598376421506905
2291 0.26082991151297397
2299 0.20417008231109715
2300 0.20542202538743964
2302 0.18380124214956214
2304 0.19796873160989192
2306 0.18575524886550482
2307 0.19937827568170643
2311 0.17165233791045836
2313 0.17770967740134455
2315 0.16123950436876694
2317 0.14928966863034493
2319 0.15157985683892267
2325 0.1543180223564962
2330 0.15919046945170945
2331 0.15645840780584136
2332 0.1765618949505651
2334 0.2080774271051728
2335 0.21746340548720527
2337 0.22112621644790462
2340 0.21535512159587422
2341 0.2218344053791935
2346 0.24655775170114644
2349 0.24128464640465497
2354 0.2590015473791211
2355 0.26595656641721155
2362 0.3008916822116047
2363 0.2930227238828916
2365 0.28685783493218736
2367 0.28562675495092305
2371 0.2873724028241457
2376 0.296210396949302
2382 0.35442067745904465
2384 0.3470041037560506
2388 0.3227469434918751
2390 0.32666326472065865
2391 0.32746276261746055
2393 0.36250603035944334
2394 0.3810888280901358
2397 0.3830461725668636
2400 0.3901306775491645
2403 0.384727407155159
2404 0.3880728288802251
2406 0.4018192539903539
2407 0.40157332759962483
2414 0.38578137440770344
2416 0.36569627282130246
2422 0.37581635694654975
2423 0.36488956318084764
2424 0.37029486254189514
2428 0.34668865702102575
2430 0.35440279531100555
2431 0.35365241922000495
2434 0.36891141024923635
2435 0.37205383082957616
2436 0.37827647270163667
2437 0.3727120118243595
2439 0.3351563880881706
2440 0.3228208737174978
2444 0.36610345654842436
2445 0.3608316617532381
2451 0.3744095570102718
2453 0.36570812623545906
2456 0.3739058380935229
2463 0.38502733963202734
2464 0.3881294113744896
2466 0.39203910694147087
2469 0.4056015983278443
2471 0.4045881482279126
2472 0.40044950676529945
2474 0.42270989605287085
2476 0.44356709193763605
2479 0.45142380026200474
2480 0.43866606534634583
2484 0.4420642201123155
2489 0.4522856880162809
2490 0.4613268470837302
2494 0.48692991839151
2497 0.4987598224206885
2500 0.5123196798950489
2501 0.5162393215643586
2503 0.5072856893729949
2505 0.5114572439699889
2510 0.5350130844556046
2511 0.5396078601368666
2513 0.5380311591034336
2514 0.5380657075628625
2515 0.5384989707235636
2522 0.5289563749543951
2524 0.5118700734242349
2525 0.49780969274487524
2527 0.49822302050890543
2529 0.498137321172782
2533 0.5009127321861221
2538 0.4873759466171691
2540 0.47828610480302514
2541 0.48727640382713755
2542 0.490548373508947
2545 0.47025090305159184
2551 0.48675597055810654
2555 0.47744584776023236
2556 0.47819616756178773
2557 0.4727956101193827
2558 0.4818580128462321
2560 0.4856269105185321
2562 0.47705907481820764
2563 0.4715855999124073
2565 0.46446016315055816
2568 0.4795578458151356
2570 0.4833158902759858
2574 0.4828197580737846
2576 0.47951049006528024
2577 0.49462429830793797
2579 0.5051726162568116
2581 0.5075317017140376
2583 0.5238067590741625
2586 0.5141633622341532
2593 0.4867485401082439
2594 0.48607550391304377
2597 0.4853114661663445
2600 0.47437186220443445
2603 0.48052603830072543
2616 0.4496517615394448
2618 0.4549229625649485
2622 0.4658870091291787
2623 0.4721942098959226
2626 0.45684053168308775
2628 0.4416920405787586
2629 0.4368366511041922
2630 0.43892483568223883
2631 0.44422034892318646
2632 0.44567296001626444
2634 0.45017252900590055
2636 0.45447168937053556
2637 0.4443557748893627
2641 0.413260903569678
2642 0.4203112785631382
2643 0.42435329000594346
2646 0.4284081222246699
2653 0.44532888467194603
2654 0.4365160064049286
2658 0.4292672742252813
2659 0.4295021474008473
2660 0.4464533956629111
2661 0.45131047228548216
2662 0.44583452641973964
2666 0.4353487386832007
2667 0.443993338978221
2669 0.45191437350495417
2670 0.4618050306445611
2671 0.46363412439731233
2672 0.45111106038488463
2675 0.44407895489166316
2676 0.45973184213224777
2682 0.4509958470201143
2688 0.4305215153795214
2689 0.42692486037269806
2693 0.40486882882726893
2695 0.41388717649106943
2701 0.41815706486944715
2703 0.4265698482461091
2704 0.42432886921122165
2710 0.38512247422290824
2711 0.3873866962887763
2712 0.37974709788559663
2713 0.3939700814759375
2715 0.3936456438641577
2725 0.38873315367188066
2727 0.3900142939398895
2730 0.404883733830684
2732 0.39907625461530494
2734 0.43159077345791635
2736 0.4472702350991594
2737 0.44419582127596713
2738 0.4254710980592761
2740 0.4090559712503267
2742 0.40100925141528193
2745 0.3861544742776624
2747 0.3855772272685243
2753 0.38717258061256
2757 0.38917726727380275
2760 0.39007782087220455
2761 0.3882249170458844
2762 0.4009618402049056
2763 0.4037797972542247
2766 0.39370115302412484
2773 0.3777440178338794
2774 0.36883186837705106
2781 0.3790527616539195
2784 0.37098474941971293
2785 0.37850777062279867
2790 0.3699546842409278
2791 0.3690944213930413
2794 0.39157517732883645
2795 0.40085472293860164
2798 0.38782887441264635
2799 0.3733949277312997
2801 0.37973907039872906
2802 0.377374441005037
2808 0.34584793080157283
2811 0.34077954700114854
2812 0.3359240739488344
2816 0.34647413629611123
2820 0.38295098322434745
2823 0.36760748928454495
2829 0.3564765778923357
2833 0.3501180874539615
2834 0.34043710927449
2835 0.33099536508570604
2836 0.3364208248547172
2838 0.3337431126699851
2839 0.3334139461408659
2843 0.33958503979947297
2844 0.34927577045899744
2846 0.3507648475020279
2847 0.3597702392577239
2848 0.35759530299715375
2849 0.3720785062435203
2851 0.39697033663176007
2853 0.39681680960328947
2859 0.4086000108156445
2860 0.40753682025188676
2862 0.3965610402574709
2863 0.3937456231651389
2866 0.389940728899805
2869 0.41010475957084
2870 0.41986323042559903
2872 0.41655541714365435
2873 0.4169331790842056
2874 0.41632136511955337
2879 0.37758391988433065
2881 0.3852728229972119
2883 0.40770535856282786
2884 0.40346792145729404
2887 0.3911016084358313
2888 0.3825195943271661
2892 0.36857874337756347
2894 0.38084729315422117
2905 0.38449564955052523
2906 0.3975804822790154
2909 0.3962229224332186
2913 0.40999001178863964
2914 0.4000724519820397
2916 0.3775023290927908
2920 0.38287252849127174
2921 0.38027070313850553
2922 0.3976800579512838
2925 0.40555940879644325
2926 0.41093037021202666
2932 0.4385223993693515
2938 0.4378775047339055
2941 0.4303992683795084
2946 0.438888576772361
2948 0.4277447815511445
2951 0.4369406875751037
2953 0.42018901031721273
2954 0.4163693959996584
2956 0.42447313420007127
2958 0.4376626828157434
2962 0.42954667305041855
2966 0.42867015059930336
2969 0.42478339261461195
2971 0.43796562464491867
2973 0.465399610186988
2975 0.49542602516160067
2979 0.5047319895531219
2980 0.4973532064335628
2981 0.49779306718983474
2984 0.4873282111904839
2988 0.4824872737268016
2996 0.4609553109090927
2998 0.47866211596544056
2999 0.4770914933911155
3002 0.4605907104549996
3005 0.4527755431028851
3006 0.4475560324921034
3009 0.4319709087960091
3011 0.42188444642440687
3014 0.427729506264763
3015 0.4362792134312561
3020 0.415692332258002
3022 0.41027213587897055
3023 0.4065631782298128
3024 0.392632161413042
3025 0.3998187660157029
3026 0.3989576400516455
3029 0.41007496452909414
3033 0.42938753317219736
3035 0.43139661485934594
3038 0.4144810644731317
3041 0.39538245523134863
3046 0.3649257622236492
3050 0.34715428919408153
3052 0.3331419612519916
3054 0.3464029269326247
3055 0.34232824139897633
3064 0.37070349789744655
3068 0.3659494982004916
3070 0.3707319900272533
3071 0.36481426450167054
3074 0.366762401327343
3075 0.36338281763199826
3083 0.3926839902999248
3085 0.421745007279618
3088 0.399716672598534
3090 0.40086303582099925
3092 0.40000636017567015
3097 0.4068280583300647
3098 0.38930781838107054
3104 0.372831147613429
3105 0.37772204679091403
3108 0.3819953287839229
3110 0.38229340789628724
3111 0.38146210217065907
3113 0.39388624573525416
3114 0.39460419984769995
3115 0.4100999193283517
3116 0.39273867710665644
3120 0.3925242094869361
3124 0.36824400392599055
3125 0.36172396273661617
3126 0.3675560893872942
3130 0.3818436381625642
3131 0.37034294338303275
3133 0.36237397879692146
3134 0.3572344863154974
3136 0.3551212724562834
3141 0.35361906345730837
3143 0.35875380950426183
3145 0.33585203565499894
3146 0.3467373327613957
3150 0.351992231270566
3154 0.3542571080294477
3155 0.35355456439758925
3158 0.3487253110722593
3159 0.35226307544926516
3160 0.3614029466702047
3167 0.3647060715492343
3168 0.3750617031585075
3170 0.37799296994450116
3172 0.36145442588839927
3173 0.3530995207995559
3180 0.3435089355164326
3184 0.3342921566335263
3186 0.3372251266729975
3188 0.3788347505169776
3189 0.4004689589401513
3190 0.4064544492356618
3194 0.42657475557295893
3195 0.4104535334669229
3198 0.40668778493084284
3199 0.39568665279148396
3201 0.40089866833076676
3204 0.40951415544983666
3208 0.42658651397707703
3209 0.43265065477524095
3217 0.4271321032342181
3218 0.4330133530482289
3219 0.4422995024975653
3225 0.46472994297554154
3226 0.4549263256585919
3227 0.4480893774013435
3233 0.4518975262137301
3234 0.4429899304466338
3235 0.453786297004906
3237 0.46246205235083376
3238 0.4550113715043664
3240 0.4734113733745158
3241 0.47919722323706726
3243 0.4694715639329909
3248 0.47642287200661154
3254 0.49873338137242235
3257 0.5031370424857712
3261 0.4659956372382997
3267 0.457005907455674
3277 0.47579336835908204
3278 0.47743045310250243
3282 0.44312300779089875
3284 0.43079527021558744
3290 0.4086372183667935
3291 0.4279005050112127
3296 0.4566556968168491
3297 0.46753672282560893
3300 0.46378105024822347
3306 0.49452258796703247
3307 0.4962888221314826
3308 0.5124343906029709
3310 0.514666841613544
3311 0.5256078328682511
3312 0.5183035939550438
3314 0.540871443903051
3317 0.5190099864077861
3318 0.516200029765441
3319 0.5176922108016034
3321 0.5217467978603569
3323 0.5087222933189214
3324 0.5031432510215482
3325 0.50414910710089
3328 0.5095232568645817
3329 0.5272588495770328
3332 0.566651063203469
3335 0.5893832154927661
3336 0.5892774594352479
3337 0.5807364549497209
3338 0.5813249047964748
3339 0.5744792844543679
3341 0.5720670004089338
3343 0.5547999702943835
3344 0.5552834941071525
3345 0.5575073480269861
3347 0.5729475137363201
3348 0.5662557725533527
3354 0.5391337849553112
3355 0.514346742013065
3356 0.4992340680733565
3358 0.5009670385951464
3361 0.48893250143147265
3363 0.4807815566824745
3365 0.4606554329545401
3366 0.4663728493726822
3369 0.4919334504143856
3370 0.4847971074490909
3371 0.49653547506081946
3373 0.4860247793390553
3375 0.4814066463975957
3381 0.5077703630413503
3383 0.4991227588823266
3385 0.5119458011030057
3390 0.5130832088156699
3392 0.5115954240380296
3394 0.5155473404493465
3396 0.5116209307833987
3397 0.522334380959824
3400 0.5258549746903892
3401 0.5299030569285333
3403 0.544113083964593
3405 0.535193583269972
3406 0.5449771994273083
3409 0.5515542587952771
3414 0.615930172159809
3415 0.618992184873162
3417 0.6122214555930233
3418 0.6087617506596352
3419 0.6040020360411277
3421 0.5875831223739696
3422 0.6020354449543726
3424 0.6066580461944234
3425 0.6125560954809903
3428 0.6184677440311318
3429 0.6150519707997669
3431 0.6072731933917722
3434 0.5903149820727412
3435 0.601012076818105
3436 0.6031903465470563
3437 0.6008572693728572
3443 0.5953637113391508
3444 0.5974325107448589
3446 0.6151478528601042
3447 0.6181832590561461
3448 0.62811738328172
3449 0.6365135221457946
3451 0.6558697028501873
3452 0.6552414997043595
3453 0.6487427224678396
3456 0.6625374101127431
3459 0.6695987166646828
3460 0.6757326753982176
3463 0.6799612139745524
3465 0.660572670064951
3467 0.6458762597443809
3471 0.6641785930161651
3473 0.678730617018494
3474 0.6924755123475123
3475 0.6967357451338095
3476 0.6800797114111239
3479 0.694342401178743
3480 0.7046050349363552
3485 0.7134336783798318
3487 0.7269115823570844
3488 0.7247333694028171
3489 0.7209356330088488
3490 0.7099439732586604
3491 0.7103757355704099
3492 0.7068726699488547
3495 0.7486841743433744
3498 0.7554239908254278
3499 0.7546055215748223
3501 0.7555632189767987
3506 0.7576430301016163
3509 0.7673142179809723
3511 0.7504927222645038
3513 0.748235340786258
3514 0.7431372652627518
3516 0.7602029397162803
3518 0.7461384458482322
3525 0.7806051385867471
3527 0.7731115921296077
3528 0.7756181691582265
3531 0.7468061201794027
3535 0.7627423496900207
3536 0.7540059510334008
3537 0.7558596354724331
3540 0.7745221350065248
3552 0.7438950773727004
3553 0.7410360046728895
3556 0.7450362743171987
3557 0.748807659838177
3564 0.764816840738829
3566 0.7785506342476793
3567 0.7704405482863836
3577 0.7467906296937599
3578 0.7428573498953391
3581 0.7612099163742965
3585 0.7755354590005066
3586 0.7918792947622589
3588 0.8173291204697086
3592 0.8302422934391606
3595 0.8470064756522194
3596 0.848821963838631
3599 0.8466516586075166
3601 0.8457916009311476
3602 0.8382268233819041
3609 0.860885523005564
3614 0.8447012751733541
3615 0.8425372361642238
3618 0.8423004557292298
3619 0.8544782493408788
3623 0.8441704177002083
3628 0.8876084191825862
3631 0.8853711215920833
3632 0.8792094585263054
3637 0.8357255863478692
3638 0.8382874730472657
3645 0.849572917529915
3650 0.8720783914046528
3652 0.8805856676961268
3654 0.8750820732060766
3655 0.877601546156542
3658 0.8867619488447344
3659 0.8891609431105281
3660 0.8859524613500993
3661 0.9022181185282439
3664 0.9373114011108521
3669 0.8893810203798891
3670 0.8951592250207586
3672 0.8975970224572055
3673 0.9016196891350131
3677 0.9121187797071993
3683 0.8916083258754806
3687 0.8904044142363142
3688 0.8828556252768437
3691 0.9012666181725255
3695 0.891474967917429
3696 0.8746115200057661
3697 0.8793582909047961
3698 0.8873698148715892
3699 0.8653540071591228
3700 0.8525037743534745
3702 0.8480940592139306
3704 0.8376680563020887
3706 0.8532301178061925
3708 0.8736035415629401
3709 0.8718122732029905
3712 0.8436144621381628
3713 0.8468574736169127
3715 0.8448720474605685
3717 0.8619746440618065
3718 0.8671450496424575
3721 0.8757789697496766
3723 0.8968405646580563
3726 0.8831151337650404
3733 0.8838583524100203
3734 0.8868661156224341
3741 0.8517510563899855
3743 0.8557122992772037
3745 0.8617812121729488
3759 0.83929634757983
3760 0.842733873298431
3761 0.8358213137242895
3771 0.8884433174454857
3773 0.9055734050737801
3776 0.9274084090392104
3777 0.9341184073763865
3779 0.9305801247266985
3782 0.9232385919518333
3787 0.8878107746316212
3792 0.9084435782976154
3795 0.92492484192922
3797 0.932152958210541
3800 0.922956663761506
3802 0.9240132176324511
3803 0.9247025831107004
3806 0.9283202935293798
3809 0.9320982013591762
3811 0.9449714105184069
3816 0.9654693492234666
3818 0.9504157510436699
3828 0.9467447132628785
3832 0.9354806865679591
3833 0.9329634198541639
3834 0.9196903017649496
3835 0.9358143533064471
3839 0.9353484697546555
3841 0.932482886466291
3848 0.9293469313765567
3854 0.9704489368664813
3857 0.9807872296287774
3859 0.9847153847068212
3863 0.981754576787748
3865 0.9851886294892731
3867 1.0
3868 0.9973674050866168
3869 0.9953202180236926
3870 0.9928117873543647
3871 0.9824496433357244
3872 0.9918694321127649
3873 0.9935351418250685
3876 0.9625408808768285
3882 0.9248129228267566
3883 0.9173021192441573
3886 0.9326029406748224
3887 0.9309664313244428
3890 0.89384588290154
3892 0.8959477401659347
3893 0.8842787243872712
3896 0.8744626511183735
3899 0.8773543071824843
3901 0.8765731038123179
3902 0.8940177113743415
3903 0.8902155140432216
3904 0.8905080959585147
3906 0.9007444849924312
3907 0.908703782383832
3910 0.8919140566770745
3911 0.8817824167277499
3920 0.8898753491066164
3922 0.9121176621892082
3925 0.9004704340972474
3926 0.8940607041701623
3929 0.8898870294620751
3932 0.8731120035661174
3933 0.8784955568303745
3936 0.8923411973887478
3939 0.8444693080778466
3940 0.8328215923336041
3941 0.8171829902563877
3944 0.8207358660442242
3946 0.828644362119894
3947 0.8236533853443654
3949 0.8156949526008415
3950 0.8109686937560046
3952 0.8089333338579602
3955 0.8066276239240072
3956 0.8111321957263059
3958 0.7993020717055981
3961 0.8202642255076714
3963 0.8220815565815806
3964 0.8082910594109107
3966 0.8184239982405132
3969 0.7908809731409734
3972 0.7854965106460642
3974 0.7641157729464352
3975 0.756565235473888
3977 0.7490398177617743
3983 0.6992079935084723
3984 0.7015138266276644
3986 0.7163587399783078
3988 0.7335597110247095
3989 0.7301738837068313
3993 0.6875887132681151
4000 0.7239932513623851
4001 0.7173910130958482
4002 0.7309791113954195
4003 0.7411264480148726
4005 0.7482743273808493
4007 0.7693973583926608
4010 0.7555270045821169
4011 0.7602067767597438
4013 0.7593408254256551
4014 0.7565941434103625
4015 0.7572878112799721
4016 0.7562139585175154
4018 0.748672087698893
4019 0.7431502865270434
4020 0.7473074088674265
4026 0.7487489593957194
4028 0.7422115046726535
4030 0.7388029264163353
4031 0.743062497312269
4034 0.7432101611893829
4038 0.7148894669900484
4042 0.7121743299795832
4044 0.7061162093118099
4045 0.6943027742457668
4046 0.712555615232259
4049 0.6863215300880311
4052 0.6634550812917592
4056 0.6474880621240147
4057 0.6416179135236273
4061 0.6591429061015377
4074 0.6729972806071485
4076 0.6800459806366932
4077 0.6841707716740787
4079 0.6680248583079352
4080 0.6694116244583561
4084 0.6377804204492631
4088 0.6421368565024339
4090 0.6332635836046328
4091 0.6298420220121613
4092 0.6333435963307272
4094 0.6187195287337856
4095 0.6220933726980886
4099 0.6046884605502566
4100 0.6107565539103477
4103 0.6122889015286523
4105 0.6135420622434653
4108 0.642380019946778
4109 0.6458992940187327
4113 0.6318959350471051
4114 0.6352630655643765
4118 0.6050896820707361
4119 0.6059721929668411
4122 0.6072972074591144
4124 0.6102549988119774
4125 0.6118848958907932
4128 0.6168088872255076
4130 0.6018170140123722
4137 0.6337604213960627
4139 0.6226133075383188
4143 0.6267848710835027
4145 0.631588813224698
4149 0.6786895803528523
4151 0.6979097266839132
4152 0.7052819794736194
4157 0.7277275043286809
4163 0.7240377452300738
4164 0.7235054636746299
4166 0.7023126689217675
4167 0.6944510661274718
4168 0.6951634405013228
4176 0.6710199307181739
4177 0.6745363746021725
4179 0.6850579050226521
4180 0.6780570483899112
4181 0.6626694455415743
4184 0.6692297913333208
4185 0.6691881427354934
4188 0.6875448461979504
4190 0.684144422448577
4192 0.7010409833140111
4195 0.6639864356727257
4203 0.6494027785360332
4204 0.6509374162974839
4206 0.6356658319229087
4207 0.6316039149886725
4208 0.6354533820639555
4210 0.6422555434005834
4211 0.6365882058038388
4212 0.6431185645411875
4213 0.6389485123225206
4215 0.6451640814135311
4218 0.6318454441557279
4223 0.605899975636995
4226 0.6074403655700014
4228 0.6207223235244873
4229 0.6150821153300828
4230 0.6040235921346225
4233 0.595514574152245
4235 0.5941634922779813
4236 0.5976734090239806
4240 0.598127186512868
4242 0.5836983918477852
4243 0.5874845134179116
4245 0.5765319001481561
4246 0.5701840985883803
4250 0.5285285829673224
4252 0.5213740766585703
4257 0.48335396808803327
4260 0.47579156818361507
4261 0.465570168539604
4262 0.4776124045992684
4265 0.499681103135828
4268 0.5029692613739402
4269 0.5153647473975572
4273 0.5232118937140815
4275 0.5426287374545536
4276 0.5611339507083623
4278 0.5649441751384452
4280 0.5746549176740815
4284 0.5481940882005708
4289 0.5227197538137869
4290 0.5229209911644472
4291 0.5207069532056722
4293 0.4961741223850691
4294 0.4949427846435076
4296 0.49250931198611125
4297 0.48172218794556465
4301 0.4655850176316454
4302 0.4715534343925844
4303 0.47077413265976253
4304 0.464011950136574
4309 0.4382666580230587
4311 0.42676634817433556
4314 0.3932956945707361
4317 0.3724683109995449
4319 0.36244594366221317
4321 0.3770963330361829
4326 0.3416735804091495
4327 0.3313081860439958
4328 0.3401223762285529
4329 0.3308025919394596
4331 0.33196372104716637
4336 0.32108290611059537
4337 0.31939512269677456
4338 0.3200781026449096
4341 0.32755909186848114
4343 0.30978202192228277
4348 0.29978796482191894
4352 0.2824263733265825
4353 0.28342809109248635
4356 0.3001931664013856
4357 0.29297286652874693
4362 0.3122706004899806
4363 0.3130609547436773
4367 0.3103711238606801
4368 0.31828036731470244
4369 0.3132970403476775
4371 0.32450896073307994
4376 0.3048320510097853
4380 0.2982684158952296
4382 0.30103863290951804
4383 0.2889694504778158
4385 0.29923589988730676
4386 0.2982661981467344
4389 0.2920833353348464
4394 0.2874246634919348
4395 0.28578458377253624
4396 0.2879703610802563
4397 0.29731196134818827
4399 0.321898616218907
4402 0.3451120749442781
4405 0.35762812678506706
4406 0.3558265436000072
4407 0.35674235540322047
4412 0.37029920540085987
4421 0.3372301819704529
4422 0.340152254761544
4424 0.3370290046923296
4425 0.35763136330929174
4426 0.3569924452548422
4429 0.38285122001922517
4432 0.3853651998802674
4436 0.37260729555124206
4438 0.39854449124895913
4439 0.40230229425323316
4441 0.39235548829473355
4444 0.41690021700865615
4446 0.43958994939204593
4447 0.4384452551849656
4449 0.46603954509414525
4454 0.45595843203156877
4455 0.47279648586319717
4457 0.4571975559135965
4460 0.4419627009094628
4461 0.43367468851353697
4464 0.4526015517061723
4465 0.4432842683093623
4467 0.44645790419973286
4470 0.44931757964497204
4475 0.4493694686745864
4480 0.4118268825490154
4481 0.4038050543722106
4482 0.4054093683751747
4484 0.4138789929728946
4486 0.424402608026973
4487 0.4248847030692498
4489 0.4115034408945588
4495 0.41116018921674286
4497 0.39905992670296403
4498 0.40084193683579733
4499 0.40759090508017026
4501 0.4001943197843962
4507 0.3977198546037714
4508 0.3897244474233934
4512 0.3841219097043246
4516 0.39901929558941074
4517 0.3943241734915768
4518 0.3865381544067845
4523 0.3718044115457452
4527 0.37378523875844116
4529 0.3867849486587435
4530 0.3803151548509236
4536 0.37356122527473445
4537 0.37844764387442204
4540 0.3861332148614972
4541 0.3825388911988225
4542 0.38999213554635553
4543 0.40010921836575725
4545 0.411619511595047
4551 0.4434938731535986
4554 0.4636879412338515
4555 0.46785148406353627
4556 0.462562406456524
4558 0.4521841141349046
4561 0.46938146944793663
4562 0.4626300416100083
4565 0.4530703125304983
4567 0.4537155404928315
4571 0.4377500819871053
4577 0.4766507789976439
4578 0.4895078444382116
4583 0.5359024564661078
4589 0.5160349325584138
4595 0.5547133010796317
4596 0.5565912885440679
4598 0.5568944945035093
4602 0.5650087317306112
4603 0.5848410125465625
4605 0.5883843382725235
4606 0.5801492513267269
4611 0.5549559431624749
4613 0.5594011061300495
4615 0.553786604678304
4616 0.5436951994357829
4618 0.5360157962447238
4619 0.5319637128585434
4621 0.5365947410635635
4623 0.5220349837641927
4624 0.5155852987960216
4628 0.5146373207841969
4629 0.5137083681434778
4630 0.4925509003627607
4634 0.4859754673260639
4635 0.49186663070085024
4637 0.5055648425468461
4638 0.5129107922308063
4641 0.5065621349884232
4650 0.5193271498553457
4652 0.5236019854367329
4654 0.5422199960895149
4655 0.5489227146868898
4656 0.5572127124552808
4657 0.5674589905388409
4660 0.5505753016880328
4661 0.5542229373175055
4664 0.5561449583564543
4667 0.5604800001655001
4670 0.523958128469924
4675 0.5444206123849384
4677 0.5410336538332107
4678 0.5506306901234387
4680 0.5407164592201288
4682 0.5340206040542995
4683 0.5274872492755653
4685 0.5361213810923635
4687 0.5467668488862543
4691 0.5571615833611265
4692 0.55366496714229
4693 0.5575050282543916
4695 0.555957123196762
4696 0.5533111883733952
4697 0.5398242856114939
4701 0.5520827976966928
4702 0.5432435622919842
4705 0.5341468993107107
4708 0.5150389724121032
4709 0.5036144888692065
4711 0.508595342266664
4713 0.49003356376545976
4714 0.48823988864809686
4720 0.5343245522588913
4722 0.5566184454809417
4724 0.546792130062867
4727 0.5400171784987587
4730 0.5411163846215143
4732 0.5384964675386529
4736 0.5396975872020603
4738 0.5456884765846358
4739 0.5462557332052638
4743 0.5533951368325877
4744 0.5523835223223722
4745 0.5478969558929687
4746 0.5396194880168689
4750 0.5494500342453571
4758 0.5140508770962764
4768 0.5035618218484099
4772 0.49478423649000747
4776 0.4760438379071268
4777 0.47689506329727954
4780 0.4652426796839577
4783 0.4756554356177056
4784 0.4519618855391284
4786 0.4352097043882235
4794 0.4207770884420701
4795 0.41925084364016824
4796 0.4106092964576092
4797 0.4127790664603157
4798 0.4160049296209126
4801 0.40701131039593175
4802 0.40145955966315844
4805 0.3941023741740642
4809 0.3987451410193668
4811 0.39402670387752375
4812 0.3863842206032773
4818 0.3956157121325029
4821 0.4057616516480247
4822 0.3774273412359235
4830 0.3469291279609095
4831 0.34269686445782493
4835 0.33245299201256273
4837 0.3281431894027308
4838 0.31897750548477966
4839 0.31007035761118845
4840 0.30453131574925446
4844 0.29711526908493224
4852 0.21218172498617283
4856 0.2258483806823371
4857 0.23143713480103112
4859 0.22184688285489668
4861 0.22147900212018587
4866 0.24146036116738726
4869 0.22563467396501175
4872 0.22357169010896005
4875 0.23599038944707362
4876 0.23467902320596087
4878 0.2205470782525818
4879 0.2077968944105134
4882 0.16212536997394036
4884 0.16047683934678816
4885 0.17005768226628784
4888 0.15718425314362908
4889 0.156630038041047
4891 0.14821536521182713
4892 0.14303960751087386
4897 0.16686705950890174
4903 0.20418322408014924
4905 0.21016091238641274
4907 0.19562819829510913
4908 0.1862147091339476
4911 0.19144539263865035
4915 0.17222180191020262
4916 0.18878534224600502
4919 0.19338809307527374
4921 0.19320583547682155
4922 0.2038044640835632
4923 0.19422873052544873
4927 0.2270692902072771
4932 0.24661421231071817
4934 0.24034905926682334
4941 0.2570463741381223
4942 0.25496456882457685
4951 0.2749559791780174
4955 0.26914999283245467
4958 0.26500155159848426
4962 0.2893213568900912
4963 0.28806514169424596
4965 0.2845096744872163
4966 0.29852608460811475
4967 0.2806133741854109
4970 0.2841296480208299
4977 0.3261327939165007
4978 0.32053063999539705
4979 0.305560390125486
4980 0.3117504958228191
4981 0.32903106214211486
4984 0.3045208479970992
4989 0.30470836779676197
4992 0.30988984478884574
4993 0.31836835782258255
4994 0.3147334076951583
4995 0.3157109209807488
4997 0.3171219917335777
4998 0.30652985962011847
4999 0.3034888391854339
