0 0.3075559712385814
2 0.2970557624001732
3 0.3033749962873564
4 0.3066499127004164
6 0.32307124511735125
10 0.3106847299298156
12 0.30961798220150805
14 0.3201408313552227
15 0.3246334346050366
17 0.30426836344357605
20 0.31869712020903285
22 0.30706108954562916
24 0.3298883385668177
25 0.3215698354470942
28 0.27808453028448427
29 0.26371452322796185
31 0.2539984013048526
32 0.27280103192156935
33 0.2785993177096741
34 0.27752326578508696
35 0.28542480295838096
36 0.30509191940934954
38 0.3058453467184493
39 0.2828609022531458
40 0.26913676325449326
41 0.27262741869524537
42 0.25341955139199557
43 0.2503732192317393
44 0.25074988622013644
45 0.23285968191504133
46 0.23507437654502547
48 0.22459355963277108
49 0.22466442417079507
50 0.23635956826243
51 0.2348479951049261
54 0.2454472984557099
55 0.25035687165426185
56 0.24130187803630113
57 0.24851327707549112
62 0.21570635776014144
66 0.2422544152177071
68 0.2391692246729603
70 0.232765111185151
71 0.22048578665692786
73 0.20292781009420063
75 0.21013079858906455
76 0.19912741624278213
79 0.21620423926054727
80 0.23232771291918372
81 0.2173571403023551
82 0.20867487600934137
83 0.20821379474907487
87 0.19005888573174942
88 0.19400372546514402
89 0.18484909728955096
90 0.17605397216940508
94 0.17826157350091398
95 0.18607317179155777
98 0.1659651224442898
99 0.18126450389884272
102 0.1919627266407942
104 0.197569237104908
105 0.19826223282325453
106 0.20515010883739582
108 0.20774767542943084
109 0.2147371841000751
114 0.22435644819405695
115 0.23372691674380486
116 0.23718407502877942
121 0.2128779409847257
122 0.22069799677028093
124 0.21438321903497462
125 0.19660905639396134
126 0.1998465843269605
127 0.19766569713996293
130 0.21975327144830628
131 0.2277968709955846
133 0.24284383105143997
135 0.2490776463440316
138 0.25589012601372885
139 0.2591091348016713
141 0.2553530776792379
145 0.24905574278597883
146 0.24465392702694921
147 0.25248937812293076
148 0.2558834754555552
149 0.26750584891890244
150 0.26979971369840405
151 0.26161725019595916
155 0.26702451695156293
156 0.25548384392807133
157 0.2622218177502934
159 0.29275331989589015
160 0.3082238571235918
161 0.29861799900677244
162 0.28936062716263705
164 0.2792923409041571
166 0.27380637537426344
167 0.2806627057264579
168 0.2932528009655351
169 0.2977963328742082
170 0.2928350422055277
171 0.28847976543099374
172 0.27764452807681494
181 0.2507378095092812
182 0.25406219587354006
184 0.2496846499545798
185 0.24950739144368786
186 0.24838187092561242
187 0.2420035438344033
188 0.24961998377025438
190 0.25875756643570935
192 0.234475010361216
194 0.2374598756171704
195 0.24086217710188185
196 0.2303926789655259
197 0.22572897816553572
198 0.23919938651004855
199 0.24084228409970787
200 0.25144259740897756
201 0.24353222857653817
204 0.2837139852963007
205 0.28603810764819165
206 0.28849020567144307
209 0.2908242785577629
210 0.3076809536862588
211 0.32307194512769793
212 0.3312566571374902
215 0.3204749858565204
216 0.32258686349635085
220 0.32313708713276196
221 0.32719884514125874
222 0.3179459391343082
224 0.3060509030261943
225 0.3035650826699618
227 0.3178312836700584
228 0.32151658082630236
229 0.30837793775094
230 0.3064238401449779
235 0.32314600682334105
237 0.3174368201881436
239 0.29542453679479475
241 0.2859379801390032
244 0.31150586273986236
245 0.3188579669975081
248 0.3201765042909393
250 0.32502652937482795
252 0.3469561094647976
254 0.3383764366584666
255 0.3473544209774641
256 0.3595424509420699
257 0.3739791554652399
258 0.36001312670344154
259 0.33714236354266175
260 0.3237171396614205
262 0.3313123129708472
263 0.32846722673766454
265 0.3247994859671062
268 0.33354742282487526
269 0.34132735263144787
270 0.3427086923708772
273 0.36589579182913157
274 0.35845622645275343
276 0.3544113505059411
280 0.40698299593113474
282 0.4106474835273985
283 0.4153937389964511
285 0.43598383060142165
291 0.4098162565234533
292 0.4050837314647931
293 0.41228343219349944
294 0.4196530289198769
295 0.4171134630557678
298 0.4367860327750354
299 0.43338593022345395
302 0.429644876964291
303 0.42548641589668573
304 0.4244128086757134
305 0.4163873226490513
306 0.412428541251101
307 0.4254368968605903
308 0.4275918039589538
312 0.42892687398590534
316 0.4372258094640714
317 0.44324002622851555
318 0.447794406488157
322 0.4334069527828032
323 0.4414565172571857
324 0.43427929114934166
330 0.4203543278257397
331 0.42823560558783663
334 0.44580125250347385
335 0.44931033654125263
337 0.4654095990608101
338 0.4673846094328345
342 0.4691407799122006
343 0.46102225232345523
344 0.47084203525053564
345 0.4665310333917488
346 0.45392037896597065
348 0.4553603549446289
349 0.4414228821559114
350 0.4371467241388054
351 0.42034913193180157
352 0.4210270592132928
354 0.4322534827055764
355 0.4462605953807317
357 0.4420750169372485
361 0.4521806079522304
362 0.453238769744313
363 0.45718528634058936
364 0.45160811193191625
365 0.4527967997410774
368 0.43774723119380976
370 0.437781580153845
371 0.43429876829839187
372 0.43202818764103984
373 0.439080323583525
375 0.4582807868927137
376 0.4591025546254747
377 0.45524277270247904
378 0.45810495090222325
379 0.4608031881306797
380 0.4637875915304973
381 0.4617307680203157
383 0.4590834284164132
384 0.4623759180031585
386 0.4569351812745289
388 0.4560881504558212
390 0.4820504791033968
391 0.48892882361589196
393 0.490153150880424
397 0.4894240973078648
398 0.489202859882509
401 0.480527706944873
403 0.4842651753489591
404 0.4899230112827773
405 0.5035702955780612
406 0.5032143524499209
409 0.5431315540821041
410 0.5424002472781475
411 0.5403385541132909
412 0.5516442983173746
413 0.5617906799457364
414 0.5547255333335555
415 0.5552166836010515
417 0.5542019552773023
418 0.5522609975646497
419 0.5487345469468075
422 0.5722382092204997
423 0.5726862644240679
424 0.5579688156283189
425 0.549999071665686
428 0.5602322471809437
429 0.5549607900093294
430 0.5481819756893433
431 0.5527422778778588
432 0.5484620905934319
433 0.5467295878715416
436 0.5448785289558313
437 0.5478012730236848
440 0.5495886239771927
442 0.543574158324612
443 0.5439078538166001
444 0.5523726264482681
445 0.5517847353759378
446 0.5492423484089629
448 0.5336936464613438
450 0.5438025168204472
453 0.5634642668704102
454 0.5651971690077848
456 0.5724007091399388
458 0.575054905858903
459 0.56692181363872
460 0.5742110423643566
462 0.5639648238321487
463 0.5598092629509552
467 0.554675141329068
468 0.5577656506972826
469 0.5560477131465157
470 0.5582451079847508
471 0.5510161019802962
472 0.5404888513194595
473 0.5414649987554307
474 0.5457977162630843
475 0.5517870751412991
476 0.5557253856314588
479 0.5606963036447016
480 0.5598177172604889
482 0.5689275305723988
483 0.5662875438604016
484 0.5760604611026338
485 0.5808188936304952
487 0.5781884078597896
490 0.5382338151974718
491 0.5322841190742501
492 0.5377264506941631
493 0.5434126762970394
494 0.5481812805707073
497 0.5462218603819009
500 0.5634597855103229
502 0.5754833337166368
504 0.5515450408044703
505 0.5474745387068889
508 0.556753821690613
509 0.5512157500232088
510 0.5446285638708909
513 0.5254234844051311
515 0.5163333402970495
516 0.5094511337088339
517 0.5074814206383208
518 0.5101818288710199
520 0.5323349671614384
523 0.526807581766136
524 0.5237399574435765
525 0.5171387364087612
526 0.5143059872986424
529 0.5300576351088309
530 0.5264858423456286
531 0.5290736399628707
532 0.5251936725931243
533 0.5401845410639768
534 0.5457982810913732
535 0.5517801362741911
536 0.5568704237205617
537 0.5614722104508044
538 0.561237986233542
539 0.5747598245679987
541 0.5808558358542051
542 0.5946584109742458
543 0.6024803249726874
544 0.6062971669809933
545 0.6147917752951074
547 0.6197676931215351
548 0.6049322363624905
549 0.6020435115076763
550 0.6078710567522037
554 0.627916339549343
555 0.6292604653399778
559 0.6484918504634711
560 0.6622339343625924
561 0.6481187897857211
565 0.6124285938924945
569 0.6028555702557619
570 0.6208409998372365
571 0.6281745955063247
574 0.6119925977568133
575 0.6213794801666026
576 0.6225820536279607
577 0.6006434299992502
579 0.6139194349968241
580 0.6244000926640446
583 0.6165732308148608
584 0.6266613696877644
588 0.632107441283337
591 0.6405853657217018
592 0.6456161171711409
594 0.6676564577932957
595 0.6590057603817641
599 0.658281808287961
600 0.6601017829111064
601 0.641948178793523
602 0.6317037478158436
603 0.6470475511945747
604 0.6262497511748737
605 0.6313811900314729
606 0.6291259461708884
607 0.6225093697556572
610 0.60425292583397
612 0.6211244356008725
613 0.6367582661077632
614 0.6322832461275633
616 0.6256541792808532
618 0.6144158928065562
621 0.6282593658451257
622 0.6178051406144717
623 0.6095138142049193
624 0.6074560772681453
626 0.5928449675757685
627 0.5859054948862442
630 0.5874814282690944
631 0.5834951703471457
636 0.5844255808076432
640 0.5913189104849248
641 0.5861783694528472
643 0.5919043099974429
645 0.6027781838934435
646 0.6106632335450344
647 0.6198519400957941
648 0.6225128590668554
650 0.6184899643126327
652 0.6295742330191452
655 0.6231493988466076
657 0.6557492722031084
658 0.6699013482183198
660 0.6494205120108677
663 0.6441382448934488
664 0.6551829320743457
665 0.656998699483849
666 0.6550420534819201
667 0.6487435310409049
670 0.6517642978901169
671 0.6547245289446127
672 0.6591576494708373
674 0.6609901423566471
677 0.6264135716039075
678 0.6303812139101561
680 0.6229994289534225
681 0.6184110442252959
682 0.611714304600601
686 0.6138384221038867
687 0.6091435369684202
690 0.5947596741892639
691 0.6045604745995887
693 0.6138480172807187
694 0.6191280699391639
695 0.6278011784764786
696 0.6254422724995865
697 0.6134573396882455
698 0.5987829191844263
699 0.6009268858315931
700 0.6054885431933452
701 0.617850729905673
703 0.6016461583938383
704 0.600890952523633
705 0.5994832583910233
709 0.5807018697819172
710 0.5725077263405172
712 0.5520126228209359
714 0.5456314758594304
715 0.527818348118424
716 0.5196948138221497
717 0.5234276631824197
718 0.5261938261357137
721 0.5264794871092654
723 0.5399478932672477
724 0.5369609916106298
725 0.5218059685303543
726 0.5219691950447969
727 0.5194177300551132
728 0.5371152149551157
729 0.5306249391306146
731 0.5217933139191423
732 0.5219821262787122
734 0.5174369426063719
735 0.5164797405215019
737 0.530356895564597
738 0.5197361914719029
739 0.5059204735643229
740 0.4898233664267475
742 0.49240375792236046
743 0.4994527388848107
744 0.5103658780203747
745 0.5114253116411209
747 0.5173639280849098
748 0.5281925226292061
749 0.5422537172704229
750 0.539786306487547
751 0.5458954324957186
752 0.5406434821592057
754 0.5316333378459471
756 0.5139014068637963
757 0.5120796447042626
758 0.5128328351206064
759 0.5024643494723557
760 0.4951720244088762
762 0.4729724476687361
765 0.49351437593312447
769 0.4738116187853188
773 0.46483447391902993
774 0.4632146075279821
775 0.4591584346438892
776 0.46454928572225934
782 0.46199893733365244
786 0.4661647935870948
787 0.4654157398936742
789 0.4903710639426952
790 0.49051526304924603
791 0.486179654460162
794 0.4783070911724423
795 0.48028726394075627
796 0.48555030691955925
797 0.4990497581157999
798 0.514389781549458
799 0.5156684541295882
800 0.5172769078227358
801 0.5225178396118388
802 0.5193571465996878
803 0.5250591623580648
804 0.5283002925109189
805 0.5163770074742839
806 0.5177809062297741
808 0.5246107716898851
810 0.5382361344828914
811 0.5477996851072785
812 0.5613767945072656
813 0.5516463811857029
814 0.5570556247831489
816 0.5506759501653136
819 0.5271032343480672
820 0.5082217938939112
822 0.5055726321759189
823 0.4972191346752372
824 0.5048100743583662
827 0.5202792100161349
828 0.5171413346666728
831 0.5229719078530068
832 0.5320805515611006
835 0.5118935418500197
836 0.5177906247126278
837 0.5159629223919712
840 0.5226752589385815
841 0.5201556461939515
842 0.5208032028723409
843 0.5236013242656838
844 0.5084437776984487
845 0.5065542236269117
846 0.4990864129527222
848 0.5032573124491121
849 0.5056861351217808
851 0.47230997784131257
852 0.4714061662776992
854 0.47119197761828513
855 0.4708651285867313
856 0.48453537404854247
858 0.4822355614356611
859 0.4978492619175893
860 0.5045776583884816
862 0.4948500488803454
863 0.4998637917839011
866 0.5017929736293076
869 0.5094714161291117
870 0.5097667534095944
872 0.5215143384875108
873 0.5210382455658933
877 0.5163932208237484
878 0.5123638601212028
879 0.5181133983211084
880 0.5166448134797355
882 0.4885860362581756
883 0.49081660073652694
884 0.5002701486186285
886 0.5020253567148978
889 0.5102190622727484
893 0.5172789928702477
894 0.5026606811746996
895 0.49762912663879827
896 0.4958423037836572
897 0.4902035079639074
898 0.48527981221925304
899 0.48464461167592876
901 0.47039128584396617
903 0.47189209708089075
904 0.4669000214007896
905 0.4569526274106794
907 0.44976324353189817
908 0.4505204564588645
909 0.4477515595063388
910 0.4461933663866321
914 0.4270785885029571
916 0.4322024308686124
917 0.42842913176383873
919 0.44549320718489305
921 0.4482522313455782
923 0.45174114302705326
924 0.44907286922619233
925 0.45602642447740144
926 0.46333340384039373
928 0.45882732355754
929 0.463145939135694
930 0.4604422854434736
931 0.46019392819294336
932 0.4692246555465017
933 0.480045359118962
935 0.4953192944353537
937 0.5004966821073076
940 0.5122443251467783
942 0.516770030670077
944 0.505234606821147
945 0.49476947493794776
946 0.5029884087584097
947 0.4930568767406019
949 0.4842584162326318
950 0.4787081502302697
955 0.4908187976761558
957 0.5078755910488895
959 0.4968312586756757
960 0.5047010125618917
961 0.49603874895880823
962 0.4810512140343156
963 0.4748464037749495
964 0.4768259974605992
965 0.4813360076041599
966 0.48078467364845845
967 0.4688141155871075
968 0.47203932005578875
976 0.452814272663032
977 0.45628546871378417
978 0.4684354151141852
981 0.4548360885424402
982 0.45470269107136135
986 0.462039613610763
990 0.4749818425093073
991 0.4725434030360189
992 0.46801726660407217
993 0.4661059409363627
994 0.47935379093139624
996 0.4643144068859692
998 0.4567656457369963
999 0.4597050120569325
1000 0.4706632483296723
1001 0.4719314771058143
1002 0.48632891466113465
1007 0.5162760245220451
1008 0.5270222841724305
1009 0.5236920912333796
1013 0.513527323767031
1014 0.5144014440630834
1015 0.5207821048125733
1017 0.5205036936150332
1020 0.4890756872318594
1022 0.476020423462514
1023 0.46205626496923796
1024 0.4552436492320408
1025 0.45270619728354644
1027 0.44937514537669204
1028 0.44921890670441655
1031 0.46317480153544827
1035 0.46457970813859745
1037 0.45728723217341655
1038 0.45646365812855344
1039 0.451160177756411
1040 0.4413159823233571
1041 0.4559680877467361
1044 0.4541752686740631
1046 0.473003597246722
1047 0.46107377366380903
1049 0.4558547781478627
1050 0.4525521233604549
1053 0.4654384243651772
1054 0.46540548950606664
1055 0.45023145515222657
1056 0.43404635392460456
1058 0.43297301046194275
1059 0.4284968896179668
1060 0.42566261029622315
1061 0.4181147766688013
1062 0.4167323552574947
1063 0.4274988660496832
1064 0.4299675728012012
1065 0.4295962809575341
1066 0.4333328725128559
1067 0.4396162978621845
1068 0.4444680218329977
1069 0.4551539923544363
1072 0.4550377863597539
1074 0.44396456491118824
1076 0.4315675609054263
1079 0.44558866872339126
1080 0.4452408141210606
1081 0.4461084718482402
1083 0.43827331364725675
1087 0.4111153099789574
1088 0.4038150588797369
1090 0.41210600876249626
1091 0.4201161912830308
1092 0.42532019036231217
1093 0.41456833966399725
1095 0.41379027416626907
1096 0.41625035196280963
1097 0.41128317051247587
1098 0.40755838954110096
1099 0.39774870118835487
1102 0.42202936118519785
1103 0.4356992858237592
1104 0.4355101400036437
1105 0.4328452920727206
1107 0.40298033579259923
1108 0.3805831782662766
1109 0.37967732358938105
1110 0.3869933296007158
1111 0.3810430626073175
1114 0.38763066973460647
1115 0.4093910186444967
1122 0.4122852326836509
1124 0.4000183621051785
1126 0.4055803064561304
1127 0.38754111967625005
1128 0.37458679755568147
1129 0.36774708314448995
1130 0.36502771349319224
1131 0.37177438499911347
1132 0.3651432336135393
1133 0.35603385800805076
1134 0.35297832838669746
1136 0.33890170531891883
1137 0.3442879977454837
1138 0.3402675709313396
1139 0.3422927382859232
1141 0.3567539370022674
1145 0.3452113671421562
1147 0.33919801961963997
1148 0.33986515837016185
1151 0.34381574990256586
1152 0.3246345254500973
1154 0.3120584022183396
1159 0.33011944959830997
1160 0.334301881092356
1164 0.3191840920476938
1165 0.3281229169595204
1166 0.3242949387085844
1168 0.33042430398883604
1169 0.3416377085976714
1170 0.3408214003591554
1173 0.32059011072676
1174 0.32824712211590984
1175 0.3289544647130384
1178 0.32443249816810504
1180 0.33360460446431345
1181 0.3207592476256791
1183 0.3178320041898067
1184 0.31709020810710786
1186 0.3280297000350051
1188 0.3055242942020141
1189 0.3122400527856152
1190 0.304902554735659
1193 0.31017851512749606
1194 0.30012728029371805
1195 0.29695139181846253
1196 0.311681440495655
1197 0.3115543369340257
1202 0.31864592845597633
1204 0.32090664648410105
1207 0.3437672483244847
1208 0.3409932138732709
1209 0.3409704706578568
1210 0.34432421794304613
1213 0.37141396027622386
1215 0.3676830835791326
1216 0.38331238905745224
1217 0.38947816345617026
1218 0.39652008986413356
1219 0.38346860989637177
1221 0.4041625582544896
1222 0.4114053111387729
1223 0.4095408501140891
1224 0.41705381573626
1227 0.43867755326201685
1229 0.4311147559697203
1230 0.44533188257556616
1231 0.4219639937493561
1233 0.4081054445156638
1234 0.4062152176002509
1236 0.4172290409257917
1237 0.426359724852866
1238 0.42570594377074905
1241 0.4114370402163872
1242 0.4027522019682314
1243 0.39297015047633777
1244 0.40376448826837386
1245 0.40047627885353093
1246 0.3925834826223465
1248 0.38724954744162016
1249 0.38453620385778986
1250 0.38201965739884736
1251 0.3765085323412384
1252 0.39090064770322913
1253 0.39018470056188975
1254 0.38076264521604614
1255 0.36290380932337246
1257 0.3652364047048437
1259 0.3629778786672766
1263 0.3883455741178558
1264 0.3879270879368964
1265 0.3914829496004781
1267 0.3970917226618309
1269 0.3786497662717973
1270 0.37236607240667297
1271 0.37553168010906596
1272 0.362275259584087
1273 0.3598140035400523
1277 0.3381127335460472
1278 0.338539023310412
1279 0.35115951519544913
1280 0.36156415330945635
1281 0.36301521692162014
1282 0.3591631364069641
1284 0.3824793540850602
1285 0.379473434255486
1286 0.3797790154031497
1287 0.36943317343656235
1288 0.3681071293589375
1289 0.37485774644602654
1290 0.3892706392854778
1291 0.38977207610197234
1292 0.39666888674812467
1293 0.4094050913177209
1297 0.3986094111903053
1298 0.38993166640841465
1300 0.37790632009845077
1301 0.36400728160246887
1303 0.352597640521829
1304 0.34866451129235526
1306 0.3461833566016787
1308 0.34273871424783325
1309 0.33956281365056207
1311 0.34296515107959546
1313 0.334130777699585
1314 0.3345884143864616
1315 0.3333650966728001
1320 0.34166246670495115
1321 0.33873788847108327
1322 0.33510909550372026
1325 0.360195809694394
1326 0.354646794460376
1328 0.34413846806156406
1329 0.3461598072442469
1331 0.36179557460441863
1332 0.37315499938373864
1333 0.36729912966512684
1334 0.3699883714916976
1335 0.37180881552941836
1336 0.38799404481732663
1338 0.38397342428116876
1339 0.38638724524170925
1340 0.36593857454200096
1341 0.36048116898920196
1342 0.360839558349599
1343 0.34603888091343915
1345 0.32775698221022925
1346 0.3139183477909744
1347 0.3175177734278483
1349 0.3094944430653323
1350 0.30762539500300645
1351 0.3197682476451687
1352 0.31707866397527146
1354 0.3063920912462345
1357 0.3029080338430316
1358 0.29255124738123156
1360 0.2853455207515033
1361 0.2885398488306353
1362 0.2892946929561727
1364 0.2966320935544153
1365 0.3000163174507173
1366 0.28832212706546567
1367 0.2816632982259595
1368 0.2698542988272952
1369 0.2651117149997362
1371 0.2674694577778199
1373 0.25528474607701074
1375 0.24807992320862796
1376 0.23955578328254531
1377 0.22621524989726052
1378 0.22756447908984773
1379 0.2207632956425022
1380 0.21301365843046394
1381 0.22874981617868376
1383 0.23586048053654107
1386 0.2595363483710342
1388 0.2790137194548603
1389 0.2779357551458034
1391 0.2525772523015426
1392 0.24068499105336644
1394 0.24418200619935734
1395 0.24344254407792765
1398 0.23732296874532396
1401 0.2232474846959858
1402 0.20399335498870722
1403 0.19443132352494596
1404 0.1837308648363531
1406 0.19487115746620612
1408 0.20635074954283278
1409 0.2066799856990647
1410 0.19791710851645264
1411 0.19837437935330987
1413 0.20229006935157942
1417 0.20196502705016423
1418 0.19736956684797616
1420 0.18219220084315432
1421 0.18555940018715641
1425 0.1934829946632753
1426 0.20376434746521407
1427 0.2080493088237736
1428 0.21710981476208993
1429 0.22466074777417244
1431 0.22420030124754706
1432 0.22266787183712497
1433 0.2197452229137216
1434 0.2253753637232763
1439 0.21163664975197646
1440 0.2144884447505271
1441 0.20901153699578756
1442 0.21535615864416857
1446 0.20799519064893418
1447 0.2122373176060803
1448 0.20471588626916665
1451 0.19948424819704155
1453 0.1904840785760147
1457 0.18154019174854708
1458 0.17276213335054064
1460 0.16297080567608196
1461 0.17629972793426918
1463 0.18585317201344986
1464 0.18831712313921165
1465 0.18245849536513734
1467 0.19081157414784788
1468 0.1947584289874089
1469 0.19108938246470747
1470 0.1725924410721185
1471 0.16622236430248627
1475 0.21116488429931687
1477 0.2152922288668897
1479 0.20352390789093402
1480 0.19995927462714785
1481 0.19004686826690653
1482 0.18440885840369375
1483 0.1941788618729528
1485 0.1894475458894063
1487 0.18759958876196742
1488 0.18906849216393634
1493 0.20523882825221595
1495 0.2140598143362414
1496 0.23076383553051938
1497 0.2429571623127225
1498 0.24426966326514188
1499 0.24264084302317113
1502 0.2271236839388383
1504 0.1921825014644339
1508 0.16120708911830312
1510 0.14893430986712708
1514 0.17547171638396447
1515 0.18546959059573226
1517 0.17506347168506264
1519 0.1864341734066495
1520 0.19865426279614962
1521 0.19297734903519226
1522 0.18045636811495724
1524 0.16392672286930726
1525 0.15713500962224605
1527 0.14331516238361006
1528 0.14465941631717208
1530 0.15804893950979054
1534 0.15938162157371605
1538 0.14185023569046154
1539 0.15055133484722263
1540 0.13963543993830474
1545 0.1458286034201495
1546 0.13768666147575293
1547 0.12813896920329168
1548 0.11330706132482346
1553 0.11706018769418178
1554 0.11568305852964214
1557 0.11738036293200961
1558 0.12805799203263646
1560 0.15355151780404439
1561 0.15678363288664737
1563 0.1566838515593151
1564 0.1561538823514881
1565 0.13557055226664175
1566 0.1407073555538598
1567 0.13466578651377661
1568 0.1399439642791167
1569 0.1316738642511262
1571 0.13826508127655793
1572 0.1363790393753742
1577 0.12156949600502603
1579 0.14715094531448358
1580 0.14346809915407038
1581 0.13266329423919265
1582 0.13607265893278978
1583 0.13174490122187818
1585 0.12982526845431916
1586 0.1366655637341375
1587 0.1284242203990416
1589 0.1192898945913059
1593 0.11009091653327753
1596 0.11893897488662297
1597 0.1323865840946243
1598 0.13325934294257705
1600 0.13611154349263477
1601 0.1596508569868888
1602 0.1487756318550977
1603 0.13684278018758236
1605 0.11156723983568674
1606 0.10005384343582978
1607 0.10778365534897907
1608 0.10117161760163344
1610 0.12073483976304097
1612 0.12470947247273242
1613 0.10853514323071474
1615 0.11090019284117732
1617 0.12121486259007609
1619 0.11352212215968221
1621 0.11566614608947003
1623 0.10681689620232565
1627 0.09816779241278696
1628 0.10088458954774625
1631 0.12063755895419073
1633 0.10480525352620493
1634 0.10511661714141989
1635 0.09733496953873622
1636 0.0841270667276251
1638 0.08146832320381091
1639 0.09695696424295917
1642 0.09274404497528611
1643 0.09460912289825524
1646 0.09834011411128202
1647 0.10009321420731436
1651 0.07542195957620648
1653 0.085513169173447
1654 0.09262573745028226
1655 0.0807148217741896
1657 0.09190189936130268
1659 0.10056999180718051
1661 0.0882360333770934
1663 0.10151348172126878
1664 0.09747551451752876
1665 0.10925529824254124
1666 0.10495584753289594
1667 0.10365329007807551
1669 0.08320325669894402
1670 0.08127268718458015
1673 0.0791342326159454
1676 0.07015341432608224
1678 0.04984970242256497
1680 0.05268771890568503
1684 0.06259018354444695
1685 0.06708723219989875
1687 0.07731106220994541
1690 0.0937283497696664
1691 0.11068718690822954
1692 0.0966294192421818
1694 0.10256105152681619
1695 0.1105873812929507
1696 0.10542563869068435
1698 0.1079090663337668
1700 0.1184770170211901
1701 0.12999472646311314
1705 0.0891236904678902
1707 0.08574542751811597
1708 0.09178198513747458
1709 0.07725924356662593
1710 0.06358120493983428
1712 0.05654922501363821
1715 0.05265478444902762
1716 0.03684635227081293
1717 0.03544670390641039
1721 0.0318046737883156
1723 0.05679519444986323
1725 0.04915591216340808
1727 0.03065012126064825
1728 0.018609233599357077
1729 0.00960780433445199
1730 0.011239605345427233
1731 0.008785555373679702
1732 0.011872350668030052
1733 0.018720071292367222
1737 0.01182306646880096
1738 0.019113010089060595
1741 0.037136227325023995
1742 0.04017353730384771
1743 0.04713391778753698
1744 0.03791911799505184
1746 0.03887878386225236
1748 0.026909410612710093
1752 0.04310454092988358
1754 0.051749045577184
1756 0.02289697680818154
1758 0.007127499129337799
1759 0.023358523688822352
1760 0.036387665707692377
1761 0.030816075045111184
1762 0.022877128864154796
1763 0.03198934996724598
1764 0.026743471596031427
1766 0.04235970016921961
1767 0.04553932493504308
1768 0.046217680789173946
1769 0.03786708319914719
1770 0.02949738797674156
1771 0.03301222010721131
1774 0.02031294010239115
1779 0.00863206732377652
1780 0.01832940348420879
1781 0.03431196638945509
1782 0.02921652917959054
1783 0.029879083373529704
1784 0.04207625504386223
1785 0.04912806089839414
1786 0.04034698520419617
1787 0.04368325389893668
1789 0.04886125373140903
1793 0.03137674740459641
1794 0.03840687028984804
1797 0.03452642318485234
1798 0.045665390584866634
1799 0.046765491429515665
1801 0.02806791908518025
1805 0.003086091231700795
1808 0.016190365154195373
1809 0.026907650841714006
1811 0.042147232058577525
1813 0.04821827593513013
1815 0.10740584392581481
1816 0.10277852093992765
1818 0.1125814605728678
1819 0.09701830761612533
1820 0.0976667997566238
1821 0.10197428253471195
1822 0.0967477669947683
1823 0.10236927512797377
1825 0.08815753827379766
1829 0.08931646538324944
1830 0.08366051857812253
1832 0.1011536877672996
1834 0.13404065583993324
1836 0.1332121603085701
1838 0.13474405151940222
1839 0.1254027001102652
1840 0.13609657103175854
1841 0.14611065035855927
1843 0.15015190670474438
1844 0.13626647508083864
1846 0.11944829459786199
1847 0.121854845867099
1848 0.12062020547236788
1850 0.13793478114540683
1851 0.14391824031525943
1852 0.13455643146638346
1853 0.12698896649449948
1854 0.1087150000384077
1855 0.11121202425089315
1856 0.109658042501206
1857 0.12597853821020816
1861 0.15105162875892802
1862 0.1611265968359168
1863 0.159650840396554
1864 0.1729568927887361
1865 0.18049897341938273
1867 0.17878215745943563
1870 0.19440988048748511
1874 0.20679648057181374
1875 0.21310132634655593
1876 0.2194189075228444
1877 0.2309189499476691
1879 0.2570103665912664
1881 0.27511243403267155
1882 0.2702752749775166
1883 0.27897163513246437
1884 0.3003331365554477
1885 0.2954650402659107
1887 0.3106020002579417
1890 0.3364820478029282
1891 0.3413255790499168
1892 0.35029147394572224
1894 0.36542971417059184
1895 0.3729805132813965
1896 0.3570972363048574
1897 0.3483856888087383
1898 0.35256114841665714
1901 0.3494346310566282
1902 0.3470222565306151
1904 0.36985443443472876
1906 0.39806849822569074
1907 0.3953369375231244
1908 0.3925217209739298
1909 0.3895987915624403
1912 0.36507837864540454
1913 0.3679748504525465
1914 0.3677584827033445
1917 0.3410681809257709
1918 0.3502363381846861
1921 0.3513329612453412
1923 0.34625461440153643
1924 0.355145473037362
1925 0.3649232746033342
1926 0.3589253181272761
1927 0.3549058961962652
1928 0.3531709025076962
1929 0.3429722225251958
1932 0.33672669304970015
1933 0.34664298508088254
1934 0.3436517831160915
1935 0.34554296665465983
1937 0.35225054664072064
1938 0.34473732624646014
1939 0.3423442264045276
1940 0.361996219577942
1942 0.3676490769531202
1943 0.3783318419830411
1945 0.419072390965649
1946 0.40411560224755294
1947 0.392600237789316
1948 0.4085745661701984
1949 0.4162774882093317
1952 0.4172016085524306
1953 0.41357727826088764
1955 0.40617762591849166
1956 0.4135036325525087
1957 0.42052555807049086
1959 0.430068085874699
1963 0.43476434417543924
1965 0.43813046998436395
1968 0.454951590910201
1969 0.4532612231090354
1970 0.4537653282212371
1971 0.4431129957638033
1974 0.41898528048273787
1976 0.4145994161560606
1977 0.4052792370817654
1981 0.4096602003093814
1984 0.4233200508429089
1985 0.4241566589747855
1987 0.40978120443744476
1988 0.400049279251606
1989 0.3825066673938251
1990 0.3703320428010589
1992 0.3827827925784641
1993 0.37839166572553307
1994 0.3828221801975526
1995 0.3785875553628641
1997 0.3955477703104417
1998 0.40783976271932937
2002 0.38859033077802935
2003 0.38610327697218866
2004 0.3782923532234358
2005 0.37521032548800265
2007 0.36991403117481275
2009 0.39398477048575226
2010 0.4153390137396743
2011 0.4383979418414152
2012 0.44803671483411894
2013 0.44646869673105943
2014 0.4358497804251347
2016 0.4371633126731594
2017 0.44362059393040254
2018 0.4604662412720899
2023 0.4564454248377438
2025 0.4500777245510747
2027 0.444432424311326
2029 0.4346181639992561
2030 0.43715065508995493
2032 0.4157694524225977
2033 0.42036879666198423
2034 0.4371669596297367
2035 0.43916585363129035
2036 0.43168196717333757
2037 0.4303302803679373
2039 0.4374924420880042
2040 0.4401233707010508
2044 0.41077474197835273
2046 0.4254532570165393
2047 0.4143666453749102
2051 0.4021388546272267
2055 0.4028785578600481
2058 0.4400701949266281
2060 0.4465600312440109
2062 0.43134021764076985
2064 0.4270482644665816
2069 0.4035567184385338
2072 0.37935588923067376
2074 0.3719923818108059
2075 0.3592891514004661
2079 0.38581931360670946
2080 0.37669633724966173
2082 0.38150278444694713
2083 0.38027792349316863
2084 0.3623435873886031
2085 0.3610646014964491
2087 0.3699789905997783
2088 0.3727600292578057
2089 0.38604894190384986
2091 0.3910254201653611
2092 0.39917324850340974
2093 0.3958939525761481
2095 0.38565675847073955
2098 0.38659441859612315
2099 0.3858058774844394
2100 0.3793861126700793
2103 0.3797009120827571
2104 0.3782758133375537
2105 0.38543027747258296
2106 0.3830940330884689
2108 0.3800821029799131
2109 0.3828536194734485
2112 0.3845626399976383
2113 0.3897393038404733
2115 0.39713028172151515
2121 0.4184497182116268
2122 0.4107347200051768
2124 0.37839444137697525
2126 0.381142634335169
2128 0.3796310325689239
2130 0.39170602099899543
2133 0.41681517354061004
2135 0.41636011558378944
2136 0.40327925682000415
2137 0.3937915552022874
2138 0.38631658387787904
2139 0.3828708211536694
2140 0.3761823978472202
2142 0.3625916856886288
2144 0.38863254411647724
2145 0.3821478861292621
2148 0.3852153664221301
2149 0.3900627913620409
2150 0.3799162077751831
2154 0.38688235494619916
2155 0.39743626087872613
2156 0.4142451684017005
2157 0.4136435166602554
2161 0.4199119860143119
2163 0.39560236123305886
2165 0.4102448984644538
2167 0.38716647755346945
2168 0.3829914969398386
2173 0.3846712923307101
2175 0.37627108964320244
2176 0.35998777639881346
2177 0.36388495535756177
2178 0.3643287623221063
2179 0.3747395031667461
2180 0.35890852458841843
2181 0.3464567055990737
2184 0.34416959414593584
2186 0.3395083475714351
2187 0.32395618717648705
2189 0.31795868602628685
2192 0.3360604104559599
2193 0.3314336129738243
2194 0.32420452999293714
2195 0.3252709254948441
2196 0.3254801212826782
2197 0.3332279845788476
2198 0.3232587871109195
2199 0.32536721189462503
2201 0.3106956831016245
2202 0.2963014404847588
2203 0.28885606549346726
2204 0.3007614226934879
2205 0.28983788127860827
2206 0.2749028048010148
2207 0.27724227313683164
2208 0.2755405730070711
2209 0.2714851570292482
2211 0.2702041612234618
2214 0.28793261249344054
2215 0.2894092928937071
2216 0.2973895071286278
2219 0.2985919187991024
2220 0.2898181032881335
2224 0.2959332937510062
2225 0.30689803276657696
2226 0.31227548257464094
2227 0.2864333891310317
2228 0.2813387008569923
2230 0.284090255780142
2231 0.27981208470507946
2232 0.26442942711489364
2234 0.2571112784196513
2237 0.24313490201941013
2239 0.236988842424166
2244 0.2117951267842581
2245 0.21265691275305632
2246 0.2128322643577002
2247 0.19990084204634836
2248 0.1923662885779572
2252 0.17474095342136173
2257 0.16726119876687448
2258 0.15920886196673342
2260 0.1657582512077201
2263 0.1668333033144419
2264 0.16871652076253063
2265 0.19299785880032813
2266 0.19606494064623148
2268 0.19469869060228556
2269 0.21163468327835538
2270 0.21115545655131213
2271 0.21135132283880376
2275 0.2405773920325964
2278 0.26539267959169
2279 0.27390105951406857
2280 0.26194513179732876
2282 0.26305358461635714
2283 0.2652443625049646
2284 0.26019015760171865
2285 0.26056326420206066
2286 0.252124707390665
2287 0.25000073294197306
2288 0.2598376421506905
2289 0.27152835230837546
2290 0.2761434226995742
2291 0.26082991151297397
2293 0.21847858672313347
2296 0.19231841122564375
2297 0.19747467612513578
2298 0.20396319647632957
2299 0.20417008231109715
2301 0.18744536089916078
2302 0.18380124214956214
2303 0.18416524037923784
2304 0.19796873160989192
2306 0.18575524886550482
2308 0.2048321530328086
2311 0.17165233791045836
2312 0.1761461118426449
2315 0.16123950436876694
2317 0.14928966863034493
2318 0.15159812297354003
2320 0.15773229223957722
2322 0.14107044514932884
2324 0.16429415256158394
2325 0.1543180223564962
2326 0.14798597050467455
2328 0.15200867171221366
2329 0.15017627047954268
2330 0.15919046945170945
2331 0.15645840780584136
2332 0.1765618949505651
2335 0.21746340548720527
2337 0.22112621644790462
2338 0.21504881083364488
2339 0.21731894225918305
2340 0.21535512159587422
2341 0.2218344053791935
2344 0.24029828734937314
2345 0.2445491220891667
2346 0.24655775170114644
2348 0.22647248656519
2349 0.24128464640465497
2350 0.23614104261224966
2351 0.24274498745494785
2353 0.24466976502496313
2354 0.2590015473791211
2355 0.26595656641721155
2356 0.2782042916037508
2357 0.28367065078596637
2358 0.29342355122630004
2360 0.29160214789721733
2361 0.304472417316617
2362 0.3008916822116047
2366 0.29036427081982896
2367 0.28562675495092305
2369 0.27909759444264476
2370 0.2749847037709293
2372 0.2911025533549675
2374 0.29171837505900794
2377 0.3185139729705591
2381 0.3649313637339132
2382 0.35442067745904465
2384 0.3470041037560506
2386 0.3351388761447686
2388 0.3227469434918751
2389 0.33530784699255034
2390 0.32666326472065865
2391 0.32746276261746055
2395 0.3972439244622415
2396 0.39181718730450654
2398 0.3937197848998157
2399 0.38901027174256414
2400 0.3901306775491645
2402 0.3813555240464384
2407 0.40157332759962483
2408 0.4028673312632308
2409 0.3955831964502272
2410 0.40857073844925834
2411 0.4096728552050911
2412 0.4127616335562436
2415 0.3785143918479349
2416 0.36569627282130246
2418 0.3799779455974341
2419 0.3765392595660225
2422 0.37581635694654975
2424 0.37029486254189514
2425 0.35565647363049563
2426 0.35174251548818064
2427 0.3488679650544968
2428 0.34668865702102575
2429 0.344759486747179
2431 0.35365241922000495
2432 0.3538649309626305
2433 0.36934626201467247
2435 0.37205383082957616
2437 0.3727120118243595
2438 0.3575423218403351
2442 0.3269653449603407
2443 0.34067304482709143
2444 0.36610345654842436
2445 0.3608316617532381
2447 0.35185352551748633
2450 0.3764344873630091
2452 0.3728114042477827
2455 0.36215005154086016
2457 0.37004797794123373
2459 0.3581911684032952
2460 0.3502024757093185
2461 0.35206684736949356
2462 0.36481292418742184
2465 0.38895811901444155
2469 0.4056015983278443
2470 0.40483522560619495
2471 0.4045881482279126
2472 0.40044950676529945
2474 0.42270989605287085
2475 0.4372352070143571
2476 0.44356709193763605
2477 0.4468248871226944
2478 0.4524156114834895
2479 0.45142380026200474
2481 0.4326712246814403
2482 0.4318626186538971
2483 0.4334580900934927
2484 0.4420642201123155
2485 0.4269477370671604
2486 0.43152082865138786
2487 0.44014032153829846
2488 0.45644924011105764
2490 0.4613268470837302
2491 0.461595158024916
2492 0.4754042613079438
2495 0.5027487703844731
2496 0.4999161450080169
2497 0.4987598224206885
2498 0.5097722240987749
2501 0.5162393215643586
2502 0.521730103061284
2508 0.5155680382031982
2509 0.5240697793383022
2512 0.5361311885173012
2513 0.5380311591034336
2514 0.5380657075628625
2517 0.5526861228004055
2518 0.5512448605105074
2520 0.5440042268761529
2521 0.5345036593647065
2522 0.5289563749543951
2523 0.522416126653387
2524 0.5118700734242349
2528 0.5028659824539383
2529 0.498137321172782
2530 0.49145068813197773
2532 0.4900471756513838
2533 0.5009127321861221
2535 0.49186758608296305
2536 0.4890388767197611
2537 0.48403266192805383
2538 0.4873759466171691
2539 0.4899029549923269
2540 0.47828610480302514
2541 0.48727640382713755
2544 0.48142711005474353
2546 0.4643095721551327
2547 0.48141336299396253
2548 0.4975686705602659
2549 0.5116024677836691
2553 0.4963415229708297
2554 0.4812470794570233
2555 0.47744584776023236
2556 0.47819616756178773
2557 0.4727956101193827
2558 0.4818580128462321
2559 0.4727333701350294
2560 0.4856269105185321
2562 0.47705907481820764
2569 0.483050689863716
2570 0.4833158902759858
2571 0.48071318888413844
2572 0.4834884512978806
2573 0.4869112503237741
2574 0.4828197580737846
2575 0.4756737054091176
2577 0.49462429830793797
2581 0.5075317017140376
2582 0.5151828607913322
2584 0.5236327788029063
2586 0.5141633622341532
2587 0.518642692524754
2590 0.5001924121078173
2591 0.4994088025116916
2594 0.48607550391304377
2597 0.4853114661663445
2602 0.47537937780828654
2605 0.448229940406311
2606 0.44952283658789566
2608 0.45132479874256004
2611 0.433748093956021
2612 0.43742333609304773
2613 0.44783319735207
2615 0.44724536605766185
2617 0.4505601472569273
2620 0.4670985056367721
2622 0.4658870091291787
2623 0.4721942098959226
2625 0.4680494142130656
2628 0.4416920405787586
2632 0.44567296001626444
2633 0.4362198418479201
2635 0.45487800607639217
2637 0.4443557748893627
2638 0.42904804630853643
2640 0.4115359061981417
2642 0.4203112785631382
2643 0.42435329000594346
2644 0.4221113149943732
2645 0.42583329540493453
2648 0.42142532506414576
2650 0.43406905257596756
2651 0.44105233613624734
2652 0.4448443504747826
2653 0.44532888467194603
2654 0.4365160064049286
2656 0.436006907190707
2657 0.4381120706669925
2659 0.4295021474008473
2663 0.4391417244619122
2667 0.443993338978221
2671 0.46363412439731233
2673 0.4540816757478506
2678 0.4475265017592369
2679 0.46068902696716735
2680 0.46054899382765185
2686 0.43958443030690586
2687 0.4402658528563768
2688 0.4305215153795214
2689 0.42692486037269806
2691 0.4269540121319423
2693 0.40486882882726893
2695 0.41388717649106943
2696 0.41794042827765626
2697 0.4108218504433611
2698 0.4153953767999581
2699 0.4080102406253817
2700 0.4116028926975204
2701 0.41815706486944715
2702 0.41883277455508355
2703 0.4265698482461091
2705 0.413338703949816
2706 0.40283786157977314
2707 0.3993136034870831
2709 0.38132101755366854
2711 0.3873866962887763
2712 0.37974709788559663
2713 0.3939700814759375
2716 0.3922852954652013
2721 0.4246256445215969
2722 0.4202091287111422
2723 0.4185270225611308
2724 0.40265079620108074
2728 0.39111495315138267
2729 0.4010392109138937
2731 0.40518358949911043
2732 0.39907625461530494
2733 0.4175029896253158
2734 0.43159077345791635
2737 0.44419582127596713
2738 0.4254710980592761
2740 0.4090559712503267
2742 0.40100925141528193
2743 0.3999748268384135
2745 0.3861544742776624
2746 0.3883432677574143
2747 0.3855772272685243
2748 0.3743155829489571
2751 0.3939446160353794
2752 0.3877428855431782
2753 0.38717258061256
2754 0.3892465845156535
2759 0.39603821459088717
2760 0.39007782087220455
2768 0.39760366787172224
2770 0.3879074963000631
2773 0.3777440178338794
2775 0.3611218260533003
2777 0.3701144850231372
2779 0.38332763813575865
2781 0.3790527616539195
2782 0.3772734435835592
2783 0.3692701471417733
2785 0.37850777062279867
2787 0.3671626855372371
2788 0.3745628295327297
2789 0.37550230030271264
2791 0.3690944213930413
2792 0.36820449794583543
2793 0.3774310459750203
2794 0.39157517732883645
2795 0.40085472293860164
2796 0.3916861947801934
2799 0.3733949277312997
2805 0.3562787307725525
2806 0.35166832838874684
2811 0.34077954700114854
2821 0.365870558625717
2823 0.36760748928454495
2824 0.36351790356820257
2825 0.35802087752689826
2829 0.3564765778923357
2830 0.3592678780900106
2832 0.3525491893781371
2833 0.3501180874539615
2834 0.34043710927449
2836 0.3364208248547172
2837 0.3328580512501157
2839 0.3334139461408659
2840 0.31751007390835706
2844 0.34927577045899744
2845 0.3554966761775405
2846 0.3507648475020279
2847 0.3597702392577239
2850 0.38708541015072967
2852 0.3966171920095701
2854 0.40764271720892187
2855 0.4036869704241994
2856 0.4028758406993024
2858 0.4186252714851035
2860 0.40753682025188676
2864 0.4105328164553798
2865 0.40635026668550506
2868 0.40446536141251094
2870 0.41986323042559903
2871 0.42246032091144653
2873 0.4169331790842056
2876 0.39543969535682894
2877 0.38621269402361535
2882 0.39672336934659647
2887 0.3911016084358313
2888 0.3825195943271661
2890 0.3789425672469479
2892 0.36857874337756347
2894 0.38084729315422117
2895 0.3834154084040445
2896 0.37997432787858815
2898 0.3670184080539399
2900 0.3620237722657908
2901 0.3668842356567114
2902 0.3605261761287643
2903 0.36482180431353073
2904 0.3768951582325294
2905 0.38449564955052523
2907 0.4031460171826608
2908 0.4099306310530522
2910 0.4048943490197213
2911 0.4151262478939208
2912 0.4133019128970949
2914 0.4000724519820397
2920 0.38287252849127174
2921 0.38027070313850553
2922 0.3976800579512838
2925 0.40555940879644325
2926 0.41093037021202666
2927 0.417413210802662
2928 0.4280588558053557
2929 0.43336483655805597
2931 0.4379118518678317
2932 0.4385223993693515
2933 0.4402954753132032
2934 0.4337353579114138
2935 0.44096798008213034
2936 0.43331869478427865
2938 0.4378775047339055
2939 0.42787207639904007
2941 0.4303992683795084
2942 0.43059250585084297
2944 0.43015869702891013
2945 0.431189324688321
2946 0.438888576772361
2947 0.4289360735851005
2948 0.4277447815511445
2950 0.4329658009969036
2951 0.4369406875751037
2952 0.42709430038270313
2954 0.4163693959996584
2955 0.4189021006254139
2957 0.4284176588624134
2958 0.4376626828157434
2959 0.4378607276802861
2960 0.4244810698915462
2961 0.4254759020741584
2962 0.42954667305041855
2963 0.4273036107938969
2967 0.42291363581081737
2968 0.4202947230430599
2971 0.43796562464491867
2972 0.44636036569939386
2974 0.48401645161244095
2976 0.4938594873319071
2977 0.5079939891729365
2980 0.4973532064335628
2982 0.49197410091477284
2983 0.4861572780602303
2984 0.4873282111904839
2985 0.49035474869176243
2986 0.48158091315091356
2989 0.4728514740075408
2990 0.47985644808834255
2991 0.4978861321256163
2992 0.48348076428257486
2993 0.4745021492757239
2995 0.4658735821771897
2996 0.4609553109090927
2999 0.4770914933911155
3000 0.4721303459908263
3002 0.4605907104549996
3005 0.4527755431028851
3007 0.44842909620077964
3008 0.4421815453061813
3010 0.4267376268955921
3012 0.42961925286377634
3013 0.43089023585139213
3016 0.4242512982512721
3019 0.4169743864120845
3020 0.415692332258002
3021 0.4116668403221755
3023 0.4065631782298128
3026 0.3989576400516455
3028 0.4023983038433809
3032 0.4248064117596604
3034 0.4291972093690117
3035 0.43139661485934594
3037 0.42154210223267424
3041 0.39538245523134863
3042 0.39388996495771195
3043 0.3771091822516511
3047 0.3574035410481936
3049 0.35213147299295744
3051 0.3343726237147728
3053 0.34349154637520335
3055 0.34232824139897633
3056 0.35249382067689355
3057 0.35853126201219765
3059 0.3717691442987085
3060 0.37925634296774946
3063 0.38003097029928146
3064 0.37070349789744655
3065 0.3741491683564021
3068 0.3659494982004916
3069 0.37804793753857857
3070 0.3707319900272533
3073 0.3605929174040953
3074 0.366762401327343
3075 0.36338281763199826
3076 0.3797857852272207
3077 0.3842506649457046
3079 0.3963277395018437
3081 0.399159276292779
3083 0.3926839902999248
3085 0.421745007279618
3086 0.4127514237140434
3088 0.399716672598534
3090 0.40086303582099925
3093 0.4002307422158406
3094 0.41645028023104
3095 0.4247005730358575
3096 0.4220717321415037
3097 0.4068280583300647
3098 0.38930781838107054
3101 0.38827204908607904
3106 0.3806608720332745
3107 0.3872176132519239
3108 0.3819953287839229
3111 0.38146210217065907
3113 0.39388624573525416
3114 0.39460419984769995
3115 0.4100999193283517
3118 0.39413867451744633
3119 0.39104573373160983
3120 0.3925242094869361
3123 0.37365443949392796
3125 0.36172396273661617
3126 0.3675560893872942
3128 0.3843744068585312
3129 0.3874760320699685
3130 0.3818436381625642
3131 0.37034294338303275
3134 0.3572344863154974
3135 0.35026343728913134
3137 0.36435813899922687
3138 0.34908755182849355
3139 0.3455800089528904
3141 0.35361906345730837
3142 0.3558461630765337
3146 0.3467373327613957
3147 0.3561959398734309
3149 0.36819194376345576
3153 0.36326923469841893
3154 0.3542571080294477
3155 0.35355456439758925
3156 0.35047404090903966
3157 0.34931008008668096
3160 0.3614029466702047
3161 0.3607685711803041
3162 0.3762330808426619
3163 0.3799154435243799
3165 0.3617994089187725
3166 0.3598338481493504
3169 0.3642310720453896
3170 0.37799296994450116
3171 0.38029464181335276
3172 0.36145442588839927
3173 0.3530995207995559
3174 0.36675957058958364
3177 0.3369299243215951
3178 0.3309063642743247
3180 0.3435089355164326
3184 0.3342921566335263
3185 0.33563710837180777
3186 0.3372251266729975
3188 0.3788347505169776
3189 0.4004689589401513
3190 0.4064544492356618
3192 0.42068332200775005
3193 0.4189416611014868
3194 0.42657475557295893
3196 0.4118748996912812
3197 0.4176067113323822
3199 0.39568665279148396
3200 0.40419455714884234
3201 0.40089866833076676
3202 0.3938681925258355
3203 0.4037655061987889
3204 0.40951415544983666
3205 0.425140774635019
3207 0.42472433955895783
3208 0.42658651397707703
3209 0.43265065477524095
3210 0.43563196805158116
3211 0.42934740390545556
3212 0.43073590277180074
3213 0.4302709394996305
3217 0.4271321032342181
3220 0.44501456540627754
3222 0.4448488997156147
3223 0.4489442466514081
3224 0.45149049025091975
3225 0.46472994297554154
3226 0.4549263256585919
3227 0.4480893774013435
3228 0.45170862255361005
3229 0.4526619759284609
3231 0.4530193139131817
3232 0.4503314936855867
3233 0.4518975262137301
3235 0.453786297004906
3237 0.46246205235083376
3238 0.4550113715043664
3239 0.45579355335397215
3240 0.4734113733745158
3244 0.4878281059298189
3245 0.4872419898239866
3246 0.4748202179644397
3247 0.46832602828087655
3249 0.48191426362432466
3250 0.47358002121393045
3251 0.4818742272292256
3252 0.4881929670065648
3254 0.49873338137242235
3255 0.5043225936635747
3256 0.5085657259741033
3257 0.5031370424857712
3258 0.4959651527303494
3259 0.4792666697731464
3261 0.4659956372382997
3262 0.46632164113867014
3263 0.4649254192866794
3264 0.46104302472487474
3265 0.4464981016382722
3266 0.4532996360957999
3270 0.47815773181787385
3272 0.48118517807424
3273 0.4844951619368095
3274 0.4740703253545524
3275 0.46767317545126125
3276 0.46873227032756865
3277 0.47579336835908204
3280 0.4560230755752614
3283 0.4383874035630681
3284 0.43079527021558744
3287 0.42271547896966694
3288 0.4160581875160843
3289 0.39663774606713154
3290 0.4086372183667935
3291 0.4279005050112127
3293 0.43561979542961365
3294 0.4354300935847414
3295 0.44068514713344475
3296 0.4566556968168491
3297 0.46753672282560893
3298 0.4603247961018052
3303 0.47033570825777055
3304 0.47542448233077317
3306 0.49452258796703247
3308 0.5124343906029709
3309 0.5069327296103224
3310 0.514666841613544
3311 0.5256078328682511
3312 0.5183035939550438
3315 0.5339857009416401
3316 0.5281571235773228
3317 0.5190099864077861
3318 0.516200029765441
3320 0.5181684620461162
3321 0.5217467978603569
3322 0.5216966130534703
3324 0.5031432510215482
3325 0.50414910710089
3326 0.5090225473048362
3327 0.5041839496690953
3329 0.5272588495770328
3330 0.540777741425379
3332 0.566651063203469
3333 0.584848715072475
3335 0.5893832154927661
3336 0.5892774594352479
3337 0.5807364549497209
3341 0.5720670004089338
3342 0.5616554473256502
3344 0.5552834941071525
3347 0.5729475137363201
3349 0.5511501704987295
3350 0.547546981961676
3351 0.5477571589131517
3352 0.5536339638005796
3353 0.5502929762971782
3355 0.514346742013065
3357 0.4994590582846529
3358 0.5009670385951464
3359 0.49166178003303035
3360 0.48380928528663464
3362 0.48388409364715046
3365 0.4606554329545401
3366 0.4663728493726822
3368 0.48164230415369114
3370 0.4847971074490909
3371 0.49653547506081946
3374 0.4745609882483267
3375 0.4814066463975957
3376 0.49091232197908286
3378 0.4696895116961333
3381 0.5077703630413503
3382 0.500637050820989
3383 0.4991227588823266
3384 0.498707906795772
3386 0.5214190803241159
3387 0.512814093100802
3389 0.5181105398829601
3390 0.5130832088156699
3391 0.5090678671064894
3394 0.5155473404493465
3396 0.5116209307833987
3400 0.5258549746903892
3401 0.5299030569285333
3402 0.5404128123954756
3404 0.5422557632375623
3405 0.535193583269972
3409 0.5515542587952771
3411 0.5700903396736496
3414 0.615930172159809
3417 0.6122214555930233
3418 0.6087617506596352
3422 0.6020354449543726
3423 0.5995291598879523
3424 0.6066580461944234
3425 0.6125560954809903
3426 0.6198521978760503
3427 0.6254920822957949
3428 0.6184677440311318
3429 0.6150519707997669
3430 0.604943612226845
3431 0.6072731933917722
3433 0.5927993138775001
3434 0.5903149820727412
3435 0.601012076818105
3437 0.6008572693728572
3439 0.6004125169896964
3440 0.5917337787307713
3442 0.5898758179716443
3444 0.5974325107448589
3445 0.6038182434388175
3446 0.6151478528601042
3448 0.62811738328172
3450 0.6473357323563564
3452 0.6552414997043595
3459 0.6695987166646828
3463 0.6799612139745524
3464 0.6682208260282099
3469 0.6728268707081989
3470 0.671158594969936
3472 0.6640973737760968
3473 0.678730617018494
3474 0.6924755123475123
3475 0.6967357451338095
3476 0.6800797114111239
3477 0.6829349759111075
3478 0.6869480528529351
3479 0.694342401178743
3482 0.7039676595109844
3483 0.7052832693273062
3484 0.7107388162946703
3485 0.7134336783798318
3486 0.7259656972453359
3489 0.7209356330088488
3491 0.7103757355704099
3492 0.7068726699488547
3493 0.7221295791415858
3494 0.7257219942939428
3496 0.7543149157000011
3497 0.7569813260721202
3498 0.7554239908254278
3500 0.7530830533910955
3503 0.7564720528630575
3504 0.7644022302277015
3506 0.7576430301016163
3510 0.7616716057607328
3512 0.7496727102677266
3513 0.748235340786258
3514 0.7431372652627518
3517 0.7547307973618387
3518 0.7461384458482322
3519 0.751937160309777
3521 0.7762811471268257
3523 0.7712333856063915
3526 0.7713275694435578
3528 0.7756181691582265
3529 0.7593829098522433
3531 0.7468061201794027
3532 0.7488521478562712
3534 0.7632337113609771
3535 0.7627423496900207
3537 0.7558596354724331
3540 0.7745221350065248
3541 0.7766202443665989
3543 0.7595042988787599
3545 0.7582449152660852
3547 0.7639332297876354
3548 0.7528526692309883
3550 0.7523017018674321
3551 0.7467604006074121
3552 0.7438950773727004
3554 0.7438314559436808
3555 0.7449287377589033
3556 0.7450362743171987
3558 0.7530334724898247
3559 0.753432555853325
3561 0.7609479104829547
3562 0.7670825891006805
3563 0.7559668588249795
3564 0.764816840738829
3565 0.7683422200890951
3566 0.7785506342476793
3568 0.7669851301005084
3570 0.7661633015247123
3571 0.7570220046482392
3573 0.7628210515411421
3575 0.7441462715820039
3577 0.7467906296937599
3578 0.7428573498953391
3581 0.7612099163742965
3584 0.7752248908670786
3585 0.7755354590005066
3586 0.7918792947622589
3587 0.7942821818124645
3588 0.8173291204697086
3589 0.8196741889178122
3590 0.8155009417319891
3591 0.8126258817366003
3592 0.8302422934391606
3594 0.8460164815081408
3595 0.8470064756522194
3597 0.840151545844707
3599 0.8466516586075166
3600 0.8419652116030111
3601 0.8457916009311476
3602 0.8382268233819041
3604 0.8451987986844293
3605 0.855473609576507
3606 0.8535080906063407
3607 0.8663780277141736
3608 0.8576159889834807
3609 0.860885523005564
3611 0.8546748887031863
3613 0.852761277497643
3615 0.8425372361642238
3616 0.8444990255425265
3617 0.8449669782470618
3619 0.8544782493408788
3620 0.8650056867874575
3621 0.8508762850094511
3622 0.8427983997344967
3624 0.8514971640443735
3625 0.8632696194503722
3626 0.8658992586422833
3627 0.8848765662429029
3629 0.8799431342283176
3630 0.8697292895169432
3634 0.8476457955672179
3636 0.8388670377267141
3638 0.8382874730472657
3640 0.8426783333209235
3641 0.838821605257671
3643 0.8424565979798891
3645 0.849572917529915
3646 0.8529162618299767
3647 0.8503363464453404
3648 0.8573443141895151
3649 0.8715170872426344
3651 0.8831161288728543
3652 0.8805856676961268
3653 0.8659973743945425
3655 0.877601546156542
3658 0.8867619488447344
3660 0.8859524613500993
3661 0.9022181185282439
3664 0.9373114011108521
3668 0.9018700051231989
3669 0.8893810203798891
3670 0.8951592250207586
3671 0.8991447585306072
3674 0.8971052525854538
3676 0.9207224541484866
3678 0.9090937949685546
3679 0.905198949559528
3680 0.9031901113212875
3681 0.9045330929982676
3683 0.8916083258754806
3684 0.8994249304046666
3686 0.9042051170532693
3688 0.8828556252768437
3689 0.8867639535947615
3690 0.8834005247255459
3692 0.9057670088082433
3695 0.891474967917429
3696 0.8746115200057661
3697 0.8793582909047961
3699 0.8653540071591228
3704 0.8376680563020887
3707 0.8604935555779779
3708 0.8736035415629401
3709 0.8718122732029905
3710 0.8610185956463062
3711 0.8524899445121347
3717 0.8619746440618065
3718 0.8671450496424575
3720 0.8687754523964873
3721 0.8757789697496766
3724 0.8985230339760586
3725 0.8950333381334603
3726 0.8831151337650404
3727 0.8726227650580016
3728 0.8712578524186142
3729 0.8733705567183245
3731 0.8834767246316583
3733 0.8838583524100203
3734 0.8868661156224341
3735 0.8764982353394709
3736 0.8736623491356069
3737 0.8665987403643484
3741 0.8517510563899855
3745 0.8617812121729488
3747 0.8559519667563803
3748 0.8518592366392262
3749 0.8400540912539103
3750 0.8470860860867668
3751 0.8445947186373246
3752 0.8479070234181431
3753 0.8523908926250595
3754 0.854601855165225
3755 0.8608430165189795
3758 0.8320009146692317
3760 0.842733873298431
3764 0.8314048004134266
3766 0.8439471071537619
3767 0.850226367982737
3770 0.8859949499818113
3771 0.8884433174454857
3774 0.9113256139970953
3775 0.9185047292790265
3778 0.93812819446616
3779 0.9305801247266985
3781 0.9178975486904845
3782 0.9232385919518333
3784 0.8992316152187911
3785 0.8910866450430462
3786 0.8913093373805442
3790 0.9076432727048621
3792 0.9084435782976154
3793 0.9088021976853318
3794 0.9216907078349641
3798 0.9231976528252814
3799 0.9141607125471761
3800 0.922956663761506
3801 0.9261020287665582
3802 0.9240132176324511
3803 0.9247025831107004
3804 0.9255724343188906
3805 0.9257170327117311
3809 0.9320982013591762
3811 0.9449714105184069
3812 0.9541478885208607
3813 0.950623252310623
3816 0.9654693492234666
3819 0.9474027971763185
3822 0.9594126430208768
3824 0.9637919718772372
3825 0.9456842727192808
3826 0.948106136753027
3829 0.9348666924925103
3832 0.9354806865679591
3833 0.9329634198541639
3835 0.9358143533064471
3837 0.9301287709778433
3838 0.923976026291677
3839 0.9353484697546555
3840 0.9370581011594897
3841 0.932482886466291
3843 0.9120277906827102
3844 0.9137028383467724
3845 0.9045538134521502
3847 0.9282272898735658
3849 0.9318520072015489
3850 0.9516311170146907
3854 0.9704489368664813
3856 0.9801111129277367
3857 0.9807872296287774
3859 0.9847153847068212
3860 0.9719255315325206
3862 0.9842964498378942
3863 0.981754576787748
3864 0.9825822532039477
3868 0.9973674050866168
3869 0.9953202180236926
3870 0.9928117873543647
3873 0.9935351418250685
3874 0.99108848690574
3875 0.9840450206072392
3876 0.9625408808768285
3878 0.9489830569247699
3879 0.9273123896795366
3883 0.9173021192441573
3884 0.917469309806149
3886 0.9326029406748224
3887 0.9309664313244428
3890 0.89384588290154
3891 0.897382964918628
3894 0.8756642227278593
3896 0.8744626511183735
3899 0.8773543071824843
3900 0.8652792933564998
3904 0.8905080959585147
3906 0.9007444849924312
3907 0.908703782383832
3908 0.9005472705998848
3909 0.8981416172674257
3910 0.8919140566770745
3911 0.8817824167277499
3912 0.8893222842502444
3913 0.8916740003329535
3917 0.8624806880833074
3919 0.8891618454763377
3920 0.8898753491066164
3923 0.902602771189979
3926 0.8940607041701623
3927 0.9031875536430034
3928 0.8907113434347197
3932 0.8731120035661174
3933 0.8784955568303745
3935 0.9097338944200914
3936 0.8923411973887478
3937 0.8797911366429577
3939 0.8444693080778466
3941 0.8171829902563877
3942 0.8097361123699166
3944 0.8207358660442242
3945 0.8180764245796693
3946 0.828644362119894
3947 0.8236533853443654
3949 0.8156949526008415
3950 0.8109686937560046
3951 0.8106843365709274
3956 0.8111321957263059
3958 0.7993020717055981
3959 0.8050439745826521
3960 0.8144576814781783
3964 0.8082910594109107
3969 0.7908809731409734
3970 0.7945121396753899
3972 0.7854965106460642
3973 0.7850767364898648
3975 0.756565235473888
3978 0.7497293536644969
3982 0.7063210810735406
3983 0.6992079935084723
3984 0.7015138266276644
3985 0.707423827495344
3987 0.7235133050328617
3988 0.7335597110247095
3989 0.7301738837068313
3990 0.7139621418319058
3992 0.7007314809597117
3995 0.7077590225083855
3996 0.7232253952370796
3997 0.7281543262849126
3998 0.7302261507580707
4000 0.7239932513623851
4001 0.7173910130958482
4003 0.7411264480148726
4004 0.7465194541981912
4011 0.7602067767597438
4013 0.7593408254256551
4015 0.7572878112799721
4016 0.7562139585175154
4018 0.748672087698893
4019 0.7431502865270434
4022 0.759764888997061
4026 0.7487489593957194
4028 0.7422115046726535
4030 0.7388029264163353
4032 0.7446616481626535
4033 0.741743524819903
4034 0.7432101611893829
4035 0.734324541064199
4036 0.7242677288663174
4037 0.718931646679001
4038 0.7148894669900484
4040 0.7061351255985788
4041 0.7079256148524072
4042 0.7121743299795832
4043 0.7121924692577801
4044 0.7061162093118099
4045 0.6943027742457668
4047 0.7074611798416621
4048 0.7060816493298365
4051 0.6694171046924947
4052 0.6634550812917592
4053 0.6514051640277455
4054 0.6477817407667924
4055 0.6545627205247918
4057 0.6416179135236273
4058 0.64585012963594
4059 0.6527235543539323
4060 0.6576903231878294
4061 0.6591429061015377
4062 0.6633133630086667
4064 0.6670570698750166
4065 0.6613403655506542
4066 0.6621177936025417
4068 0.6767416014237697
4076 0.6800459806366932
4077 0.6841707716740787
4078 0.6767254791290511
4080 0.6694116244583561
4081 0.6510312681580861
4082 0.6436885525759319
4084 0.6377804204492631
4086 0.6242775604824035
4087 0.6309204216283014
4089 0.6318072509118867
4090 0.6332635836046328
4091 0.6298420220121613
4094 0.6187195287337856
4099 0.6046884605502566
4100 0.6107565539103477
4103 0.6122889015286523
4104 0.6034709606745531
4105 0.6135420622434653
4106 0.6308296642408661
4107 0.6296408262284104
4109 0.6458992940187327
4110 0.6462613179731297
4112 0.6283141461324304
4113 0.6318959350471051
4115 0.6284185461706839
4116 0.6178962748486022
4117 0.6093293086882077
4118 0.6050896820707361
4119 0.6059721929668411
4121 0.6118541210887463
4123 0.6048040362830184
4126 0.6008385015020477
4129 0.6092331948202491
4131 0.6041149837870579
4132 0.6200893049087355
4133 0.6154599610441372
4134 0.6236810483001985
4135 0.6254029349440258
4136 0.6267077285817328
4139 0.6226133075383188
4141 0.6232607716684827
4143 0.6267848710835027
4144 0.6180800501109965
4145 0.631588813224698
4147 0.6587720700326196
4149 0.6786895803528523
4150 0.6897994097602693
4153 0.7082630439449377
4155 0.7123519016124306
4156 0.719214382741939
4157 0.7277275043286809
4160 0.7491075625215905
4163 0.7240377452300738
4166 0.7023126689217675
4167 0.6944510661274718
4168 0.6951634405013228
4170 0.7119187704475456
4171 0.7083848193520594
4172 0.7120840424010687
4174 0.6893749706549803
4175 0.6819769967281109
4176 0.6710199307181739
4177 0.6745363746021725
4178 0.6785557628434049
4179 0.6850579050226521
4183 0.6608112354142369
4185 0.6691881427354934
4186 0.6629801984261868
4188 0.6875448461979504
4189 0.6864639629633229
4190 0.684144422448577
4194 0.685589543658354
4196 0.6540817896689527
4197 0.6491007653042843
4198 0.6416404867574429
4199 0.6373631055766298
4201 0.6474392155039331
4203 0.6494027785360332
4204 0.6509374162974839
4207 0.6316039149886725
4208 0.6354533820639555
4210 0.6422555434005834
4211 0.6365882058038388
4213 0.6389485123225206
4216 0.6368230196326836
4218 0.6318454441557279
4219 0.6242470423504547
4221 0.6147281686196111
4224 0.6066479637087909
4227 0.6214064806195124
4228 0.6207223235244873
4229 0.6150821153300828
4230 0.6040235921346225
4231 0.5948742409494192
4232 0.6083323925335957
4234 0.5973360431459337
4236 0.5976734090239806
4237 0.5971361973701222
4238 0.5947079933435374
4239 0.6000750135901751
4240 0.598127186512868
4241 0.5952109159523488
4242 0.5836983918477852
4243 0.5874845134179116
4245 0.5765319001481561
4249 0.5328252916123991
4251 0.535454149383072
4254 0.5019018302357794
4257 0.48335396808803327
4258 0.4899318213906289
4259 0.4871747283502072
4260 0.47579156818361507
4261 0.465570168539604
4262 0.4776124045992684
4263 0.48149124902965973
4264 0.49465119396708385
4266 0.5061071760891057
4268 0.5029692613739402
4272 0.5217277267688889
4275 0.5426287374545536
4276 0.5611339507083623
4279 0.5657865485970854
4280 0.5746549176740815
4283 0.5690426934655947
4286 0.5508867937414921
4287 0.5461148867472481
4288 0.53746442468277
4290 0.5229209911644472
4291 0.5207069532056722
4294 0.4949427846435076
4295 0.5000329778686304
4297 0.48172218794556465
4300 0.4596667974080469
4301 0.4655850176316454
4304 0.464011950136574
4306 0.44538528134428795
4307 0.4412082446241407
4310 0.43718481105034745
4311 0.42676634817433556
4312 0.4125474177159456
4314 0.3932956945707361
4319 0.36244594366221317
4323 0.36982222890878114
4324 0.35771132588286253
4326 0.3416735804091495
4327 0.3313081860439958
4328 0.3401223762285529
4330 0.3402377674520766
4332 0.3177582182935275
4333 0.31307457953994167
4334 0.316108107738695
4335 0.31935575269691285
4337 0.31939512269677456
4338 0.3200781026449096
4339 0.3315234057307659
4340 0.337803221405394
4341 0.32755909186848114
4342 0.3199085138789862
4346 0.30295850190890805
4347 0.30380909346375506
4348 0.29978796482191894
4351 0.2846520957393626
4352 0.2824263733265825
4353 0.28342809109248635
4354 0.29448718179937255
4355 0.2971386598043756
4356 0.3001931664013856
4357 0.29297286652874693
4359 0.3167283811765934
4360 0.3136415716558076
4361 0.3174022360230124
4364 0.3198162917589347
4365 0.3196769470548206
4366 0.31252978623521194
4367 0.3103711238606801
4369 0.3132970403476775
4370 0.3215688073908113
4371 0.32450896073307994
4372 0.3197892493185621
4373 0.3254155816463235
4374 0.3278012987607358
4375 0.3102702461668423
4376 0.3048320510097853
4377 0.31990469686918305
4378 0.3325791029649073
4380 0.2982684158952296
4381 0.3001859617346042
4383 0.2889694504778158
4384 0.29337370554352926
4385 0.29923589988730676
4388 0.28891906329144545
4390 0.2933538712766598
4393 0.28957583308570145
4394 0.2874246634919348
4395 0.28578458377253624
4396 0.2879703610802563
4397 0.29731196134818827
4398 0.309114542657841
4399 0.321898616218907
4400 0.3332041127098293
4401 0.33119918870902293
4402 0.3451120749442781
4404 0.3585600907300424
4406 0.3558265436000072
4407 0.35674235540322047
4414 0.3652933339427524
4415 0.35588802981255707
4416 0.353495896849891
4417 0.353134560687388
4418 0.35359013404068224
4421 0.3372301819704529
4422 0.340152254761544
4423 0.3388646598614568
4426 0.3569924452548422
4427 0.3630163007849019
4428 0.37184882355470167
4429 0.38285122001922517
4430 0.37894500589505137
4432 0.3853651998802674
4433 0.38077255415314815
4434 0.37584011480529983
4438 0.39854449124895913
4441 0.39235548829473355
4443 0.4177739938252813
4444 0.41690021700865615
4445 0.4198438789786102
4446 0.43958994939204593
4447 0.4384452551849656
4448 0.4516344837295464
4450 0.4445769151750685
4452 0.46209547950172425
4454 0.45595843203156877
4456 0.46648766370123534
4457 0.4571975559135965
4458 0.44426003051245494
4459 0.4366967129335938
4460 0.4419627009094628
4463 0.4510744619714332
4464 0.4526015517061723
4466 0.43335664530269963
4470 0.44931757964497204
4475 0.4493694686745864
4476 0.44337649487429426
4477 0.4355418469990616
4479 0.41210409855736574
4480 0.4118268825490154
4481 0.4038050543722106
4484 0.4138789929728946
4485 0.4130914485126634
4490 0.40759535854392864
4491 0.4092843160044339
4492 0.4083735868884242
4494 0.4104699823005491
4495 0.41116018921674286
4496 0.40912501801537804
4497 0.39905992670296403
4498 0.40084193683579733
4499 0.40759090508017026
4501 0.4001943197843962
4503 0.39514915234041015
4505 0.3900066956214179
4506 0.40090827256058986
4507 0.3977198546037714
4508 0.3897244474233934
4509 0.4050984220303404
4510 0.4091204335234979
4511 0.3897277042064411
4512 0.3841219097043246
4514 0.4120470504919333
4515 0.40616622191610136
4516 0.39901929558941074
4517 0.3943241734915768
4520 0.3876261680511808
4522 0.3819086069189296
4525 0.37237903731530625
4526 0.3690252200877617
4529 0.3867849486587435
4530 0.3803151548509236
4532 0.3629093505592829
4533 0.36674891490443046
4534 0.3704362493061988
4535 0.3667744519770033
4536 0.37356122527473445
4537 0.37844764387442204
4540 0.3861332148614972
4542 0.38999213554635553
4544 0.4075270347475923
4548 0.4365982294210924
4550 0.4409890283771512
4551 0.4434938731535986
4553 0.4627932212217134
4556 0.462562406456524
4559 0.46037865128816613
4561 0.46938146944793663
4562 0.4626300416100083
4565 0.4530703125304983
4573 0.43912785530455106
4574 0.4501383259669909
4576 0.473867934798623
4577 0.4766507789976439
4579 0.5138774515667487
4580 0.5157217236450724
4581 0.522178735784286
4584 0.5415236463552979
4585 0.5361196780611918
4587 0.5217457474015712
4589 0.5160349325584138
4590 0.5162649835544482
4591 0.5248125430781577
4592 0.535842581676963
4594 0.5558621348551236
4595 0.5547133010796317
4596 0.5565912885440679
4597 0.5607409153945911
4598 0.5568944945035093
4600 0.5668312623413005
4603 0.5848410125465625
4605 0.5883843382725235
4606 0.5801492513267269
4607 0.5791215804113244
4612 0.552147909824749
4613 0.5594011061300495
4614 0.566535008663996
4617 0.5283713983449522
4619 0.5319637128585434
4620 0.537472936368561
4626 0.5222513072178373
4627 0.5120185833767843
4629 0.5137083681434778
4630 0.4925509003627607
4631 0.4807773012020495
4632 0.4815478548201258
4633 0.482473777773775
4635 0.49186663070085024
4639 0.5083280361664609
4640 0.5138100699255113
4641 0.5065621349884232
4642 0.5104111396485174
4643 0.5037870770098
4646 0.5106025050927211
4648 0.5009683608582063
4650 0.5193271498553457
4651 0.5287886949362729
4652 0.5236019854367329
4653 0.5256718926894061
4654 0.5422199960895149
4656 0.5572127124552808
4659 0.5540776839962819
4660 0.5505753016880328
4661 0.5542229373175055
4662 0.5552841163009379
4663 0.5549915217242546
4664 0.5561449583564543
4668 0.5402666221731024
4670 0.523958128469924
4671 0.5194357687693786
4672 0.5117944044917719
4673 0.5094350439492744
4674 0.5267188772382566
4675 0.5444206123849384
4676 0.5477075919100245
4678 0.5506306901234387
4679 0.5451586891049311
4680 0.5407164592201288
4681 0.5422554824945175
4683 0.5274872492755653
4684 0.5295897292909392
4686 0.5384315919761381
4687 0.5467668488862543
4692 0.55366496714229
4693 0.5575050282543916
4694 0.5642243342138001
4697 0.5398242856114939
4698 0.5296248227766991
4699 0.5437747887906449
4700 0.557884081635
4701 0.5520827976966928
4702 0.5432435622919842
4705 0.5341468993107107
4708 0.5150389724121032
4710 0.4957581885300339
4714 0.48823988864809686
4715 0.4834067941280645
4716 0.4896278040350911
4717 0.49676253285669375
4718 0.5006415678142714
4720 0.5343245522588913
4722 0.5566184454809417
4724 0.546792130062867
4726 0.5448120422700775
4727 0.5400171784987587
4728 0.5338205451575353
4731 0.5356297718580735
4732 0.5384964675386529
4734 0.538255282458007
4735 0.5444453296576001
4736 0.5396975872020603
4737 0.532637513665651
4738 0.5456884765846358
4740 0.5459866184262855
4742 0.5570653382730001
4744 0.5523835223223722
4745 0.5478969558929687
4746 0.5396194880168689
4751 0.5478414008502321
4752 0.547628655337847
4754 0.5227094878061243
4756 0.5256977091341604
4758 0.5140508770962764
4760 0.5058076139258838
4762 0.506435114827039
4763 0.5126363940495121
4767 0.5082710823644693
4768 0.5035618218484099
4769 0.4961007506737794
4772 0.49478423649000747
4777 0.47689506329727954
4778 0.47041001627381374
4780 0.4652426796839577
4781 0.46719736718902566
4782 0.47621104087095517
4783 0.4756554356177056
4784 0.4519618855391284
4785 0.4507597359820235
4789 0.4222617059013963
4791 0.41968499614203925
4792 0.4143871126915866
4793 0.4214838061700538
4794 0.4207770884420701
4795 0.41925084364016824
4796 0.4106092964576092
4797 0.4127790664603157
4799 0.40983401082784754
4800 0.4114238234375479
4801 0.40701131039593175
4802 0.40145955966315844
4806 0.3968372211112863
4807 0.39688550399626943
4808 0.4026658684635575
4809 0.3987451410193668
4810 0.4027151512388688
4811 0.39402670387752375
4813 0.37938250490211406
4814 0.3745628276630488
4816 0.3887829036159981
4817 0.3877090257557617
4821 0.4057616516480247
4822 0.3774273412359235
4824 0.3716558172393523
4825 0.37067931532443843
4828 0.3562134478799499
4830 0.3469291279609095
4831 0.34269686445782493
4833 0.34142002234242314
4835 0.33245299201256273
4836 0.3257870329889152
4838 0.31897750548477966
4840 0.30453131574925446
4841 0.29129839070562963
4842 0.28963716619976965
4844 0.29711526908493224
4846 0.2736453779727832
4847 0.2614453498479581
4848 0.24232897837266262
4850 0.22242269965561795
4853 0.21364308639756258
4854 0.2178527907390564
4856 0.2258483806823371
4857 0.23143713480103112
4858 0.21577276129993253
4859 0.22184688285489668
4862 0.23335079299947792
4863 0.2372229773594679
4866 0.24146036116738726
4867 0.22600090991956417
4868 0.2331052005566458
4870 0.21050379818985596
4873 0.22668350065599532
4874 0.2323811384582012
4876 0.23467902320596087
4880 0.19022003050546382
4881 0.1732128794470447
4882 0.16212536997394036
4883 0.1475800346600085
4884 0.16047683934678816
4885 0.17005768226628784
4886 0.1715147062774992
4888 0.15718425314362908
4889 0.156630038041047
4890 0.15896133696618586
4891 0.14821536521182713
4892 0.14303960751087386
4893 0.1438024043040576
4894 0.1498447372233297
4897 0.16686705950890174
4900 0.16740571275585023
4901 0.17431003057467095
4902 0.18532578975068018
4903 0.20418322408014924
4904 0.20004810930271336
4907 0.19562819829510913
4909 0.19219611556355895
4911 0.19144539263865035
4913 0.18773764515399788
4916 0.18878534224600502
4917 0.19323255382459473
4918 0.1885734336645674
4920 0.18951192616140697
4921 0.19320583547682155
4923 0.19422873052544873
4925 0.2091173648743383
4926 0.2132318865169767
4927 0.2270692902072771
4928 0.22339823164099354
4929 0.24207438597371905
4930 0.2404169969876007
4931 0.25122947475700386
4933 0.25257517994403406
4934 0.24034905926682334
4935 0.2371013591817253
4937 0.257927943895916
4938 0.24929833860930833
4940 0.25581476426493155
4941 0.2570463741381223
4943 0.2508915209195485
4947 0.2462614880393165
4948 0.26856891559753676
4950 0.27438196094761846
4952 0.28081623039777615
4955 0.26914999283245467
4959 0.27431041800107575
4961 0.2803426798841241
4963 0.28806514169424596
4964 0.28253605680564564
4965 0.2845096744872163
4967 0.2806133741854109
4969 0.2904291216143852
4970 0.2841296480208299
4971 0.28533864007727616
4972 0.2967841017980611
4974 0.2982009748027428
4976 0.3212968889524712
4977 0.3261327939165007
4980 0.3117504958228191
4982 0.3390896037370604
4983 0.3229980808976168
4984 0.3045208479970992
4985 0.3017158717516591
4987 0.3062329514614456
4989 0.30470836779676197
4990 0.3084347195329651
4992 0.30988984478884574
4996 0.3230370142819483
4997 0.3171219917335777
