0 0.2302647717909534
7 0.9273085949751065
8 0.25614798570952135
11 0.6945658066447599
14 0.9165377699752861
24 0.6304636316295107
26 0.3858050253112032
27 0.9004461294721352
28 0.3406430100849865
33 0.5812991711980369
35 0.2640006295785493
40 0.7525594365784088
42 0.7862092978195364
43 0.6387201037982619
46 0.9194018224648021
47 0.28158802299017005
48 0.7687255915348985
50 0.8328404257631657
52 0.9467985654797063
53 0.19140995916405104
60 0.5687201370528947
63 0.6944014556010056
64 0.8063906814287989
65 0.5932740512676659
66 0.9169398151684439
67 0.2894125240037545
72 0.937096058011812
74 0.6605285508678427
75 0.8520762205538277
76 0.4789608726980234
79 0.5759121560247575
83 0.7673598523205323
85 0.8290982585735143
88 0.19958201658736768
89 0.6070463339206921
90 0.9064561130977308
92 0.8298915126600722
95 0.1976715713902862
97 0.9099432570111486
98 0.31139679891814703
99 0.8148295636583769
101 0.9295535299081135
106 0.8668848174339098
108 0.9356288600171045
109 0.22886448601675213
112 0.5124107713728071
113 0.9494146964649413
117 0.2376283108618147
121 0.9299171243008735
122 0.24765081168489575
123 0.7080155711954905
124 0.7855721841328125
127 0.41445908071266374
132 0.7893448438988554
133 0.6318623329747586
135 0.3898807028146536
142 0.5653532669349528
143 0.9337700119035294
145 0.6831562616419292
148 0.9386231992545307
149 0.2189168184877368
154 0.2201415344916485
155 0.6523811092765811
156 0.8617639906354269
157 0.452681897302217
160 0.6289261509517843
164 0.3525578886344774
166 0.4370902776828976
167 0.9349609939843433
169 0.675179358728645
170 0.8333863306465986
171 0.5276435072443879
177 0.7543855088093856
178 0.7040944490496021
179 0.7917127322951296
181 0.889062562921109
182 0.37479522410638083
183 0.8904303035550287
187 0.8973661847238394
188 0.34998043790447414
192 0.2190426130747206
197 0.21895655560255686
198 0.6498554129726408
200 0.4446745570439307
202 0.21976541338246086
203 0.6515805905605283
207 0.2124737153813152
208 0.6358488154828252
209 0.8798713774612704
210 0.4016513990255726
211 0.9132447002082169
212 0.30106950744931954
213 0.799621304707466
216 0.3268105139740533
223 0.25333500714727913
229 0.9457599654977142
235 0.6248842602965422
237 0.36983969871464134
239 0.38492495086335354
240 0.8996793856515539
243 0.46758277051990416
245 0.19409659701296525
247 0.9161312281631601
250 0.6401462140723915
252 0.4145861066377039
256 0.706496888051369
257 0.7879643338553814
258 0.6348908612234604
259 0.880856931121894
262 0.3078366408516738
270 0.6309894609617085
271 0.884798692244452
274 0.33662529155071186
275 0.8485730776286183
279 0.5664092596689596
282 0.6866530173020927
283 0.8176104743016938
284 0.5666696291326418
285 0.9331096100950006
287 0.6875195570703505
289 0.5696379392106417
292 0.697513314728121
293 0.8017562639194189
295 0.9089118475573976
297 0.8193907046864348
298 0.5623603954876297
299 0.9352224880835802
302 0.8357310842639183
303 0.5216816284241004
305 0.18659720274976688
306 0.5767590093677712
309 0.7222155526852162
310 0.7623569429502548
311 0.6884415710460277
317 0.7850196863399934
322 0.26518773650831234
325 0.7485544766694338
326 0.7152385540848188
327 0.7739549863748106
329 0.8467894748427887
330 0.49300082852539884
338 0.535632818805444
340 0.19691253136579576
342 0.91129424860709
343 0.30718075603837125
345 0.5878322489522884
346 0.9206848849671363
347 0.27749206472871174
348 0.7618628312169711
349 0.689425858982722
351 0.5761752020118646
352 0.927949886674116
353 0.25406379908332266
354 0.7201584632989525
359 0.9408483302147707
361 0.6336745811082598
362 0.8820982041890187
363 0.39520365695100235
364 0.9082673606375158
366 0.8221953207145478
371 0.8620086427408137
373 0.941248090846128
375 0.6307295095179806
377 0.3865775551177099
380 0.851019633504733
383 0.18480640849005064
384 0.5724813995100249
388 0.7867537117033546
393 0.28947918501386055
394 0.7815877485387722
396 0.8659849673206176
397 0.4410090140422406
399 0.22506075618092433
400 0.6627519663911404
403 0.9492806342799495
404 0.18295826431182394
407 0.23949033478601456
408 0.6921119144543694
410 0.5854006482634688
414 0.7065887084595557
419 0.911801287761961
422 0.5932867347617347
423 0.9169308234464763
436 0.5721700777344535
437 0.9302076235432513
439 0.7061911638192874
441 0.6338407167933003
443 0.3956939861374777
444 0.9086569707940229
445 0.31539802484152196
446 0.8205040209168368
454 0.18112836094466392
458 0.677478810698057
464 0.911644917922598
468 0.9181134203696074
471 0.6616458267739739
472 0.8507083814089219
474 0.9488513360028407
476 0.5715633970921038
478 0.2456174939287534
480 0.7917037275418349
482 0.8890433482829477
486 0.8863551909494167
487 0.382772732420471
490 0.863047831148349
493 0.2137425627744966
494 0.6386153826057305
495 0.8769859476792543
496 0.4099500619590232
497 0.9191858329035016
499 0.7698662878342981
501 0.8359351882108017
502 0.5211606874227382
503 0.9482984561696292
504 0.18630827794452293
505 0.5760705133527034
506 0.9280104525933733
508 0.7197901007167302
511 0.8265300614706914
512 0.5448368520325967
513 0.9423606954592666
514 0.20640465742861716
515 0.622446744317491
518 0.8786951635614114
520 0.9157352435133741
521 0.29322398774332703
524 0.8798707057054259
531 0.3268504266793324
534 0.9483546044419879
536 0.5756142732114846
539 0.7181866391927733
543 0.526448032075301
545 0.1895638324543845
549 0.7472994033230074
556 0.18558078902029057
558 0.929002862675441
559 0.2506348665018516
560 0.7137047147427124
561 0.7764551206075965
563 0.8532352017394038
564 0.4758545905580662
566 0.18805802791914547
570 0.7345367386738769
571 0.7409715692064419
572 0.7293442707699028
575 0.7787884083177735
576 0.6546526888730411
577 0.8591136741324857
578 0.45994200239405403
582 0.9033830656720461
586 0.9499167806274359
590 0.23087821916679374
595 0.18945888955321713
598 0.2685338650703546
601 0.7672921261105241
602 0.6785086934133995
605 0.9442483044535501
608 0.9055923889916864
609 0.32488029316966294
613 0.19025590058461295
618 0.7064361529482185
619 0.7880596360725709
620 0.6346822550498045
625 0.8118464442120739
627 0.9254014592876432
628 0.2623276740565859
630 0.7395282188280082
634 0.7644639426235321
635 0.684223527597665
637 0.558360202160799
639 0.22412671927125688
648 0.7153194611033917
650 0.6650804716448793
653 0.9498590994729484
654 0.18098180436127392
655 0.5632640852353636
656 0.934791090973464
659 0.8318549317511822
661 0.9462259165298591
662 0.19335323938493143
664 0.9173613449755595
666 0.77933543756377
670 0.9427189959581765
672 0.6197523167384082
675 0.8707495275011709
676 0.42767019385910254
682 0.8799882826019816
687 0.6061309717829979
692 0.9425654687087313
696 0.35875991169684274
697 0.874194702333242
699 0.924397443750084
701 0.741161566245287
702 0.7289961760712562
703 0.7507308551100204
707 0.8636929584756724
710 0.21608453155560972
716 0.7145165808319714
720 0.4849047888644761
721 0.949134111482941
724 0.9317791810901933
731 0.8033351301339827
732 0.600353635541079
736 0.5925274574784984
741 0.8591312231510938
743 0.9438877654054048
745 0.6108710276682922
747 0.33196052390863295
749 0.5037196886504246
751 0.18067980323865185
756 0.835004431034459
759 0.18768082032751596
760 0.5793355740330852
761 0.9260822934327951
762 0.260124741047588
767 0.6771846175178367
769 0.5344192128779752
771 0.19581911875506364
774 0.301192933978223
776 0.6084379573702303
777 0.905316595725214
780 0.5245779045340262
781 0.9477045211131219
783 0.5808761014501885
785 0.2631584647765692
787 0.7368402583326642
788 0.7368454297250842
790 0.7368528764593201
791 0.7368227166691951
792 0.7368770033038041
793 0.7367792841620764
796 0.7372083593104474
797 0.7361823382383336
799 0.7347020931009931
800 0.7406767244772484
801 0.72988391432063
802 0.7491828665591759
803 0.7140500162507374
805 0.6607538298696267
806 0.851801183492539
807 0.4796965237143459
809 0.1858480313690648
811 0.9286406981655938
813 0.715936316047091
819 0.18050971511819208
821 0.9353368433965916
822 0.22983096456966753
825 0.519073308271742
826 0.9486175938639702
827 0.1852205670076673
828 0.573472852547097
829 0.9294866117666517
830 0.2490567511901653
832 0.7812938179249831
835 0.4429874277990386
836 0.9376483531219145
838 0.656664857889098
840 0.4664172357195059
841 0.9457143521844669
851 0.40846604505903994
854 0.7752174312718473
857 0.48433265300663597
858 0.9490672301051202
862 0.2425050955326496
863 0.6980462218587303
864 0.8009552372284338
866 0.9074492174706573
872 0.6277636036983213
873 0.8879705539660695
876 0.36172206763711423
877 0.8773410110014916
878 0.40893229338221415
883 0.8456971809443007
887 0.5626317481897304
889 0.23063551303537283
890 0.6742825380166761
891 0.8345772683813701
897 0.2632862554885329
902 0.7392628794274634
903 0.7324624432067006
913 0.7628449308884003
915 0.8164523294373972
918 0.24192458815082543
920 0.8026621471672339
921 0.6019033737540546
922 0.9105396691866575
925 0.5797346037360702
928 0.7327686624674435
930 0.72355685256857
931 0.7600848679446116
932 0.692952273571689
933 0.8085237964693611
935 0.9203787601533934
938 0.6861300009923929
940 0.5648791486004099
941 0.9340046450921665
943 0.6815957613514968
945 0.5493969432794767
947 0.2118842923658148
948 0.6345594882549203
951 0.9103250297319607
955 0.9272139647849091
958 0.7582970227014721
959 0.6964740626415097
961 0.6004065362721065
963 0.3059418415130345
965 0.5920930570480436
972 0.9467039050356182
977 0.7656722037236314
978 0.6817894646407912
979 0.8244198440733352
980 0.5500567061314448
984 0.8793166158058204
986 0.9144312146301394
988 0.7939264005344704
991 0.36096658684302113
993 0.4112129709207658
995 0.2795392855032712
997 0.6825225555905726
999 0.5525550725094468
1001 0.21597680550302106
1004 0.42471684915813046
1010 0.8390382754211
1011 0.5132015816380481
1014 0.56757132712963
1015 0.932649639849774
1020 0.9256936593673165
1021 0.2613826518229598
1024 0.7263955037601313
1025 0.7552312883333463
1030 0.35901158227689633
1031 0.8744646110581553
1034 0.2671212452168246
1039 0.8067396933734192
1045 0.858533863909307
1048 0.19961986463125939
1050 0.9063857870458004
1051 0.3224322499312283
1052 0.8301848377149541
1056 0.601100710706575
1057 0.9111588559195767
1059 0.8093382172456067
1060 0.5863774959349772
1061 0.9216479271448114
1062 0.2744094970310386
1064 0.6997673350085829
1066 0.6117438428702637
1073 0.5625461248838468
1078 0.5236919439863305
1079 0.9478670288025646
1080 0.18777747314393864
1082 0.9259437874609813
1083 0.26057318170889876
1085 0.7451791183582026
1091 0.9337658327101823
1097 0.2190481636239343
1099 0.8644417937579134
1107 0.22025700826613082
1108 0.6526266625879807
1112 0.20838669330391843
1121 0.3363553155498928
1123 0.4891762192268465
1127 0.9335566461964123
1129 0.6845706366823908
1132 0.9365261678387411
1136 0.49193990376965663
1137 0.9497531324252789
1139 0.5641418783804055
1141 0.2330391006821804
1142 0.6791811372945997
1144 0.5411866427441274
1147 0.613422361366227
1150 0.8510193643135235
1151 0.48178454233233337
1157 0.7072640471557103
1166 0.8662366165374144
1167 0.4403088146874623
1168 0.9364604571047402
1169 0.22610862365890055
1170 0.6649373530707173
1171 0.846623544335697
1172 0.4934380503462046
1173 0.949836375103616
1174 0.1810594954078279
1177 0.23193513642688726
1178 0.6769366698866082
1182 0.19508491233577333
1183 0.5967017993959245
1185 0.297230371300899
1189 0.3619899267912788
1190 0.877622234833109
1191 0.4081255014866635
1192 0.9179244907871071
1193 0.28628865600128134
1197 0.47592824534409767
1198 0.947798092385587
1200 0.5801214912769871
1202 0.26166597474279424
1203 0.7341481911378508
1210 0.8752785823583907
1211 0.4148307453676908
1212 0.9224355526484321
1216 0.7852965876874309
1219 0.4162776651010484
1221 0.2688985673853466
1224 0.769289872894841
1232 0.2648497785494566
1233 0.7398766187366896
1234 0.7313449895771208
1236 0.7188746811396807
1237 0.7679567210328119
1240 0.5343255533056346
1244 0.913348499725562
1248 0.9040322564492246
1250 0.8397663726099929
1251 0.5113234857651004
1252 0.9495127589464848
1254 0.5661285851748061
1255 0.9333826388465578
1257 0.685720814278556
1258 0.8189295607460984
1259 0.5634789540727428
1260 0.9346876050813563
1262 0.6770227801425478
1264 0.5338715509070804
1270 0.795849456509688
1271 0.6173977765151045
1272 0.8976274958633763
1273 0.34919102322699846
1275 0.447689461059544
1278 0.6427540687732617
1280 0.42255397460555777
1281 0.9272080299722929
1284 0.7582361379018112
1290 0.8083446869475014
1295 0.6830864389778368
1296 0.8226215522771763
1298 0.9387220490930376
1299 0.218587261830504
1303 0.9372989634786143
1304 0.22332454285401232
1307 0.474347741262512
1313 0.7427549411963874
1317 0.7959305286007017
1318 0.6172154645200152
1319 0.8977900325339568
1324 0.2136123045686896
1328 0.9185979112591025
1332 0.844157068713261
1333 0.49991246580784376
1334 0.9499999708835077
1335 0.1805000995784003
1336 0.5620952917962339
1342 0.9486537953578443
1345 0.9296512026220768
1351 0.43198896933445385
1354 0.6920102709855642
1355 0.8099018121769906
1357 0.9225118541582081
1362 0.6434941043802966
1366 0.2521808975603408
1367 0.7166256313708064
1371 0.5086677323132793
1373 0.18147607434408006
1375 0.9342099007133474
1377 0.6802262200427954
1378 0.8265703365145263
1379 0.5447368981733984
1382 0.6221914635523709
1383 0.8932631356927325
1384 0.3623076031994539
1394 0.20953558293564445
1395 0.6293956051939635
1397 0.3827123516726959
1399 0.34889419046045705
1400 0.8632347304289177
1401 0.4486300163188795
1403 0.2144127123176241
1409 0.7539565377305711
1413 0.8862897252071151
1414 0.3829649431577636
1416 0.34821414693284475
1420 0.21165157439448748
1421 0.6340497047131244
1423 0.3963113448479678
1425 0.31388165517957156
1428 0.9340243098710653
1429 0.23416701407559276
1430 0.6814647296591528
1432 0.5489507338492451
1434 0.21132562587907164
1435 0.633335001758383
1436 0.8824427537631496
1441 0.5470604244255693
1442 0.9415842025209641
1444 0.6282407067132955
1445 0.8875064203383631
1449 0.873318267565816
1450 0.4204071901862997
1452 0.2606277136623428
1454 0.7450040169330115
1456 0.7628936636573797
1457 0.6873703021134421
1460 0.9318417953736539
1461 0.2413481223201452
1462 0.6957769834562045
1465 0.9134993770712473
1467 0.7984092237681658
1470 0.3338929794542273
1473 0.9499724210374753
1474 0.18059431716155774
1477 0.23015228482504316
1479 0.8358850271453993
1481 0.9482777995669844
1482 0.18637865477845358
1487 0.7654432898389806
1494 0.8746530971004164
1495 0.41661321596565065
1496 0.9235772481439534
1497 0.2682127964482239
1501 0.6820845542594247
1502 0.8240118173805571
1505 0.21401193436265456
1509 0.9203854672057672
1510 0.27844902405631755
1514 0.5651264392401217
1515 0.9338824782652303
1517 0.6824089424883878
1524 0.4212970538515692
1528 0.7505538517889243
1530 0.7801034094012436
1535 0.2113573817641419
1536 0.6334046679642049
1538 0.3944078787905759
1540 0.3185799977032603
1542 0.5487984382120622
1544 0.21113605993527643
1549 0.32215253630207735
1553 0.19787046471285064
1556 0.3125094083028611
1559 0.9316246115636192
1560 0.2420607398317084
1561 0.6971758846425705
1563 0.6028223974249178
1567 0.5720865299709518
1570 0.7059027979709378
1574 0.39277590859606154
1575 0.9063113780458794
1576 0.3226620434677423
1578 0.5349382447390723
1583 0.3037164334668506
1587 0.3043804788633475
1589 0.5974653636541872
1593 0.6159740309299819
1596 0.8591396814561758
1599 0.20128562226776145
1601 0.9032435008616889
1606 0.1806378190999819
1611 0.8354375131062856
1612 0.522430364244068
1614 0.1870246738333614
1616 0.9270131058276729
1618 0.7258118594000975
1622 0.6142911323998828
1624 0.34089707221174786
1625 0.8538077818029836
1626 0.47431620343547903
1635 0.7002626387400999
1636 0.7976005269944385
1640 0.851104958119781
1641 0.4815561718580858
1642 0.9487073357731917
1644 0.5727404335184217
1648 0.7853386173045415
1649 0.6406111192039832
1653 0.26946757568288043
1657 0.6680564597938599
1658 0.8426767000219081
1661 0.1806853058819672
1664 0.23049886976706477
1666 0.8349475831387461
1670 0.5795453267479016
1674 0.7453024645034654
1676 0.7638302349156507
1677 0.6854957071485397
1678 0.8192471019919602
1680 0.9350568595758069
1681 0.23075700995693935
1684 0.5254583071447904
1690 0.7416685727544049
1692 0.752346516435166
1695 0.6401219870681777
1696 0.8753901492122487
1697 0.41451249632274156
1699 0.27254560795376637
1702 0.7887647208151534
1708 0.8276271266013449
1709 0.5421097704767961
1713 0.8991789460798952
1714 0.3444934422248675
1716 0.462684814796154
1717 0.9447087924221701
1718 0.19848954178117786
1719 0.6045474856217684
1720 0.9084653283506312
1721 0.3159930870345619
1723 0.557620322230211
1727 0.8545105150631763
1730 0.1903503802514024
1731 0.5856450293602858
1733 0.2728742905323241
1736 0.7904738787939405
1739 0.3826520378020494
1741 0.3490567313444261
1742 0.8634212926607707
1743 0.4481148633549428
1746 0.6415365273251326
1747 0.8738761634444197
1749 0.9249592028835347
1753 0.7403239130724752
1754 0.7305287838610267
1757 0.7724085745197191
1759 0.8427289315523755
1763 0.5625130626891385
1764 0.9351500445742507
1765 0.23044886708670512
1767 0.8350829927781211
1769 0.947931050661296
1771 0.5790476455562087
1779 0.84566234102323
1780 0.4959666747936929
1781 0.9499381826935647
1782 0.1807114006667672
1784 0.9351048089536347
1787 0.8346777258457218
1789 0.9477440963894993
1791 0.5805570579420926
1797 0.7434456338275008
1801 0.8023933162449577
1805 0.8143097786560995
1807 0.9288548981404592
1809 0.7146179561796496
1813 0.48603895995509233
1818 0.2397883776293704
1822 0.92095411877904
1823 0.27663099355525517
1826 0.8094475775811062
1828 0.9218164857902134
1833 0.617958197260729
1835 0.35070472118084595
1837 0.4429083076062083
1839 0.2222769946103464
1842 0.4671951123323806
1843 0.9459105895114365
1846 0.9155861475510939
1849 0.6342318108559833
1850 0.8815309196264294
1855 0.5693482664887087
1857 0.24173103776292829
1858 0.6965291439509469
1860 0.600596131978366
1861 0.9115455892777664
1862 0.3063948661948608
1864 0.590534800594292
1865 0.9188531095491367
1866 0.2833358759598718
1868 0.6696554937047299
1869 0.8406246511320565
1871 0.949685016324609
1880 0.2094898752106796
1884 0.8974657058188797
1887 0.44614266988616064
1889 0.2177346853264273
1891 0.8676175537174626
1893 0.9346571112956995
1895 0.6772279390290924
1896 0.8306429789845011
1898 0.9454597708826847
1899 0.19594925159555487
1903 0.8008745707531646
1906 0.31960325367975667
1907 0.8263366528848652
1908 0.5453166781388312
1911 0.6236784686807356
1914 0.8822274104521712
1915 0.39482838545630417
1924 0.42294378946291367
1925 0.927436893587124
1933 0.27135426637234394
1939 0.4348500373241909
1942 0.6824863808487438
1944 0.5524317374645752
1948 0.8721826450014629
1950 0.9278336588942252
1951 0.25444176920528305
1952 0.7208643900980803
1956 0.5572068461029945
1964 0.5929729488370175
1965 0.9171529169812874
1970 0.4490293740859293
1971 0.9401275821169259
1973 0.6389432413314727
1974 0.8766401476155556
1975 0.4109403569757033
1976 0.9198598439406623
1977 0.28012730349526616
1983 0.20750397169586518
1984 0.6248950790199657
1985 0.8907246330990667
1992 0.46682393526911264
1996 0.9150546930710379
1999 0.6284669103661082
2000 0.887285761175748
2002 0.8953137469339614
2005 0.42588875616284944
2010 0.6569209293044713
2012 0.4672441728401166
2014 0.1943808138353799
2017 0.29347531479445566
2025 0.5879155486565486
2026 0.9206292539567884
2028 0.7621634694608739
2029 0.6888271980649022
2031 0.5741212129195785
2035 0.7776595492477588
2036 0.6570396639038193
2037 0.8562864670517067
2038 0.46762782290408966
2040 0.1940589989282435
2041 0.5943203946802036
2043 0.291773959755624
2045 0.6408264988648558
2046 0.8746380094263737
2047 0.4166561751935684
2050 0.7456894471900559
2051 0.7206194430498899
2053 0.6830587271169883
2058 0.6487871272922434
2061 0.9369104121075976
2063 0.6618204330600336
2068 0.5709550371802156
2073 0.6194659947785128
2074 0.8957659291480052
2075 0.35480345143734116
2078 0.9314300672669386
2080 0.6984250904474891
2082 0.6071229215119017
2083 0.9063937828096688
2084 0.32240755451586156
2085 0.8301515085664605
2092 0.8099595410199865
2096 0.7513435483006232
2097 0.7099403987650786
2098 0.7825151100721671
2106 0.5531792065953852
2108 0.21681419994779416
2109 0.6452620500654099
2114 0.6977332785650687
2120 0.5559873567362811
2121 0.9380885803656007
2123 0.6535632885538575
2128 0.6191861629945763
2130 0.3540399019037723
2132 0.43246628806942194
2133 0.9326689514609353
2136 0.812231180520858
2138 0.9259562029344915
2139 0.260532990090195
2145 0.8192975068577563
2147 0.9351150921930164
2153 0.18804881455011174
2155 0.9255530424181854
2156 0.26183751073677924
2159 0.7290897808038816
2162 0.7801464416079696
2165 0.45073265290424014
2166 0.9407763683385544
2168 0.6342029985914549
2174 0.5686355129902816
2175 0.9320988321549313
2182 0.7779416115323723
2184 0.8569958658998801
2185 0.46570501657550034
2187 0.19570928647317276
2188 0.5981472143130705
2189 0.9133950724258199
2191 0.7989063183562293
2192 0.6104890488175532
2194 0.33097532236522065
2195 0.8414365017317438
2196 0.5070002380837179
2197 0.9498137873337308
2198 0.1811367155530438
2203 0.8302160401672781
2206 0.19691727332226008
2207 0.6009352710004283
2209 0.3072069457423261
2214 0.7615378474376969
2215 0.6900722265590927
2218 0.9266467533782147
2219 0.2582956817609497
2223 0.7859089881204803
2224 0.6393729919453076
2227 0.9207334777152474
2229 0.7615999995198087
2230 0.6899486729546971
2234 0.2574782286621543
2237 0.7027923452964903
2239 0.6221551273218652
2245 0.2877398749817213
2246 0.7787934294434539
2252 0.6108388854459431
2259 0.5625987021554054
2264 0.5242620460820285
2265 0.9477631418556713
2267 0.580403460169275
2268 0.9254340776526695
2274 0.7189211718113647
2277 0.8305264563723576
2281 0.5993058338933793
2284 0.8030128373228653
2286 0.9111622928341084
2287 0.30759316201531567
2288 0.8093225130475946
2289 0.5864144151032985
2290 0.9216236856769483
2291 0.27448717716950644
2299 0.5039038925999227
2301 0.18069805120003254
2303 0.9351202189474169
2304 0.23054750123997741
2306 0.8348158344310659
2307 0.5240137566540705
2308 0.9478086900671644
2310 0.5800359672223638
2312 0.26149760384969023
2314 0.7422061254771236
2317 0.7047310509887049
2322 0.8962432693890952
2324 0.8682951128732296
2327 0.23514261764585068
2330 0.5556579959950564
2331 0.9382283124308943
2333 0.6525747576395272
2334 0.8615395846587102
2337 0.20858342163561785
2338 0.6272902358467045
2343 0.8812459658911557
2346 0.3105559859708625
2347 0.8136216690844063
2349 0.9279138027669295
2350 0.25418115412587244
2352 0.7654478412517313
2356 0.9398824081866631
2357 0.21471317447802715
2359 0.8747482889144702
2362 0.268766620546258
2363 0.7468182720603267
2366 0.675910397763218
2371 0.5900738333301715
2376 0.8361679188106932
2377 0.5205662953774514
2378 0.9483927044789002
2387 0.5140525626358253
2390 0.5682965489645632
2392 0.23992494495378563
2393 0.6929716698222924
2395 0.5883563484280832
2396 0.9203339916313297
2397 0.27861347482123844
2401 0.5632287991843111
2402 0.9348080520240981
2403 0.23157944000103492
2404 0.6762115312853996
2405 0.8320080857198077
2407 0.9463178868165536
2411 0.2864565392519646
2417 0.18921710286977392
2421 0.74435788115945
2423 0.7608618784036676
2425 0.810770432814032
2427 0.9238201569063703
2428 0.2674306034794666
2429 0.7444636080478846
2432 0.6907538064703389
2433 0.8117293442048906
2437 0.7363363092768213
2438 0.7377515658861606
2445 0.6790363343982699
2451 0.9021154128542811
2454 0.49182261502178176
2456 0.18136879228485134
2457 0.5642017831859459
2458 0.9343368979358301
2460 0.6793767771812085
2461 0.8277310928707157
2463 0.943344321948443
2467 0.3428231171243564
2469 0.4680713701211112
2470 0.9461261378574163
2475 0.7821695377181191
2476 0.6474453375389831
2477 0.8673875152644582
2478 0.43710037178566835
2484 0.9471192396973533
2485 0.1903206648713506
2490 0.705377882358754
2492 0.6310462533683965
2493 0.8847421420168029
2494 0.3874992397940246
2497 0.8480358339453148
2500 0.18187544882360393
2501 0.5654277257675029
2503 0.23512757466259857
2508 0.22008712150024792
2511 0.4523134325379262
2513 0.2097692678197275
2514 0.6299112639727911
2515 0.8858676412733688
2518 0.3448955530581316
2519 0.858581920047657
2520 0.46139222513675576
2521 0.9443358709364144
2524 0.9061447174229268
2525 0.32317658033591357
2526 0.8311872173815337
2527 0.5331971027636917
2531 0.9150242888275428
2538 0.35876340801040063
2543 0.7411998286030469
2544 0.728926042191071
2546 0.710876734531348
2547 0.7810178107669024
2548 0.6499101621207543
2549 0.8646023845131309
2552 0.21952366614464014
2553 0.6510654993588155
2554 0.8632810166331925
2555 0.44850223122502575
2556 0.9399223232825572
2558 0.640434019692409
2560 0.4154611488376926
2561 0.9228420940477975
2564 0.7125229400963266
2570 0.1983858500451064
2573 0.31540743838971386
2575 0.559621085998654
2576 0.9364922391964962
2579 0.8468985083438417
2581 0.9497982415611553
2585 0.23243963553968186
2586 0.6779635152054746
2591 0.6039820022377923
2595 0.5623771535277419
2596 0.9352145447275507
2599 0.835660077820907
2612 0.2668380469045544
2613 0.7434149137891255
2614 0.7248468830311239
2616 0.6972788296463425
2617 0.8021080408188036
2619 0.9095472975824272
2621 0.8165912107335157
2622 0.5691260200878893
2623 0.9318420547178732
2626 0.8043537059806433
2628 0.9135036661879462
2633 0.3340134571265635
2637 0.1806243153686554
2643 0.5220758090283073
2645 0.1868204559229116
2646 0.5772905780523347
2648 0.2561777397470577
2650 0.7591733880086656
2654 0.9160823244956154
2658 0.8759284925876687
2663 0.6951947955270573
2664 0.8052161688367709
2670 0.8881112733781673
2683 0.278500834168836
2686 0.8184962426500225
2687 0.5645285449877082
2689 0.23366308546619927
2690 0.6804456622351366
2694 0.20715005777567824
2697 0.3676561794623705
2698 0.883443430028914
2701 0.3264206279125259
2702 0.8355067660257293
2704 0.9481181202349054
2707 0.9271564614376814
2711 0.6976311214824297
2713 0.6043895546133451
2714 0.9085907193729843
2716 0.8207925172815728
2717 0.558950211253377
2719 0.2250000934951981
2726 0.9322190472656509
2729 0.8079602157809257
2731 0.9194862358998468
2733 0.7682786438675769
2738 0.1938384646273731
2746 0.9307808456789839
2747 0.24482587938517797
2749 0.7940724440347658
2750 0.6213813111057941
2752 0.3600642907413422
2759 0.7948790844625936
2761 0.8956659711567114
2768 0.7955443380563757
2770 0.897013919313228
2771 0.3510438019118886
2774 0.9371465372893958
2775 0.2238310387563854
2783 0.25646783414586555
2785 0.7582573164596688
2786 0.6965520022811919
2790 0.30658307328641593
2792 0.5898875076120829
2796 0.6744549493093415
2797 0.8343487885136054
2800 0.18873174577456023
2805 0.7306777344883321
2808 0.7715995153473828
2814 0.5647680945126445
2815 0.9340593569461644
2818 0.8251900854259983
2819 0.5481553516944014
2824 0.3878684129368737
2828 0.4928847078466334
2829 0.9498076159467745
2830 0.1811578128178601
2831 0.5636907067570551
2834 0.6777108726344884
2838 0.1974372096269503
2841 0.3100899488733852
2842 0.8129498554281288
2843 0.5778370743525505
2844 0.9269772814536948
2847 0.7558658273685971
2853 0.8615930144201832
2854 0.45315186930559564
2855 0.9416599600716721
2857 0.6276781486614365
2860 0.8932320047665597
2862 0.8780523850742784
2863 0.40689029773066815
2864 0.9170562167046022
2865 0.2890436260105666
2866 0.7808901514382751
2870 0.9387991859786267
2872 0.6485157335042248
2873 0.866183692226468
2876 0.22588722320854226
2877 0.6644763052787706
2878 0.8472006710070097
2879 0.4919164373986724
2880 0.9497516928595475
2882 0.5641537949391309
2892 0.3394378956589184
2893 0.8520352804683419
2894 0.47907041296118835
2902 0.6766813783357906
2906 0.19434782220768826
2909 0.293300462340103
2910 0.7876461442985022
2916 0.8023871534143817
2917 0.6025356359097992
2918 0.9100484848005778
2919 0.3110689124284513
2922 0.9289217355939193
2923 0.2508993499933798
2924 0.7142056914318614
2929 0.9486898968979055
2930 0.1849740304026383
2931 0.5728828262211201
2933 0.24798524751739826
2937 0.8730492874298927
2943 0.7129415485015326
2947 0.4674037458572866
2949 0.19424650794639475
2951 0.915880763189399
2957 0.9166919029555077
2959 0.782735636501771
2960 0.6462301274373659
2962 0.4333068600358672
2964 0.23722026800341073
2968 0.9314297805494826
2971 0.8003816648979469
2979 0.6011636191441176
2986 0.7547411717396729
2988 0.792778248653769
2991 0.36810410490038353
2995 0.32977208370476013
2996 0.839885334752367
3006 0.9358424122222501
3011 0.9497841018789949
3014 0.934490860935326
3017 0.8291338425543737
3020 0.19949430035773158
3024 0.8292109022902625
3026 0.9444674543731542
3033 0.9433499710537117
3034 0.20307505203335752
3043 0.9173011593837385
3045 0.7796427533467689
3046 0.652839735902425
3047 0.8612320574912525
3061 0.20764076235649653
3064 0.3707278210194067
3068 0.34985530152023653
3070 0.44558812875633214
3072 0.21849565166349144
3073 0.648870147097023
3074 0.8657831813525809
3075 0.44157012411042257
3077 0.2242294251812465
3078 0.6610122422437102
3085 0.24989854768881087
3088 0.6548029556354094
3090 0.46042415398898995
3092 0.2007203454150243
3093 0.6096404157356909
3095 0.32879591075458536
3099 0.1831484912265967
3102 0.24027143148363841
3103 0.6936560686464783
3107 0.28371990294415755
3108 0.7722470945465585
3110 0.8423017434765465
3111 0.5047521623690828
3115 0.9350099210440792
3125 0.7477656177295096
3127 0.7715128108659417
3130 0.5098106107960101
3131 0.9496342572800749
3136 0.6824047481102383
3137 0.8235683298939939
3139 0.93966407248007
3141 0.642303603687102
3143 0.42117145090984315
3145 0.2591375908101845
3150 0.6569148422227362
3152 0.46722450823849904
3153 0.9459179151312087
3155 0.5951068148419774
3157 0.2935633063423094
3159 0.6346841122522897
3163 0.3093136900580278
3164 0.8118271785627135
3166 0.9253735322864679
3169 0.7392364751330105
3174 0.6901027025824846
3177 0.9265843736894139
3178 0.2584979340712397
3179 0.7283716581781348
3180 0.7518162658156828
3183 0.6436062109231832
3184 0.8716335735002876
3189 0.7736648394804992
3195 0.56288491731665
3196 0.9349728512614967
3197 0.23103475092868686
3200 0.5273732602021134
3205 0.27217090066573507
3214 0.7828365112987714
3215 0.6460133299300918
3222 0.5776390530807328
3223 0.927094274259563
3224 0.2568438273998492
3226 0.7570683558434731
3227 0.6988802696109473
3230 0.9051086579024467
3231 0.3263705061114181
3232 0.8354406356375805
3233 0.5224224038596126
3234 0.9480894960595945
3236 0.577765501452274
3237 0.9270196017787302
3239 0.725772941643076
3240 0.7563009995229623
3243 0.6138433893490233
3244 0.9007507942658013
3246 0.8523736714818002
3249 0.18668380691032752
3253 0.7229434306710524
3254 0.7611256615383624
3258 0.9249417763952372
3260 0.7380197525226019
3262 0.7406500085167299
3263 0.7299327789234117
3265 0.7142116827604773
3271 0.18494192291195008
3273 0.9298573154986594
3276 0.7849794214216961
3280 0.9246814096706412
3281 0.26465366106459676
3288 0.8209711452862369
3291 0.22435445853351027
3295 0.948685019665666
3298 0.9297926942471779
3303 0.8725365993676719
3304 0.4226226320999687
3307 0.7243995207171993
3310 0.8043470388769491
3311 0.5980169437219647
3312 0.9134921792249396
3313 0.3002920273352795
3318 0.8448968594594433
3319 0.4979753940730496
3324 0.2299962742268692
3327 0.5202130714939251
3333 0.715539845028462
3334 0.7734617857794049
3336 0.845500457479703
3337 0.49639184874900044
3339 0.18066918244568422
3342 0.23043737794554062
3345 0.5232544565065173
3351 0.7299199110509372
3352 0.7491199711088505
3353 0.7141691119799568
3354 0.7757000476001236
3356 0.8513042798554717
3357 0.48102415122986786
3358 0.9486316852211216
3360 0.5733579042292202
3362 0.24884738868681516
3366 0.8668180736223812
3371 0.8401125497931079
3373 0.9495866868793976
3374 0.1819128817270646
3376 0.9336879769714264
3377 0.23527600679563992
3379 0.8217655567962046
3380 0.5565743205465881
3381 0.9378375157678293
3383 0.6553345151914142
3386 0.9445507350859812
3387 0.1990236469511523
3388 0.6057702926405785
3389 0.9074880517399602
3391 0.8255401850731463
3392 0.5472896340296582
3393 0.9415020239506956
3394 0.20928865882026976
3395 0.6288502812160334
3402 0.9340600901238262
3404 0.6812262189869805
3406 0.5481387106170265
3407 0.9411941252524946
3411 0.3877374437392559
3412 0.9021090501548523
3414 0.8472605258162317
3415 0.4917584833973703
3417 0.18138246890564294
3418 0.5642349017414784
3420 0.23318889969295634
3422 0.8275835398888846
3431 0.9440472616301373
3435 0.32881551705997997
3437 0.5142161018627673
3439 0.1831242186278599
3440 0.5684410088832235
3446 0.9191983957816992
3459 0.6874221854598721
3462 0.9317482805934869
3464 0.6963798802995994
3465 0.8034527819313569
3466 0.6000823547248573
3470 0.5947524605864362
3473 0.7867889325364643
3475 0.8782001217390129
3476 0.40646573808306424
3477 0.9167550990210852
3478 0.2899977122717167
3479 0.7824163487657717
3480 0.6469158226092779
3481 0.8679798160547489
3484 0.23370550150483219
3485 0.6805315122705868
3486 0.8261518176937207
3489 0.20749022517178506
3494 0.3850862646162516
3495 0.8998203669965845
3496 0.3425459617119226
3498 0.46896780639365715
3499 0.9463406112479181
3501 0.5917703208303943
3504 0.7760690678886429
3507 0.4784966032280278
3508 0.9482428949236151
3509 0.18649756717188828
3510 0.5765216535212502
3514 0.7637677083533448
3516 0.8190703169885988
3517 0.5631377047038213
3518 0.9348517949299856
3519 0.23143488249544503
3520 0.6759165551071052
3523 0.9465498686576871
3527 0.2824108355410977
3528 0.7700888309382916
3534 0.574135803335181
3537 0.7130127336431971
3538 0.777577186162239
3542 0.9461547678520643
3544 0.5932395626845759
3545 0.9169642590114784
3546 0.28933506548663335
3547 0.78135708439262
3549 0.8654264330446576
3552 0.22277906908944972
3560 0.279478905986926
3561 0.7652076989620524
3562 0.6827265303627628
3563 0.823121857386028
3564 0.5532506080617327
3566 0.21691059806998794
3567 0.6454694839566507
3568 0.8695867911020658
3572 0.695547203676122
3575 0.9140860293111052
3577 0.7955957911727483
3578 0.6179678873156366
3580 0.3507309406120932
3582 0.4428257175959722
3584 0.22239626018267056
3585 0.6571574218298434
3587 0.468008452994143
3588 0.9461108554966536
3590 0.5935861950401907
3591 0.9167181715720175
3592 0.29011466883036335
3595 0.868426579555842
3597 0.9335448929168733
3603 0.22629056178842186
3604 0.6653159450488286
3607 0.9498928070476759
3609 0.5629846112654706
3610 0.9349251672262027
3613 0.8330639264012664
3615 0.9469221080206526
3618 0.921138776102135
3619 0.276040098800144
3620 0.7593994580872928
3621 0.6943053003472714
3622 0.8065327109764352
3626 0.7802915026968679
3632 0.6369189983888643
3636 0.293663770898893
3637 0.7882163701292749
3638 0.6343390311601182
3643 0.8153951408932273
3646 0.24639384907712686
3647 0.7055988968135225
3650 0.8839834886684821
3652 0.9037817545696837
3654 0.8407594962518098
3655 0.5087552697140088
3656 0.9497087119584927
3663 0.5452707168339632
3666 0.6235600379916779
3668 0.36612123498416677
3670 0.3958063359951422
3671 0.9087459854487225
3677 0.6677917471383663
3679 0.5028959160053312
3682 0.5623596419482402
3686 0.8357342763549845
3688 0.9482149884152223
3690 0.5767481219387397
3694 0.7624217997359781
3697 0.5723551121287113
3698 0.9301060034455982
3699 0.24703353804020914
3705 0.9136603527303216
3707 0.7976401975841119
3709 0.9011688385919787
3715 0.5718750936022501
3717 0.24617329786838796
3722 0.3854583764895131
3724 0.34155965948199607
3725 0.8546073022868481
3731 0.27379303337732686
3732 0.7555555513552015
3734 0.795210017177118
3736 0.8963382492758308
3746 0.20735185402819997
3752 0.9019953081496881
3754 0.8476943843386339
3755 0.4906127373776377
3756 0.9496651413417435
3757 0.18164479051601734
3758 0.5648698502587561
3759 0.934009229604145
3765 0.21175362068206321
3766 0.6342732942783804
3768 0.39697252213272294
3769 0.9096642874563693
3770 0.3122656520148878
3771 0.8160720954290982
3772 0.5703740358660243
3774 0.24351689171202626
3777 0.6126218347772199
3778 0.9018020248593678
3781 0.48866879238771355
3782 0.9495120941893795
3783 0.18216773327441782
3784 0.5661340708666979
3787 0.6857390147134231
3791 0.23207669555044003
3795 0.9454623916357751
3797 0.5986814381914516
3799 0.30185192366122826
3800 0.8008018914043283
3802 0.9071667481197571
3805 0.5439071059890745
3809 0.8951981874823456
3812 0.424818437367677
3815 0.7166687813993129
3816 0.7716076288343596
3818 0.8406042380553476
3821 0.1815893994223926
3822 0.564735819871268
3827 0.5477948391934795
3832 0.38504539371526425
3834 0.3426544383174935
3836 0.46861685908899164
3838 0.19324655278587935
3839 0.592428825964564
3840 0.9175362660970869
3841 0.2875211726760699
3847 0.19885215492406846
3848 0.6053779065432664
3853 0.9402664332050572
3854 0.21342877761300824
3861 0.6578256219755522
3865 0.19202013217376018
3869 0.7681126624521875
3870 0.6768392808846377
3871 0.8311659011975759
3872 0.53325075435919
3874 0.1948014677996843
3878 0.7914144949939015
3879 0.6272948500083075
3885 0.3977848094274789
3887 0.3102916923108837
3888 0.8132408803761799
3890 0.9273851162955582
3896 0.5885190148719103
3899 0.7643415388578213
3902 0.5592005418705428
3907 0.4883853614955668
3912 0.23662917866747915
3921 0.9361293381988041
3925 0.5009904997132091
3927 0.1805127501886893
3929 0.9353333640374416
3931 0.6726566668541618
3933 0.5191526765872566
3934 0.948606064922267
3935 0.18525987435684343
3936 0.5735668825784941
3941 0.6504394597770364
3943 0.44651995272048745
3946 0.6461373564769625
3947 0.8688467175593156
3948 0.43301797599373
3950 0.23770319752943964
3951 0.6885614721721354
3953 0.5732098002599954
3954 0.929633235554388
3955 0.24857807504685736
3956 0.709790659480854
3957 0.7827539409394357
3959 0.8687873569195103
3961 0.9330355492048439
3962 0.23742480987446507
3966 0.9306787536743623
3967 0.2451600823072924
3968 0.7032151421314212
3970 0.6236096578909728
3972 0.36626006776225933
3974 0.3953964860250808
3979 0.9375894843134144
3980 0.22235868422961627
3981 0.6570781391537023
3983 0.4677521719692112
3987 0.9163662508489998
3988 0.2912287515850015
3989 0.7843753501739232
3993 0.9271038485259551
3994 0.2568127497824085
3996 0.7571666986352258
3998 0.7999875499591901
3999 0.6080283855040332
4003 0.5280778073349371
4005 0.19071146512761733
4006 0.5864942883466806
4010 0.6989451033296556
4011 0.79959921427238
4013 0.9049240921606535
4014 0.3269386224339082
4015 0.8361890864607211
4018 0.18595836437613292
4019 0.575235834159808
4021 0.2523048329103715
4022 0.7168589959616759
4023 0.7712942683078766
4026 0.5113166395852647
4027 0.9495133479402894
4038 0.8311599411178289
4040 0.9457948802896077
4041 0.19481431388878256
4048 0.3760060004176307
4050 0.36733675420906226
4051 0.8831217602216104
4053 0.9058631911776963
4055 0.8323517402544812
4057 0.9465202748017636
4064 0.8388115535847271
4068 0.568064235013572
4070 0.2395294119156022
4071 0.6921892764232783
4073 0.5856665574703884
4077 0.7047417705760445
4081 0.38116701981839096
4082 0.8963391467203977
4083 0.35307806695239874
4084 0.8679729932403134
4086 0.9341735596005618
4087 0.23367461654635413
4088 0.6804690024874203
4091 0.9421114623980071
4096 0.8840220581828034
4098 0.9036873610414032
4099 0.3307387552346255
4102 0.9497694589661433
4104 0.5640067136146191
4114 0.32947145623845286
4115 0.8394960598977512
4116 0.5120212161928295
4118 0.18237690137132204
4119 0.566639155426565
4120 0.9331250472633297
4121 0.23713023504592604
4122 0.6874180493573616
4123 0.8165230041453099
4124 0.5692901138179469
4125 0.9317557444829645
4129 0.5999168307660152
4131 0.30477494831001356
4132 0.8051712809320402
4133 0.5961078593183318
4136 0.7916403727690184
4137 0.6267943932903622
4144 0.9006482103653304
4148 0.9480152271558501
4152 0.2582435251808091
4157 0.6382795005693873
4158 0.8773393629446671
4159 0.4089370196555487
4161 0.28449562017917907
4162 0.7735198766565646
4164 0.8456525770709452
4165 0.4959923246640143
4167 0.18070872059957685
4169 0.9351079032847526
4175 0.18815145911941572
4177 0.9254044977137253
4181 0.7319219046800917
4182 0.7456064744923222
4185 0.6835818316929081
4186 0.8219313020746517
4189 0.22095549061552938
4193 0.9433611386928553
4194 0.2030374226485039
4198 0.8557167158400641
4200 0.9463879895673653
4205 0.7747173055320971
4207 0.8487706276968342
4208 0.48776438717263376
4209 0.9494311011592073
4210 0.18244440418112515
4212 0.9330424291946698
4219 0.702683217574322
4224 0.8767554666008677
4226 0.9196359685967171
4227 0.28084148466760106
4229 0.6781182249017509
4230 0.8294408122398272
4231 0.537581254676899
4233 0.19874545466540572
4234 0.6051336558779381
4236 0.3174421497164189
4237 0.8233559989393828
4239 0.939456143604456
4242 0.8714175817627874
4244 0.9290707422232889
4248 0.6581433565322805
4250 0.471200560060144
4254 0.9207474336406308
4256 0.7615244742533895
4260 0.9265923508340859
4262 0.728324187245927
4263 0.7518986489702502
4267 0.8722225535173321
4269 0.9277680823965841
4270 0.2546549771944469
4271 0.721262115181262
4274 0.8196241685190814
4276 0.9354899476093654
4283 0.5697098693214243
4287 0.8013887642637381
4288 0.6048262885471922
4292 0.5552700804952323
4293 0.938391829167792
4294 0.21968789565188654
4297 0.4496122524206343
4298 0.9403520845967368
4301 0.8783569603589662
4302 0.4060148400821101
4303 0.9164338009177928
4304 0.2910149799220084
4305 0.7840359932554055
4307 0.8718263105268954
4309 0.9284145765987527
4310 0.2525516121193035
4320 0.24414095777809058
4321 0.7012373719504912
4322 0.7961133764957466
4323 0.6168040993890951
4324 0.898155848990429
4326 0.8617343466128528
4327 0.45276339742617555
4329 0.20922474052644682
4330 0.6287090442167338
4331 0.8870491313598964
4336 0.4317831563552267
4337 0.9323165565239493
4340 0.8088889664135839
4343 0.2766414465224161
4344 0.760421635035925
4345 0.6922861736198188
4347 0.5859996274146694
4349 0.273616091996847
4353 0.6208666307583569
4356 0.8740709692660205
4358 0.9246164502042664
4360 0.7399007949783621
4361 0.7313009125612494
4364 0.7681982800513885
4367 0.5326606155302096
4370 0.5948819336880875
4371 0.9157901909065156
4372 0.2930503651545086
4376 0.4034328746665927
4378 0.2969187815466365
4382 0.3649725471472986
4383 0.8807168305092237
4384 0.399207840874642
4386 0.306863988859565
4387 0.8082542285628947
4389 0.9199533035986617
4391 0.7657940549050772
4392 0.6815433774330437
4394 0.549218548598073
4396 0.2116603544672449
4397 0.6340689454933716
4398 0.8816969678463225
4400 0.9091897211359542
4401 0.31374233404338414
4402 0.8181707111150961
4403 0.5653161146363535
4404 0.9337884596414807
4407 0.8226948358645878
4409 0.9387963309951385
4410 0.2183395636397785
4412 0.8661606860615271
4417 0.847450746564453
4419 0.9497094825687348
4420 0.18149324889349117
4421 0.5645031080983904
4422 0.9341895263734599
4429 0.6233772870098879
4430 0.892156571190303
4431 0.3656102499546063
4432 0.881369701314399
4434 0.9099337011344881
4438 0.9296104123604891
4439 0.24865259564751183
4442 0.6466785733582776
4448 0.8227904487919769
4449 0.5540640394409616
4452 0.6478462535777736
4453 0.8669376441514632
4461 0.18303917516686022
4465 0.6927682196540192
4466 0.8087935712673952
4469 0.27711797358564216
4471 0.6906843889282658
4472 0.8118299625124047
4473 0.5804958830221467
4474 0.9253775687026424
4475 0.2624049113695891
4477 0.7392786466257337
4478 0.7324337712220376
4479 0.7447032595829056
4481 0.7619486245203781
4482 0.6892550888251514
4483 0.8138935431443793
4485 0.9282878336022733
4486 0.25296422003543156
4487 0.7180986289857297
4488 0.769245354531271
4489 0.6745263684406547
4491 0.5254420042825754
4493 0.1888892624771129
4495 0.9243249986762502
4496 0.26580352289392106
4500 0.7085756719623937
4501 0.7846855184486565
4503 0.8733489635818854
4509 0.7229169503367145
4510 0.7611705263597991
4511 0.6908018334115928
4512 0.8116597093937441
4515 0.2632044581094903
4516 0.7369259110949633
4517 0.7366912280769219
4519 0.7363531387940674
4521 0.7352565516867421
4523 0.7316913620402621
4527 0.6810181561109979
4528 0.8254832232010626
4529 0.5474305513756597
4532 0.6292261708647497
4533 0.8865422677018111
4538 0.4444556327731766
4539 0.9382763284236127
4540 0.22007266778536663
4542 0.8619335612921172
4544 0.9413232631303212
4547 0.8856080864443923
4550 0.34286966677736797
4553 0.94608953478044
4554 0.19381568244560832
4557 0.29049390063790004
4563 0.2425953505462711
4564 0.6982228164704911
4566 0.6064265513749679
4568 0.3206609896168999
4569 0.8277825735482792
4570 0.5417226210166544
4572 0.20295686035808977
4575 0.3420014607803792
4576 0.8551385540969706
4582 0.279058160691376
4583 0.7645018738431042
4586 0.5580997582522572
4587 0.9371727887459113
4589 0.6599935886299934
4591 0.47721578714321505
4592 0.9480273426490875
4593 0.1872317009074291
4594 0.5782687661144124
4600 0.7882317113751294
4601 0.6343054261195037
4603 0.3970675973420117
4606 0.8157413149294963
4608 0.9307533297303623
4610 0.7027421073630338
4614 0.36172736159233865
4618 0.2845411468624564
4623 0.9499223506276432
4624 0.1807655379416452
4625 0.5627395612903887
4629 0.8341164378401386
4630 0.5257915826670639
4631 0.9474722182014064
4637 0.7246145164459366
4638 0.7582836122066808
4639 0.6965003875287819
4640 0.8032728712639465
4641 0.6004971491102225
4643 0.30615826733784246
4648 0.774549408842139
4652 0.9495332459957598
4653 0.18209547082915956
4656 0.23600249104812576
4657 0.6851601980153792
4659 0.5615614783478302
4660 0.9355987006577925
4668 0.9326929793700185
4669 0.23855178529480764
4674 0.25948129363885536
4676 0.7486777321009607
4682 0.9496486660268262
4683 0.18170109313312377
4684 0.5650060623719363
4685 0.9339420050486044
4686 0.2344384777667087
4687 0.682012896054721
4688 0.8241109615451385
4695 0.9189749836853413
4698 0.670974040755307
4699 0.8389179340736499
4700 0.5135116090603465
4711 0.7443266107461818
4720 0.7184027552712563
4724 0.5289200233197291
4727 0.5879492253395591
4729 0.277741860493084
4731 0.6885849718223713
4734 0.9295883687458644
4737 0.7823074697331796
4738 0.6471494716248296
4740 0.4361751681570926
4742 0.23253006267250126
4743 0.6781473639788907
4748 0.6053521467843643
4755 0.6385439220932659
4756 0.8770612102738572
4757 0.4097344060858934
4758 0.9190380657102676
4767 0.9314216537137667
4768 0.24272635548613924
4773 0.32287484276972195
4780 0.3002294529466186
4782 0.6117549005562662
4789 0.5625690818211482
4791 0.2305369222096554
4800 0.7334605000657765
4802 0.7258251337359807
4804 0.7005516639425284
4807 0.9002299077462957
4808 0.34130087959248806
4813 0.584683620812675
4815 0.2708764734973511
4818 0.7799666241463248
4824 0.6308898084061269
4825 0.8848978606105481
4827 0.9015154254997252
4836 0.6934302463674106
4840 0.2820221709074409
4844 0.5240618000228066
4846 0.18800590353155888
4850 0.7340957727168105
4852 0.727903789778747
4853 0.7526274778970418
4855 0.7864153314841812
4857 0.8773474764670948
4860 0.2845468425461921
4861 0.7736037603841016
4864 0.4954154623897769
4869 0.23083437224142245
4871 0.8340376167412231
4879 0.7225071904643127
4880 0.7618640907283767
4882 0.813651415620187
4883 0.5761666000219204
4884 0.927954866356183
4887 0.7658656040219575
4888 0.6813988262725509
4889 0.8249589701423753
4896 0.9060052184657825
4897 0.32360709779849833
4899 0.5317413721988059
4904 0.28903952026373914
4906 0.6501967990426754
4913 0.44004542906419103
4918 0.496168841634354
4919 0.949944224457194
4921 0.5625580679155109
4925 0.8348914180697166
4926 0.5238214047923664
4927 0.9478436545601292
4932 0.7328367780145407
4934 0.7237803857809275
4936 0.6937028104230694
4938 0.590870754216148
4943 0.8438325958680685
4944 0.500760754870777
4946 0.18050752139028317
4950 0.672615947546923
4953 0.9486258963575095
4960 0.648514515917554
4961 0.8661850665347434
4964 0.22589296551445162
4966 0.8471857170070776
4970 0.5641337769978032
4971 0.9343700628623849
4972 0.23302606425792563
4975 0.5410968559759107
4979 0.9012987799990337
4982 0.48362560914047903
4987 0.2437387074442295
4996 0.18804454053801672
4998 0.9255592189648113
