0 0.2302647717909534
1 0.6735230453194515
2 0.8355810604236416
4 0.9481500270971538
5 0.18681390220871721
6 0.5772749789710224
7 0.9273085949751065
8 0.25614798570952135
10 0.7592672840278318
11 0.6945658066447599
12 0.8061477581617609
13 0.5938394906556063
14 0.9165377699752861
17 0.6445576792238151
18 0.8705916940342133
19 0.4281148259888376
21 0.24619130947710927
24 0.6304636316295107
26 0.3858050253112032
27 0.9004461294721352
30 0.47514256581841197
31 0.9476520102704504
32 0.18850917526313324
33 0.5812991711980369
34 0.9248836900975467
37 0.734107789235979
38 0.7417354634723612
39 0.7279430696592504
41 0.7076121777817473
44 0.8768755846483578
45 0.4102662160446423
46 0.9194018224648021
48 0.7687255915348985
49 0.6755889145260316
50 0.8328404257631657
51 0.5290255537156193
52 0.9467985654797063
53 0.19140995916405104
54 0.588134309448096
56 0.27813768015477514
57 0.7629530219250015
59 0.8167598554721098
60 0.5687201370528947
62 0.2406493207222302
65 0.5932740512676659
66 0.9169398151684439
67 0.2894125240037545
68 0.7814810768234167
69 0.6489199328832531
71 0.441726728190208
72 0.937096058011812
73 0.22399873706803194
74 0.6605285508678427
76 0.4789608726980234
77 0.9483179494650105
78 0.18624186151245561
79 0.5759121560247575
81 0.25356926977807526
83 0.7673598523205323
85 0.8290982585735143
86 0.5384384775747453
90 0.9064561130977308
91 0.32221502687684184
94 0.9449507449410652
95 0.1976715713902862
97 0.9099432570111486
99 0.8148295636583769
101 0.9295535299081135
102 0.24883830678522198
104 0.7819605887090585
105 0.6478932603763964
106 0.8668848174339098
108 0.9356288600171045
110 0.670645025616752
111 0.8393450458825806
112 0.5124107713728071
113 0.9494146964649413
114 0.1825004362850339
116 0.9329737104995325
118 0.6884121676073468
121 0.9299171243008735
124 0.7855721841328125
126 0.8754088715854867
127 0.41445908071266374
128 0.9221944542844142
129 0.27265700253164576
130 0.7535976137079948
131 0.7056153512221204
132 0.7893448438988554
133 0.6318623329747586
135 0.3898807028146536
136 0.9039202134721402
137 0.3300241523647585
141 0.18184465352472562
144 0.23500559173820554
145 0.6831562616419292
146 0.8225243785211419
147 0.5547164959862945
149 0.2189168184877368
152 0.444406675977791
153 0.9382556528318144
155 0.6523811092765811
156 0.8617639906354269
157 0.452681897302217
158 0.9414917891969118
159 0.20932300027249648
160 0.6289261509517843
161 0.8868365808828793
162 0.3813583468252056
163 0.8965118009014169
164 0.3525578886344774
168 0.2310739481061779
170 0.8333863306465986
172 0.947096178727472
173 0.19039902647571122
175 0.9220521701384411
177 0.7543855088093856
178 0.7040944490496021
179 0.7917127322951296
180 0.6266339909042581
183 0.8904303035550287
184 0.3707438766505268
186 0.3823097114454969
188 0.34998043790447414
189 0.8644776977569332
190 0.44519282978366154
191 0.9385854615529337
193 0.6500391975820515
195 0.4452548456457835
197 0.21895655560255686
198 0.6498554129726408
199 0.8646647497706371
200 0.4446745570439307
201 0.9383685623745158
202 0.21976541338246086
205 0.45013642991199737
206 0.9405517726366994
207 0.2124737153813152
208 0.6358488154828252
209 0.8798713774612704
210 0.4016513990255726
211 0.9132447002082169
213 0.799621304707466
214 0.6088628803085041
217 0.8360205273342598
218 0.5209427797980226
219 0.9483333199024598
221 0.5757872629873008
226 0.6768844564255698
229 0.9457599654977142
230 0.19493260200601112
231 0.5963487541884733
232 0.9147242867520508
234 0.7925008950519179
236 0.8907349018147048
238 0.8856215246833578
241 0.34297427700374644
242 0.8563031048065145
244 0.9460066682847722
245 0.19409659701296525
246 0.5944078105556169
248 0.2919722436001961
249 0.7855529197556026
250 0.6401462140723915
251 0.8753643469884665
252 0.4145861066377039
253 0.9222769739186383
254 0.27239219773284723
255 0.7531398157190435
256 0.706496888051369
257 0.7879643338553814
258 0.6348908612234604
260 0.398802392462369
261 0.9110843680689065
263 0.8096783249231593
264 0.5855774732765875
269 0.7897415086800336
270 0.6309894609617085
271 0.884798692244452
272 0.38733387249844625
273 0.9017641061124537
274 0.33662529155071186
276 0.4882878762995502
277 0.9494787394020164
280 0.9332412788748385
281 0.23674757825979864
282 0.6866530173020927
286 0.2371810494447549
288 0.8163783797213303
289 0.5696379392106417
290 0.9315721182054808
291 0.24223292579301112
292 0.697513314728121
295 0.9089118475573976
297 0.8193907046864348
298 0.5623603954876297
299 0.9352224880835802
301 0.6734092480203084
305 0.18659720274976688
306 0.5767590093677712
307 0.927610607027338
308 0.2551668412793038
315 0.24783294861012264
316 0.7083647571346728
317 0.7850196863399934
318 0.6413023579148767
319 0.8741278458612451
320 0.4181077488146527
321 0.9245159049440246
327 0.7739549863748106
330 0.49300082852539884
331 0.9498138440749426
332 0.18113652157838817
333 0.563639112089707
334 0.9346102409672481
337 0.8302181022463774
338 0.535632818805444
339 0.9451751484511178
344 0.8087188088006504
347 0.27749206472871174
352 0.927949886674116
353 0.25406379908332266
355 0.7658149539438064
356 0.6815011589874379
360 0.2114804490380244
362 0.8820982041890187
363 0.39520365695100235
364 0.9082673606375158
366 0.8221953207145478
368 0.93828548745441
369 0.22004215965003085
371 0.8620086427408137
372 0.4520090218076249
374 0.2101404648336591
377 0.3865775551177099
378 0.9011143261883107
379 0.3386077298406905
380 0.851019633504733
382 0.9487390495687682
383 0.18480640849005064
384 0.5724813995100249
385 0.930036497555259
386 0.24726072092754184
388 0.7867537117033546
389 0.6375347735325276
392 0.9169187775833749
393 0.28947918501386055
394 0.7815877485387722
396 0.8659849673206176
397 0.4410090140422406
399 0.22506075618092433
401 0.8493448302561049
402 0.4862411203786665
403 0.9492806342799495
404 0.18295826431182394
405 0.5680412437609491
406 0.9324074787603597
409 0.8097534468337728
410 0.5854006482634688
413 0.7530920841056847
414 0.7065887084595557
415 0.7878202010406482
416 0.6352062211170991
417 0.8805332555306895
418 0.3997388774538168
420 0.3055948577108442
423 0.9169308234464763
424 0.2894410161489243
427 0.8658372169414096
428 0.44141989666214326
430 0.22445126733385126
431 0.6614770045191013
432 0.8509156726438448
437 0.9302076235432513
438 0.24670132245201917
439 0.7061911638192874
441 0.6338407167933003
442 0.8819293176073711
444 0.9086569707940229
445 0.31539802484152196
447 0.5596532557893313
449 0.22605156386109285
450 0.664818566480779
452 0.4930458495227457
453 0.949816231206331
454 0.18112836094466392
456 0.9346198044930308
457 0.23220137706127067
458 0.677478810698057
459 0.8303048326621723
460 0.5354151265760547
461 0.9452339214764877
462 0.1967136696333415
463 0.6004661268883591
465 0.30608415388429056
466 0.8071072495758682
468 0.9181134203696074
470 0.7754681055308286
473 0.48261379859622977
474 0.9488513360028407
475 0.18442341704016713
478 0.2456174939287534
479 0.7041002542986663
481 0.6266539542851559
482 0.8890433482829477
483 0.37485203799581346
484 0.8904843529035549
486 0.8863551909494167
487 0.382772732420471
489 0.3487315310522287
492 0.9401726447254601
493 0.2137425627744966
495 0.8769859476792543
496 0.4099500619590232
498 0.28227630247339086
499 0.7698662878342981
501 0.8359351882108017
502 0.5211606874227382
503 0.9482984561696292
505 0.5760705133527034
506 0.9280104525933733
509 0.7664307841823325
510 0.6802556215119521
513 0.9423606954592666
516 0.8930258202629785
517 0.36301667750512906
520 0.9157352435133741
521 0.29322398774332703
522 0.7875259868698672
523 0.635849466123134
524 0.8798707057054259
526 0.913246149776674
530 0.9049527501094767
531 0.3268504266793324
532 0.8360730559837088
533 0.5208086239587294
535 0.18611696496754043
536 0.5756142732114846
537 0.9282734304094561
538 0.2530111014602037
541 0.6748248594851213
542 0.8338578203228288
544 0.9473419060775066
545 0.1895638324543845
546 0.5837916663424441
547 0.9233200352759149
548 0.2690405613891931
550 0.7176034194411213
553 0.8364720887028094
557 0.5743341271142085
558 0.929002862675441
559 0.2506348665018516
562 0.6595757519013893
563 0.8532352017394038
564 0.4758545905580662
565 0.9477845969709492
566 0.18805802791914547
568 0.9255397254420756
569 0.261880579868595
572 0.7293442707699028
574 0.7122632375651482
575 0.7787884083177735
579 0.9439023559456476
581 0.610759262803749
582 0.9033830656720461
584 0.8423295865170465
586 0.9499167806274359
587 0.18078458393740612
588 0.5627857689623433
589 0.9350201994200675
595 0.18945888955321713
597 0.9234775004678977
598 0.2685338650703546
599 0.7464090278467784
602 0.6785086934133995
604 0.5389050651094559
607 0.608102791005785
608 0.9055923889916864
611 0.5274422924348289
612 0.947138298226501
613 0.19025590058461295
616 0.27241044741550946
617 0.7531713831066873
618 0.7064361529482185
620 0.6346822550498045
621 0.8810706226638577
622 0.39818368606180315
625 0.8118464442120739
626 0.5804568218826864
627 0.9254014592876432
629 0.7353450888264607
630 0.7395282188280082
632 0.7455046212542145
633 0.7209644275827338
635 0.684223527597665
636 0.821034429141995
637 0.558360202160799
638 0.9370575298542525
639 0.22412671927125688
643 0.9484551796906168
644 0.18577421687289516
646 0.9287410096306162
647 0.2514883573114954
650 0.6650804716448793
652 0.4939107401052192
653 0.9498590994729484
654 0.18098180436127392
655 0.5632640852353636
656 0.934791090973464
658 0.6763258558291989
661 0.9462259165298591
662 0.19335323938493143
663 0.5926775039762823
664 0.9173613449755595
665 0.2880761293367295
669 0.456227249398551
670 0.9427189959581765
671 0.20519958434757943
672 0.6197523167384082
673 0.8955056540159789
674 0.3555860550372925
676 0.42767019385910254
678 0.24698805743076874
679 0.7067428362859073
682 0.8799882826019816
685 0.3018630406475941
686 0.8008186322866155
687 0.6061309717829979
690 0.8267737672084705
691 0.5442318392446605
692 0.9425654687087313
693 0.20571606244515986
694 0.6209084635694321
695 0.8944483450616614
696 0.35875991169684274
698 0.4179176340337983
699 0.924397443750084
700 0.2655698770058982
701 0.741161566245287
702 0.7289961760712562
703 0.7507308551100204
705 0.7806448080831759
707 0.8636929584756724
708 0.44736424142980874
710 0.21608453155560972
711 0.6436896257564092
712 0.8715425075099357
713 0.4254334274302717
714 0.9288713397697731
715 0.25106362091150336
716 0.7145165808319714
717 0.7751340188830089
718 0.6623448322824794
719 0.8498477906384597
721 0.949134111482941
722 0.1834584896292306
724 0.9317791810901933
726 0.6961807560852871
728 0.5993969743850822
730 0.3035413061587907
731 0.8033351301339827
733 0.9117307617680154
734 0.3058155632929331
735 0.8067111372548845
736 0.5925274574784984
737 0.9174669445277456
740 0.6546377573973123
742 0.45989410532039715
743 0.9438877654054048
745 0.6108710276682922
748 0.8426983910047677
754 0.230477880015999
755 0.6739597419894531
756 0.835004431034459
757 0.523533718511658
758 0.9478954235534534
759 0.18768082032751596
760 0.5793355740330852
761 0.9260822934327951
762 0.260124741047588
764 0.7466177254377822
765 0.7188828504995998
766 0.7679431314772455
768 0.8307013229972202
769 0.5344192128779752
770 0.9454982075824703
771 0.19581911875506364
772 0.5984011676432048
774 0.301192933978223
775 0.7998078518992885
776 0.6084379573702303
779 0.8345940570562507
780 0.5245779045340262
782 0.18833051474450682
783 0.5808761014501885
784 0.9251444136140314
788 0.7368454297250842
790 0.7368528764593201
791 0.7368227166691951
792 0.7368770033038041
793 0.7367792841620764
795 0.7366385433133437
796 0.7372083593104474
797 0.7361823382383336
798 0.7380280317962389
800 0.7406767244772484
802 0.7491828665591759
803 0.7140500162507374
804 0.7758938440636244
805 0.6607538298696267
807 0.4796965237143459
808 0.948433521632728
809 0.1858480313690648
812 0.25181517712922674
815 0.6671802917060501
816 0.843792850247304
818 0.9499971593132
819 0.18050971511819208
820 0.5621186398913366
821 0.9353368433965916
823 0.6726330307196462
826 0.9486175938639702
827 0.1852205670076673
828 0.573472852547097
830 0.2490567511901653
831 0.7107044463317085
832 0.7812938179249831
833 0.6493203943893086
834 0.8652729953138011
837 0.22216289223676883
839 0.8567332647498371
843 0.5967069194334556
844 0.9144615325880263
845 0.2972422244181807
846 0.793779280876228
847 0.6220361896858162
848 0.8934072399464764
849 0.361876825519243
850 0.8775035569511617
851 0.40846604505903994
853 0.2855345882824037
854 0.7752174312718473
856 0.8500629067502928
857 0.48433265300663597
861 0.9314891303343239
862 0.2425050955326496
864 0.8009552372284338
865 0.6058185917021532
866 0.9074492174706573
868 0.8257055391715498
870 0.9416484572650118
872 0.6277636036983213
873 0.8879705539660695
874 0.3780196271699924
875 0.8934589968481588
882 0.6656747122460624
883 0.8456971809443007
887 0.5626317481897304
888 0.9350936036510532
890 0.6742825380166761
891 0.8345772683813701
893 0.9476965398285043
894 0.1883576712572209
896 0.9251048615253551
898 0.7370730920055676
901 0.7354933905500806
905 0.7225513862566199
906 0.7617893458059758
909 0.5766770337348469
910 0.9276584034909755
911 0.25501150170948994
912 0.7219264156803709
913 0.7628449308884003
914 0.6874676607638338
916 0.5694601081358511
918 0.24192458815082543
919 0.6969089108357399
920 0.8026621471672339
921 0.6019033737540546
923 0.30953728409161724
924 0.8121510246254501
929 0.7441112491378459
930 0.72355685256857
931 0.7600848679446116
935 0.9203787601533934
937 0.7635137063286358
938 0.6861300009923929
940 0.5648791486004099
941 0.9340046450921665
942 0.23423187854600577
945 0.5493969432794767
946 0.9407277795796478
947 0.2118842923658148
948 0.6345594882549203
951 0.9103250297319607
952 0.3102068059067691
954 0.5774359416330871
955 0.9272139647849091
956 0.256455267512482
958 0.7582970227014721
959 0.6964740626415097
961 0.6004065362721065
962 0.911690404400585
963 0.3059418415130345
966 0.9177717016054739
968 0.7772315306974855
969 0.6579421778710907
970 0.8552062201074796
971 0.47054845654843563
972 0.9467039050356182
975 0.9199761153136371
978 0.6817894646407912
979 0.8244198440733352
980 0.5500567061314448
985 0.4032518388997545
986 0.9144312146301394
988 0.7939264005344704
990 0.8937115605821692
991 0.36096658684302113
992 0.876544898098499
996 0.7653088787816488
997 0.6825225555905726
998 0.823404963462608
999 0.5525550725094468
1000 0.9395042645434019
1001 0.21597680550302106
1002 0.6434571349533788
1004 0.42471684915813046
1007 0.7170248721141075
1009 0.6708814028399598
1010 0.8390382754211
1013 0.18276329903434715
1015 0.932649639849774
1016 0.2386942987238712
1017 0.690533455826244
1018 0.812048608401453
1019 0.5799775307799232
1020 0.9256936593673165
1021 0.2613826518229598
1022 0.7336346923660371
1023 0.7425763559875034
1024 0.7263955037601313
1025 0.7552312883333463
1026 0.7024565599316609
1027 0.7942430970944236
1030 0.35901158227689633
1031 0.8744646110581553
1034 0.2671212452168246
1035 0.7439164451684231
1037 0.7594705712043425
1039 0.8067396933734192
1040 0.5924608899348869
1042 0.2875926568213897
1044 0.6551452087991771
1047 0.9443742304364469
1048 0.19961986463125939
1049 0.6071327422482569
1050 0.9063857870458004
1053 0.5357162971839677
1054 0.9451525152387726
1056 0.601100710706575
1058 0.3076039017558381
1059 0.8093382172456067
1061 0.9216479271448114
1062 0.2744094970310386
1063 0.7566139148868019
1064 0.6997673350085829
1065 0.7983534450815607
1066 0.6117438428702637
1067 0.902550591606226
1070 0.4962185922534907
1075 0.23050082786683196
1076 0.6740067456342409
1079 0.9478670288025646
1080 0.18777747314393864
1081 0.5795649561497409
1084 0.7321642349954
1087 0.7634433037303665
1088 0.6862709777345934
1089 0.8181518668444346
1090 0.5653616805689243
1093 0.6831840077772928
1094 0.8224857533196651
1095 0.5548111678422227
1096 0.9385837963431323
1098 0.6500510494202824
1099 0.8644417937579134
1102 0.21890465374800067
1104 0.8647909718618695
1106 0.938220982386341
1107 0.22025700826613082
1108 0.6526266625879807
1110 0.453464080279048
1113 0.6268543815595529
1114 0.8888502703407447
1115 0.37542277557253306
1116 0.8910259575850045
1117 0.3689750618799751
1118 0.8847633692444458
1119 0.3874371688131167
1120 0.9018525143337341
1121 0.3363553155498928
1122 0.8482375855546542
1125 0.1820217832515713
1126 0.5657814439592593
1127 0.9335566461964123
1130 0.8205479842836961
1131 0.5595461611323053
1133 0.22589063820968827
1134 0.6644834195598504
1135 0.8471917778216133
1138 0.18134405551986818
1139 0.5641418783804055
1141 0.2330391006821804
1143 0.8279976561436925
1144 0.5411866427441274
1145 0.943553909745977
1147 0.613422361366227
1150 0.8510193643135235
1152 0.9487391489874382
1154 0.5724805873031565
1155 0.9300369449639201
1157 0.7072640471557103
1158 0.7867581360752147
1160 0.8781299853917585
1161 0.40666731376098836
1164 0.7816918635223898
1167 0.4403088146874623
1168 0.9364604571047402
1169 0.22610862365890055
1170 0.6649373530707173
1171 0.846623544335697
1172 0.4934380503462046
1173 0.949836375103616
1174 0.1810594954078279
1175 0.5634524272158644
1176 0.9347004000255786
1177 0.23193513642688726
1178 0.6769366698866082
1179 0.8310349764278622
1180 0.533580208649338
1181 0.9457150044308543
1182 0.19508491233577333
1183 0.5967017993959245
1185 0.297230371300899
1186 0.7937610151734691
1194 0.776444353495793
1195 0.6595983737971135
1196 0.8532077645090039
1199 0.18801210013215133
1200 0.5801214912769871
1201 0.9256060772150964
1203 0.7341481911378508
1204 0.7416635734301155
1205 0.7280751256525513
1206 0.7523306008225772
1207 0.7080512179763654
1209 0.6402267127130855
1210 0.8752785823583907
1212 0.9224355526484321
1214 0.7522583131925764
1216 0.7852965876874309
1217 0.6407022568048505
1220 0.9233641684284575
1222 0.7470500858051283
1223 0.7180717693939791
1224 0.769289872894841
1225 0.6744352645538654
1227 0.5251350547579887
1229 0.18868859431399285
1230 0.5817237930212485
1232 0.2648497785494566
1233 0.7398766187366896
1235 0.7466220840307352
1236 0.7188746811396807
1237 0.7679567210328119
1238 0.6771569434827066
1240 0.5343255533056346
1243 0.5982096311527942
1244 0.913348499725562
1246 0.7991279702390902
1247 0.6099853381984395
1248 0.9040322564492246
1250 0.8397663726099929
1252 0.9495127589464848
1254 0.5661285851748061
1255 0.9333826388465578
1258 0.8189295607460984
1259 0.5634789540727428
1260 0.9346876050813563
1261 0.23197740675681236
1263 0.830919154180292
1264 0.5338715509070804
1265 0.9456403285487663
1266 0.19533785076960083
1268 0.9140333898201656
1270 0.795849456509688
1273 0.34919102322699846
1274 0.863575279593785
1275 0.447689461059544
1276 0.9396017085598843
1278 0.6427540687732617
1279 0.8725608482249797
1280 0.42255397460555777
1283 0.7246423251223274
1284 0.7582361379018112
1285 0.6965935689099156
1286 0.8031336809203966
1287 0.6008178916682744
1290 0.8083446869475014
1291 0.58870950531874
1293 0.27937235188839793
1294 0.7650290753772236
1295 0.6830864389778368
1297 0.5544782692238078
1302 0.44218669675633837
1304 0.22332454285401232
1305 0.6591126273696232
1307 0.474347741262512
1309 0.18902810639279385
1311 0.924119550754238
1312 0.26646590533848863
1315 0.7557975703273422
1317 0.7959305286007017
1318 0.6172154645200152
1319 0.8977900325339568
1320 0.3486997420632075
1321 0.8630112814033882
1323 0.9402115805380619
1324 0.2136123045686896
1325 0.6383319340410633
1328 0.9185979112591025
1329 0.28414799702016286
1330 0.772950068676451
1331 0.6668933880361786
1332 0.844157068713261
1334 0.9499999708835077
1335 0.1805000995784003
1336 0.5620952917962339
1337 0.9353478639996141
1338 0.22979450178169925
1339 0.6725581571838795
1341 0.5188219122172701
1345 0.9296512026220768
1348 0.7829326509298883
1350 0.869213613346538
1351 0.43198896933445385
1355 0.8099018121769906
1357 0.9225118541582081
1360 0.7090038609462226
1361 0.7840060672163738
1362 0.6434941043802966
1363 0.8717558796307667
1366 0.2521808975603408
1368 0.7716786761661582
1369 0.6695246482830943
1370 0.8407932957730739
1372 0.9497145075828722
1374 0.5644615333820195
1377 0.6802262200427954
1378 0.8265703365145263
1379 0.5447368981733984
1382 0.6221914635523709
1383 0.8932631356927325
1384 0.3623076031994539
1385 0.8779550546806196
1386 0.4071699112372053
1387 0.9172537835571082
1388 0.2884172644076561
1390 0.6523258720013807
1391 0.8618279491322721
1392 0.45250603386158883
1394 0.20953558293564445
1398 0.8977257086894325
1401 0.4486300163188795
1402 0.9399722741510854
1403 0.2144127123176241
1405 0.8754437723208526
1408 0.2728648314158628
1410 0.7049230923868238
1411 0.7904247995851608
1413 0.8862897252071151
1414 0.3829649431577636
1415 0.8979506227857511
1416 0.34821414693284475
1418 0.4507884584557894
1419 0.9407972518796012
1421 0.6340497047131244
1423 0.3963113448479678
1424 0.9091449186124991
1425 0.31388165517957156
1426 0.8183678545409555
1430 0.6814647296591528
1431 0.8248680971809761
1435 0.633335001758383
1436 0.8824427537631496
1437 0.3942026523574238
1438 0.9074663006808243
1440 0.8256328153216808
1441 0.5470604244255693
1443 0.20901288991891187
1445 0.8875064203383631
1447 0.894719829525974
1448 0.35794577348014706
1449 0.873318267565816
1451 0.9259269415786484
1452 0.2606277136623428
1454 0.7450040169330115
1455 0.7218975204094166
1458 0.8165910055664862
1460 0.9318417953736539
1461 0.2413481223201452
1462 0.6957769834562045
1464 0.598007280783184
1465 0.9134993770712473
1468 0.6116173536463069
1469 0.902657952186982
1470 0.3338929794542273
1471 0.8451521393565437
1472 0.49730600265088404
1474 0.18059431716155774
1478 0.6732924003364504
1479 0.8358850271453993
1480 0.5212887444502308
1481 0.9482777995669844
1482 0.18637865477845358
1483 0.5762382769214249
1485 0.254182608696129
1487 0.7654432898389806
1489 0.8237807297994693
1490 0.5516309482399877
1491 0.9398701316985909
1493 0.6408124012365235
1496 0.9235772481439534
1498 0.7458438306246604
1500 0.7655260150504511
1502 0.8240118173805571
1503 0.5510621003514444
1504 0.9400921152492562
1506 0.6392011399894357
1509 0.9203854672057672
1510 0.27844902405631755
1511 0.763477627221927
1512 0.6862022518233124
1513 0.8182491413805254
1516 0.23463478120680342
1518 0.8235625152610185
1519 0.55216773512826
1520 0.9396584041640333
1521 0.2154618530621549
1522 0.6423445631612736
1523 0.8730044962860194
1525 0.9264622158167173
1528 0.7505538517889243
1529 0.7114465159441883
1531 0.6518599041588374
1534 0.9408850602797257
1535 0.2113573817641419
1538 0.3944078787905759
1540 0.3185799977032603
1542 0.5487984382120622
1543 0.9409511072266413
1545 0.6329189716950784
1547 0.39297853411705913
1548 0.9064763421930128
1549 0.32215253630207735
1552 0.9448919251633655
1554 0.6031274268472504
1555 0.909585988561087
1557 0.8164196564952156
1561 0.6971758846425705
1562 0.8022623479585949
1566 0.8153583884496162
1567 0.5720865299709518
1568 0.9302534223476389
1569 0.24655157172094833
1570 0.7059027979709378
1575 0.9063113780458794
1577 0.8304947468572597
1578 0.5349382447390723
1579 0.9453614124073001
1582 0.912401046036357
1583 0.3037164334668506
1586 0.9121891240478448
1587 0.3043804788633475
1588 0.8045854112110137
1589 0.5974653636541872
1590 0.9139019109734766
1591 0.29900379075151606
1596 0.8591396814561758
1597 0.45987101897351496
1598 0.9438807265507488
1600 0.6109249380369577
1603 0.8428761615883352
1606 0.1806378190999819
1607 0.5624296301609796
1608 0.9351896568562604
1610 0.6736318601719367
1612 0.522430364244068
1613 0.948088139287538
1620 0.7005073013095833
1621 0.7972279240618824
1622 0.6142911323998828
1625 0.8538077818029836
1626 0.47431620343547903
1627 0.9474933018573226
1628 0.18904903021275835
1630 0.9240885266759936
1637 0.6134489200640033
1638 0.9010915016379832
1639 0.3386773077923932
1640 0.851104958119781
1644 0.5727404335184217
1646 0.24772783077014546
1647 0.7081632600018417
1648 0.7853386173045415
1651 0.4160001366577672
1652 0.9231872872422475
1653 0.26946757568288043
1655 0.7161938588167097
1656 0.7723888185577742
1657 0.6680564597938599
1658 0.8426767000219081
1659 0.5037761811959618
1660 0.949945813731186
1662 0.5625448792571672
1667 0.5236784428881486
1668 0.9478694591010921
1671 0.9259556557717644
1674 0.7453024645034654
1675 0.7213414634523992
1676 0.7638302349156507
1677 0.6854957071485397
1678 0.8192471019919602
1679 0.562708893904993
1680 0.9350568595758069
1681 0.23075700995693935
1682 0.6745312067881548
1683 0.8342476598568672
1684 0.5254583071447904
1685 0.9475371234698218
1686 0.1888999878421585
1688 0.9243091542248209
1690 0.7416685727544049
1691 0.7280659435828258
1694 0.785564083015309
1699 0.27254560795376637
1700 0.7534050982477373
1701 0.7059862534918075
1702 0.7887647208151534
1703 0.6331367568476768
1704 0.8826434951091139
1705 0.3936190314725898
1706 0.9069957402336465
1709 0.5421097704767961
1710 0.9432617154754878
1711 0.20337239605616536
1713 0.8991789460798952
1714 0.3444934422248675
1715 0.8581072998579314
1716 0.462684814796154
1717 0.9447087924221701
1718 0.19848954178117786
1719 0.6045474856217684
1720 0.9084653283506312
1722 0.8213375327275327
1724 0.9373836141711291
1725 0.22304318140748317
1726 0.6585206984134245
1727 0.8545105150631763
1729 0.9471104949234401
1731 0.5856450293602858
1732 0.9221267299943279
1734 0.7539728659754585
1736 0.7904738787939405
1738 0.8863962930920147
1739 0.3826520378020494
1742 0.8634212926607707
1743 0.4481148633549428
1745 0.21508843815609463
1746 0.6415365273251326
1751 0.7379187149188936
1753 0.7403239130724752
1754 0.7305287838610267
1755 0.7480546232839129
1756 0.716181834696409
1757 0.7724085745197191
1759 0.8427289315523755
1760 0.503640142012475
1761 0.9499496475912902
1763 0.5625130626891385
1766 0.6739003096316051
1767 0.8350829927781211
1774 0.7303230448533675
1776 0.7155021026253761
1777 0.7735236063033591
1778 0.6657023798202589
1779 0.84566234102323
1780 0.4959666747936929
1782 0.1807114006667672
1784 0.9351048089536347
1786 0.6742066786397835
1789 0.9477440963894993
1791 0.5805570579420926
1793 0.2625259418426245
1798 0.7247900488072402
1802 0.6025214727034326
1803 0.9100595210119334
1804 0.31103451906436214
1806 0.5745955795563841
1807 0.9288548981404592
1810 0.7749687049640259
1811 0.6626904029035445
1812 0.8494209646517129
1813 0.48603895995509233
1814 0.949259339571285
1815 0.18303097407029656
1816 0.568216419084465
1818 0.2397883776293704
1819 0.6927016640163304
1821 0.5874279872402665
1822 0.92095411877904
1823 0.27663099355525517
1826 0.8094475775811062
1827 0.586120347570904
1828 0.9218164857902134
1829 0.27386923879925995
1830 0.7556865395873407
1831 0.7015726952006348
1833 0.617958197260729
1834 0.897126282056196
1836 0.8653014949447819
1837 0.4429083076062083
1838 0.9376140469065279
1840 0.656905742653886
1841 0.8564462341044835
1842 0.4671951123323806
1843 0.9459105895114365
1844 0.19442223541394013
1846 0.9155861475510939
1847 0.2936949850618335
1849 0.6342318108559833
1852 0.9095681361457227
1854 0.8164988290954026
1855 0.5693482664887087
1857 0.24173103776292829
1859 0.8032299231960504
1860 0.600596131978366
1861 0.9115455892777664
1862 0.3063948661948608
1864 0.590534800594292
1865 0.9188531095491367
1867 0.7716152979449108
1868 0.6696554937047299
1870 0.5091044187564261
1871 0.949685016324609
1872 0.1815768671539173
1874 0.9340901572705058
1875 0.2339497943712966
1876 0.6810256947227136
1879 0.9414420522230226
1881 0.6292946961005952
1882 0.886474949928968
1883 0.3824210296941263
1886 0.8641346375181631
1887 0.44614266988616064
1888 0.9389776743734339
1889 0.2177346853264273
1893 0.9346571112956995
1895 0.6772279390290924
1897 0.5345658377033681
1899 0.19594925159555487
1901 0.9129801219278642
1902 0.3019001917912965
1905 0.9073007250307693
1906 0.31960325367975667
1907 0.8263366528848652
1908 0.5453166781388312
1910 0.2069571922239345
1911 0.6236784686807356
1912 0.8918738182621956
1916 0.9079679396782345
1917 0.3175362087398463
1918 0.8234864665400898
1919 0.5523547226685479
1921 0.215709993856077
1923 0.8724231501570726
1924 0.42294378946291367
1927 0.7232645882166088
1928 0.7605811098641788
1930 0.8099599252458928
1931 0.5849144100179301
1933 0.27135426637234394
1934 0.7513402882767095
1936 0.7825051739858756
1938 0.8681925850034581
1939 0.4348500373241909
1943 0.8234551390579635
1944 0.5524317374645752
1946 0.21581244183361328
1948 0.8721826450014629
1950 0.9278336588942252
1952 0.7208643900980803
1953 0.7646319005090912
1954 0.6838858374851964
1957 0.9375640316840035
1961 0.46832951643222814
1962 0.9461885257882173
1963 0.1934800379287618
1965 0.9171529169812874
1966 0.28873708664521186
1969 0.8630900373744024
1971 0.9401275821169259
1973 0.6389432413314727
1974 0.8766401476155556
1975 0.4109403569757033
1976 0.9198598439406623
1980 0.8261470731510914
1981 0.5457867293649112
1983 0.20750397169586518
1988 0.3848365534973957
1989 0.8996020462406389
1990 0.3432091776331183
1991 0.8565832244817645
1992 0.46682393526911264
1993 0.9458175251700935
1996 0.9150546930710379
1997 0.2953724866868847
2001 0.3800370089239817
2003 0.3561627576431214
2004 0.8713812213024404
2006 0.9291285894402594
2007 0.25022488415505034
2009 0.7777158102011217
2010 0.6569209293044713
2011 0.8564281233956402
2012 0.4672441728401166
2013 0.9459228119908729
2018 0.7879207067228531
2019 0.6349863332328087
2022 0.9113019991152923
2025 0.5879155486565486
2026 0.9206292539567884
2027 0.2776699167198713
2029 0.6888271980649022
2030 0.8145082992296411
2031 0.5741212129195785
2032 0.929122974022256
2033 0.2502431980319181
2038 0.46762782290408966
2039 0.9460177601702698
2041 0.5943203946802036
2042 0.9161939199600084
2044 0.7852392814237604
2045 0.6408264988648558
2048 0.9236044660932123
2051 0.7206194430498899
2052 0.7650428331237542
2053 0.6830587271169883
2054 0.8226601092199703
2056 0.9387611597753525
2058 0.6487871272922434
2062 0.224615308809483
2064 0.8504937602882001
2065 0.4831856711963433
2069 0.930868454255266
2070 0.24453902548517548
2071 0.7020108238997574
2072 0.7949281827038964
2073 0.6194659947785128
2074 0.8957659291480052
2077 0.43009417475319217
2078 0.9314300672669386
2082 0.6071229215119017
2083 0.9063937828096688
2084 0.32240755451586156
2087 0.9451297872396003
2088 0.1970659955457071
2092 0.8099595410199865
2093 0.5849153151365815
2095 0.2713561424286689
2096 0.7513435483006232
2098 0.7825151100721671
2101 0.43478347136346923
2103 0.23478191358377734
2104 0.6827055932233248
2105 0.8231509315786693
2108 0.21681419994779416
2111 0.4302973921056679
2112 0.9315378765203702
2113 0.24234523228750082
2114 0.6977332785650687
2116 0.6047412400136443
2117 0.9083112360335358
2118 0.3164713512093116
2119 0.8220054932776437
2121 0.9380885803656007
2122 0.22069790386235985
2124 0.8603896023523938
2126 0.942794059339372
2127 0.2049469998522907
2128 0.6191861629945763
2129 0.8960197024923952
2130 0.3540399019037723
2131 0.8690434691022105
2132 0.43246628806942194
2133 0.9326689514609353
2134 0.23863079807844023
2135 0.6904073330901703
2136 0.812231180520858
2137 0.5795444216600953
2138 0.9259562029344915
2140 0.7320910944264579
2141 0.7453081507741302
2142 0.7213308624223511
2144 0.685459949671538
2145 0.8192975068577563
2146 0.5625865880348001
2147 0.9351150921930164
2148 0.2305644548742789
2150 0.834769892796975
2151 0.5241306517314671
2153 0.18804881455011174
2155 0.9255530424181854
2158 0.7411104896297646
2160 0.7505679148586719
2161 0.7114197361648339
2163 0.6517682907666913
2164 0.8624722664874768
2166 0.9407763683385544
2168 0.6342029985914549
2170 0.3967645744011616
2171 0.9095012982254214
2172 0.31277300965643917
2174 0.5686355129902816
2175 0.9320988321549313
2177 0.6941154853282946
2181 0.2872124926576876
2183 0.6564441501993938
2184 0.8569958658998801
2187 0.19570928647317276
2189 0.9133950724258199
2190 0.3005971535573944
2191 0.7989063183562293
2192 0.6104890488175532
2194 0.33097532236522065
2195 0.8414365017317438
2197 0.9498137873337308
2198 0.1811367155530438
2199 0.5636395821604581
2201 0.2322337170548428
2202 0.6775446273273893
2203 0.8302160401672781
2205 0.9451737468845111
2206 0.19691727332226008
2208 0.9112858700586663
2211 0.5877422020583933
2213 0.2772999701260253
2215 0.6900722265590927
2216 0.8127156850253019
2218 0.9266467533782147
2219 0.2582956817609497
2221 0.752460304991642
2222 0.707802418733403
2226 0.41224057662721136
2227 0.9207334777152474
2235 0.7264961236231839
2236 0.7550581227379513
2237 0.7027923452964903
2239 0.6221551273218652
2240 0.8932968745021198
2241 0.3622067603260825
2242 0.877849487780632
2243 0.4074731054188733
2245 0.2877398749817213
2246 0.7787934294434539
2247 0.6546420500568001
2248 0.8591261781460744
2249 0.45990787504673736
2250 0.9438919617635815
2251 0.20124771987038065
2252 0.6108388854459431
2253 0.9033160175977841
2254 0.33187752180644275
2256 0.5039957971126435
2257 0.9499393277006514
2258 0.18070748527548625
2259 0.5625987021554054
2260 0.9351093294561436
2262 0.6741760715412564
2263 0.8347182451893295
2264 0.5242620460820285
2265 0.9477631418556713
2267 0.580403460169275
2269 0.26222221317292504
2270 0.7351545515481488
2271 0.7398688801675183
2272 0.7313590972432868
2273 0.746597278866531
2274 0.7189211718113647
2276 0.6773144275511743
2280 0.19621070056845208
2283 0.30332556779424413
2284 0.8030128373228653
2285 0.6010962375866776
2286 0.9111622928341084
2289 0.5864144151032985
2293 0.6995075727356107
2295 0.6108495843327276
2300 0.9499420865657594
2302 0.5625758088716631
2304 0.23054750123997741
2305 0.6741023334655241
2306 0.8348158344310659
2307 0.5240137566540705
2308 0.9478086900671644
2310 0.5800359672223638
2312 0.26149760384969023
2313 0.7338431067161306
2315 0.7270775325691674
2316 0.7540560179687351
2317 0.7047310509887049
2320 0.8869377394125824
2321 0.3810609061094659
2324 0.8682951128732296
2325 0.43456309736804133
2326 0.9337284447409551
2327 0.23514261764585068
2329 0.8221400496371855
2331 0.9382283124308943
2332 0.22023259549908777
2333 0.6525747576395272
2337 0.20858342163561785
2341 0.8921971989716602
2342 0.36548915705137924
2345 0.9102130428618568
2349 0.9279138027669295
2350 0.25418115412587244
2351 0.7203777610498252
2352 0.7654478412517313
2353 0.6822422855842235
2354 0.8237934475111456
2356 0.9398824081866631
2357 0.21471317447802715
2358 0.6407234232976625
2359 0.8747482889144702
2360 0.4163421358315717
2361 0.9234051746985517
2362 0.268766620546258
2363 0.7468182720603267
2364 0.7185068141931873
2365 0.7685681341743469
2366 0.675910397763218
2367 0.8324110214433883
2369 0.9465546294523883
2370 0.19223805907563257
2372 0.9191694772869923
2374 0.7699524955144977
2375 0.6730774706288812
2376 0.8361679188106932
2377 0.5205662953774514
2378 0.9483927044789002
2379 0.18598713376637105
2381 0.9284510853008369
2382 0.252432736517233
2383 0.717099710196286
2384 0.7708973201642166
2386 0.83870785321967
2387 0.5140525626358253
2391 0.9322752093182178
2392 0.23992494495378563
2394 0.8084953516547854
2396 0.9203339916313297
2398 0.7637544245832395
2399 0.6856476933485041
2400 0.8190327490266431
2403 0.23157944000103492
2404 0.6762115312853996
2405 0.8320080857198077
2406 0.5311283978633415
2408 0.19304130684890297
2409 0.5919501706560885
2410 0.9178716312420017
2411 0.2864565392519646
2414 0.8539014699504894
2415 0.47406424835415467
2416 0.9474438797889472
2418 0.5829731652351046
2421 0.74435788115945
2423 0.7608618784036676
2424 0.6914141055036985
2425 0.810770432814032
2427 0.9238201569063703
2428 0.2674306034794666
2429 0.7444636080478846
2430 0.7229026684927989
2432 0.6907538064703389
2434 0.5807343006540374
2435 0.9252314962520333
2436 0.26287706346197665
2441 0.7315134558173911
2442 0.7463257751468577
2443 0.7194297274935387
2445 0.6790363343982699
2446 0.8281947656678772
2447 0.5406951439951873
2449 0.2018721126232484
2450 0.6122550985194446
2451 0.9021154128542811
2452 0.335552140031118
2453 0.8472362251362889
2454 0.49182261502178176
2457 0.5642017831859459
2458 0.9343368979358301
2459 0.23313554454762522
2462 0.5418508569099121
2464 0.2030940863450863
2466 0.8997291460857371
2468 0.8561226244600856
2471 0.19369158265761727
2472 0.5934655831677778
2475 0.7821695377181191
2476 0.6474453375389831
2477 0.8673875152644582
2478 0.43710037178566835
2481 0.6751467533008876
2482 0.8334297362710005
2483 0.527533521686954
2485 0.1903206648713506
2486 0.585575095698255
2487 0.9221722313856909
2489 0.7537207943479178
2490 0.705377882358754
2491 0.7897157166637684
2492 0.6310462533683965
2493 0.8847421420168029
2494 0.3874992397940246
2495 0.9019056000216948
2496 0.3361931769505655
2497 0.8480358339453148
2499 0.9495976421015374
2500 0.18187544882360393
2503 0.23512757466259857
2504 0.6834018735243542
2505 0.8221822605934758
2507 0.9382719891201161
2510 0.8618979819398344
2512 0.9413587668780034
2513 0.2097692678197275
2517 0.8990463786994229
2518 0.3448955530581316
2522 0.19974940843687686
2525 0.32317658033591357
2528 0.9458122189987682
2529 0.19475556848729844
2533 0.7910339191786077
2534 0.6281371799726507
2536 0.3790902672169838
2538 0.35876340801040063
2541 0.9243907851693567
2545 0.7508528953855814
2546 0.710876734531348
2547 0.7810178107669024
2548 0.6499101621207543
2549 0.8646023845131309
2550 0.4448473845878884
2553 0.6510654993588155
2554 0.8632810166331925
2555 0.44850223122502575
2556 0.9399223232825572
2557 0.21457972801517344
2561 0.9228420940477975
2563 0.749987925973527
2564 0.7125229400963266
2569 0.9447394713273727
2570 0.1983858500451064
2572 0.9086539398183048
2573 0.31540743838971386
2575 0.559621085998654
2576 0.9364922391964962
2580 0.4927134146535067
2583 0.5637683576102271
2584 0.9345476669572378
2585 0.23243963553968186
2586 0.6779635152054746
2590 0.19824286614537195
2591 0.6039820022377923
2592 0.908913424200355
2594 0.8193838008251852
2595 0.5623771535277419
2596 0.9352145447275507
2598 0.6734631177081297
2601 0.9481836706027768
2602 0.18669931013908247
2603 0.5770021753841581
2605 0.2556285021844198
2606 0.7230737700104055
2611 0.9240040817502901
2612 0.2668380469045544
2614 0.7248468830311239
2617 0.8021080408188036
2618 0.6031767803559716
2619 0.9095472975824272
2620 0.312629841963137
2622 0.5691260200878893
2623 0.9318420547178732
2625 0.695775310267554
2627 0.5980015222922229
2628 0.9135036661879462
2630 0.7983887625538831
2632 0.9026185810525876
2634 0.8453041768227143
2638 0.5623968538517876
2639 0.9352052039917149
2641 0.6735264560774175
2642 0.8355765623566059
2646 0.5772905780523347
2647 0.9272994328684765
2649 0.7240926805395567
2650 0.7591733880086656
2654 0.9160823244956154
2655 0.2921268971208364
2656 0.7857973377776769
2657 0.6396155505329313
2659 0.41297552015089983
2660 0.9212216116465756
2662 0.7589478734747405
2664 0.8052161688367709
2667 0.2956192146522748
2669 0.627618599764084
2672 0.8930736189406738
2676 0.9160433979806879
2678 0.7859917400597174
2680 0.8763760108215033
2681 0.4116961742167482
2682 0.9203692505377561
2683 0.278500834168836
2684 0.7635648542371742
2685 0.6860275569215609
2687 0.5645285449877082
2689 0.23366308546619927
2690 0.6804456622351366
2692 0.5454830141044841
2693 0.942138922626291
2694 0.20715005777567824
2695 0.6241078630890033
2697 0.3676561794623705
2698 0.883443430028914
2700 0.905092378056983
2701 0.3264206279125259
2702 0.8355067660257293
2703 0.5222537978136349
2704 0.9481181202349054
2705 0.18692257120511255
2710 0.757706931935836
2711 0.6976311214824297
2713 0.6043895546133451
2715 0.3156037713606153
2717 0.558950211253377
2718 0.9367945158540925
2720 0.6626251954049307
2721 0.8495015741141307
2723 0.9492364494938428
2724 0.18310912729543094
2725 0.5684046642268391
2726 0.9322190472656509
2727 0.24010944168693765
2730 0.5896099208854295
2731 0.9194862358998468
2732 0.2813189319841967
2733 0.7682786438675769
2734 0.6765009631293806
2735 0.831620158054724
2737 0.9460828148781778
2739 0.5938074341814478
2742 0.7833977536378693
2743 0.6448057102854361
2744 0.8703189638211752
2746 0.9307808456789839
2750 0.6213813111057941
2751 0.8940129937941059
2752 0.3600642907413422
2753 0.8755883896422503
2754 0.4139467739505765
2756 0.2737284488570842
2757 0.7554445035448396
2760 0.6195760370767098
2762 0.35510406922074234
2764 0.42916218020666363
2767 0.7016090941085484
2769 0.6180834681227111
2773 0.4418408202688426
2774 0.9371465372893958
2776 0.6601766784133669
2777 0.8525050404313512
2778 0.47781274658786743
2780 0.1868842983389523
2781 0.5774425180185772
2782 0.9272100943311808
2783 0.25646783414586555
2784 0.7246299199386985
2786 0.6965520022811919
2788 0.6006748132753155
2791 0.8078415913505538
2794 0.2819224271680307
2795 0.7692802544653249
2799 0.9475865850446792
2805 0.7306777344883321
2806 0.7477935746830562
2807 0.716673708514012
2808 0.7715995153473828
2810 0.8405826407241014
2813 0.1816027367681773
2817 0.6812311075990526
2818 0.8251900854259983
2821 0.2103418442101925
2823 0.8846158668289859
2824 0.3878684129368737
2825 0.9022207272942772
2826 0.3352302488324783
2827 0.8468335305807333
2829 0.9498076159467745
2830 0.1811578128178601
2831 0.5636907067570551
2837 0.9450200440113402
2841 0.3100899488733852
2842 0.8129498554281288
2843 0.5778370743525505
2844 0.9269772814536948
2846 0.7260264147531404
2848 0.7012241778629363
2849 0.7961335549248643
2850 0.6167586870607371
2851 0.8981961541842409
2852 0.3474713266129449
2853 0.8615930144201832
2854 0.45315186930559564
2856 0.2087586227440583
2857 0.6276781486614365
2860 0.8932320047665597
2862 0.8780523850742784
2863 0.40689029773066815
2864 0.9170562167046022
2865 0.2890436260105666
2866 0.7808901514382751
2867 0.6501827467349349
2869 0.4457083557331008
2870 0.9387991859786267
2871 0.21833004266107953
2873 0.866183692226468
2875 0.9365271971967942
2876 0.22588722320854226
2877 0.6644763052787706
2878 0.8472006710070097
2879 0.4919164373986724
2881 0.18134897612589065
2883 0.9343603042606502
2884 0.23305827911386245
2885 0.6792200470713202
2886 0.8279446639654643
2889 0.2025273247101622
2890 0.6137380283324455
2892 0.3394378956589184
2894 0.47907041296118835
2895 0.9483354190682622
2896 0.18618233763376557
2899 0.2533030367450706
2900 0.7187343116190249
2901 0.768190143498095
2904 0.532716699576863
2905 0.9459325467614297
2908 0.9157110388301423
2911 0.6355868435467799
2912 0.8801415898566799
2913 0.4008710123126959
2915 0.30290741783724145
2916 0.8023871534143817
2921 0.5744775918368115
2923 0.2508993499933798
2928 0.48143217906604524
2932 0.9298147558396835
2935 0.7845572953227329
2936 0.6423031535787217
2938 0.42117007076258717
2941 0.7295490442164428
2942 0.7497674979374067
2944 0.7776924083027239
2945 0.6569703202099264
2947 0.4674037458572866
2951 0.915880763189399
2952 0.29276412507421135
2956 0.4063768794799116
2957 0.9166919029555077
2961 0.8687436493526766
2962 0.4333068600358672
2963 0.9330976953105534
2964 0.23722026800341073
2965 0.6875978873168427
2967 0.569906364913356
2968 0.9314297805494826
2969 0.2426997089290962
2970 0.698426928816347
2971 0.8003816648979469
2972 0.6071292504939225
2973 0.9063886300167195
2975 0.8301729878210765
2976 0.5357460328305524
2979 0.6011636191441176
2982 0.8095590425316876
2985 0.27331982403886684
2987 0.7034063545986541
2990 0.8913189219938455
2992 0.8838931968523097
2993 0.3899788509599524
2995 0.32977208370476013
2996 0.839885334752367
2997 0.5110162450370312
2999 0.18207635594341143
3000 0.5659133148891624
3001 0.933490652697224
3002 0.23592624529171202
3003 0.6850071978822144
3005 0.5610383567451214
3008 0.6691858527588905
3009 0.8412293594597386
3010 0.5075375921222466
3011 0.9497841018789949
3012 0.18123819444824266
3015 0.2326272287019811
3016 0.6783448444399857
3023 0.32171201762189006
3025 0.5381566908902786
3026 0.9444674543731542
3028 0.6064135453351011
3031 0.8277382249791833
3032 0.5418330923724781
3033 0.9433499710537117
3034 0.20307505203335752
3036 0.899766685056865
3040 0.9462151092748156
3045 0.7796427533467689
3046 0.652839735902425
3048 0.4541433224344184
3050 0.20758580277247057
3052 0.8905518639844695
3053 0.3703831178453744
3054 0.8861579626699528
3057 0.3471749780423461
3059 0.4540964013287256
3060 0.9419928665903008
3061 0.20764076235649653
3062 0.6251990894251359
3063 0.8904357144270438
3064 0.3707278210194067
3065 0.886497074218116
3066 0.38235604415917734
3067 0.8974076186856657
3068 0.34985530152023653
3070 0.44558812875633214
3071 0.9387495234174975
3072 0.21849565166349144
3074 0.8657831813525809
3076 0.9370266084934085
3077 0.2242294251812465
3081 0.9485611098947632
3084 0.9292286387141685
3085 0.24989854768881087
3086 0.7123072014969691
3090 0.46042415398898995
3091 0.9440482591675486
3092 0.2007203454150243
3093 0.6096404157356909
3094 0.9043201211017585
3095 0.32879591075458536
3097 0.5142817526059462
3100 0.5684994612744682
3103 0.6936560686464783
3104 0.8074898428902837
3106 0.9187324535383833
3108 0.7722470945465585
3109 0.6683497741416375
3110 0.8423017434765465
3111 0.5047521623690828
3112 0.9499141844207079
3113 0.18079346129678728
3115 0.9350099210440792
3116 0.23091220065425108
3117 0.6748486737243954
3122 0.5839212935190159
3123 0.9232374226775617
3127 0.7715128108659417
3129 0.8403517488546495
3131 0.9496342572800749
3136 0.6824047481102383
3138 0.5521534363805238
3139 0.93966407248007
3141 0.642303603687102
3142 0.8730488006351239
3144 0.9263870274236947
3145 0.2591375908101845
3151 0.8564353827028123
3152 0.46722450823849904
3154 0.19439740926713736
3155 0.5951068148419774
3157 0.2935633063423094
3158 0.7880587877443871
3159 0.6346841122522897
3160 0.8810687216458879
3161 0.3981891916560415
3163 0.3093136900580278
3165 0.5805024806965469
3166 0.9253735322864679
3169 0.7392364751330105
3170 0.7325104540705433
3171 0.7445677772420572
3174 0.6901027025824846
3175 0.8126716573891745
3176 0.5784984517289254
3180 0.7518162658156828
3181 0.7090365594284523
3184 0.8716335735002876
3185 0.4251762507801441
3186 0.9287253449001995
3187 0.2515393988327788
3188 0.7154158527369676
3189 0.7736648394804992
3190 0.6654087114020278
3191 0.8460318411308184
3192 0.49499546670974093
3195 0.56288491731665
3196 0.9349728512614967
3197 0.23103475092868686
3198 0.6750992402096246
3199 0.8334929730964462
3200 0.5273732602021134
3201 0.9471526775784481
3204 0.9223459231153711
3206 0.7527568256868429
3207 0.7072331508611014
3208 0.7868068004998839
3212 0.9166719224523144
3213 0.29026113435159134
3216 0.8689844084343594
3218 0.9327538609092331
3220 0.6898523651617913
3224 0.2568438273998492
3225 0.7253252877604934
3226 0.7570683558434731
3227 0.6988802696109473
3229 0.6086899768989924
3232 0.8354406356375805
3233 0.5224224038596126
3234 0.9480894960595945
3235 0.18702005338002295
3236 0.577765501452274
3239 0.725772941643076
3240 0.7563009995229623
3242 0.7974260680585737
3243 0.6138433893490233
3244 0.9007507942658013
3248 0.9481882220585667
3249 0.18668380691032752
3250 0.5769652599616213
3251 0.9274901252843522
3253 0.7229434306710524
3254 0.7611256615383624
3255 0.69089087776738
3256 0.8115305565837568
3257 0.5812051067955358
3259 0.2638130493614288
3260 0.7380197525226019
3261 0.7347170701545015
3262 0.7406500085167299
3263 0.7299327789234117
3266 0.7756307488819136
3267 0.6613052230290227
3270 0.948699312366208
3271 0.18494192291195008
3273 0.9298573154986594
3277 0.6413895715913903
3279 0.4183741038102573
3280 0.9246814096706412
3286 0.764441456252046
3288 0.8209711452862369
3289 0.5585145907958372
3290 0.9369889621231837
3294 0.4813976491699654
3297 0.5729226442212316
3298 0.9297926942471779
3299 0.24805731189265698
3302 0.6427764176240601
3303 0.8725365993676719
3304 0.4226226320999687
3305 0.9272484231600802
3306 0.25634338264745526
3307 0.7243995207171993
3309 0.6957797911208641
3310 0.8043470388769491
3312 0.9134921792249396
3314 0.7984435574857596
3315 0.6115394833819277
3316 0.9027239858581921
3317 0.33369088661506446
3318 0.8448968594594433
3320 0.949984423689194
3322 0.5622243895788502
3323 0.9352868762978499
3324 0.2299962742268692
3325 0.6729723546607862
3328 0.9484474406149696
3331 0.9287051891754105
3332 0.25160507094148704
3333 0.715539845028462
3335 0.6658308765296875
3336 0.845500457479703
3338 0.9499505287292896
3339 0.18066918244568422
3341 0.9351535186013937
3343 0.6738767726062738
3344 0.8351140982024994
3345 0.5232544565065173
3346 0.9479450749598286
3348 0.5789342680897116
3349 0.9263236490203378
3350 0.2593429558867385
3353 0.7141691119799568
3355 0.6611600382625004
3357 0.48102415122986786
3358 0.9486316852211216
3359 0.18517252185949448
3363 0.7103049901561594
3364 0.7819328822385871
3368 0.9357157009863097
3370 0.6700521980288561
3371 0.8401125497931079
3372 0.5104291231982766
3374 0.1819128817270646
3377 0.23527600679563992
3379 0.8217655567962046
3380 0.5565743205465881
3381 0.9378375157678293
3382 0.2215335771877723
3383 0.6553345151914142
3384 0.8583105158829436
3386 0.9445507350859812
3389 0.9074880517399602
3390 0.31902325321885183
3391 0.8255401850731463
3393 0.9415020239506956
3394 0.20928865882026976
3396 0.8869108991160867
3398 0.896314590980476
3399 0.3531520309087166
3400 0.8680555611003088
3401 0.43523339498392005
3402 0.9340600901238262
3403 0.23404898501444438
3404 0.6812262189869805
3406 0.5481387106170265
3408 0.2103214266022073
3410 0.8846606694151777
3411 0.3877374437392559
3412 0.9021090501548523
3413 0.33557158477753735
3414 0.8472605258162317
3419 0.934320734113398
3420 0.23318889969295634
3422 0.8275835398888846
3423 0.5422182926966967
3424 0.9432269398947489
3425 0.20348954305583913
3428 0.34519807770469324
3429 0.8589381864439756
3431 0.9440472616301373
3432 0.20072371186735027
3433 0.6096480727738642
3435 0.32881551705997997
3437 0.5142161018627673
3438 0.9492320293017442
3441 0.9322001475515767
3445 0.5900315795740889
3446 0.9191983957816992
3447 0.2822362789013897
3448 0.7698000547384893
3449 0.673390135759811
3453 0.18656118135324182
3456 0.255004252869569
3459 0.6874221854598721
3460 0.8165171127102921
3463 0.24165500437735724
3465 0.8034527819313569
3466 0.6000823547248573
3469 0.8057551219236021
3470 0.5947524605864362
3473 0.7867889325364643
3475 0.8782001217390129
3476 0.40646573808306424
3478 0.2899977122717167
3479 0.7824163487657717
3480 0.6469158226092779
3481 0.8679798160547489
3482 0.4354452489099899
3483 0.9341641996244859
3484 0.23370550150483219
3485 0.6805315122705868
3487 0.5457749688973115
3488 0.9420376784453105
3489 0.20749022517178506
3490 0.6248645201937986
3491 0.8907536360677353
3492 0.36978406441940675
3493 0.8855664784593089
3495 0.8998203669965845
3498 0.46896780639365715
3499 0.9463406112479181
3500 0.1929642232531723
3502 0.9179971912158088
3504 0.7760690678886429
3507 0.4784966032280278
3511 0.9277488588610201
3512 0.2547174722237614
3513 0.7213786299572552
3514 0.7637677083533448
3521 0.8324027894291455
3522 0.5301318652029481
3523 0.9465498686576871
3524 0.19225421624684913
3525 0.5901116238122038
3528 0.7700888309382916
3529 0.6727976889290703
3530 0.8365356430629346
3531 0.5196262916032249
3532 0.9485362729760396
3533 0.18549780493410203
3535 0.92911475412262
3536 0.2502700056182768
3538 0.777577186162239
3539 0.6572134417445641
3543 0.19359450786690827
3544 0.5932395626845759
3545 0.9169642590114784
3548 0.6491851260359197
3550 0.4425613837225818
3552 0.22277906908944972
3553 0.657964510767334
3554 0.8551794106845398
3555 0.4706208276579753
3556 0.9467200840834908
3559 0.9200629946533314
3561 0.7652076989620524
3562 0.6827265303627628
3564 0.5532506080617327
3565 0.9392246164160117
3569 0.43094129460293623
3572 0.695547203676122
3575 0.9140860293111052
3577 0.7955957911727483
3580 0.3507309406120932
3582 0.4428257175959722
3583 0.937578185440021
3585 0.6571574218298434
3586 0.8561458701024273
3587 0.468008452994143
3588 0.9461108554966536
3589 0.19374339751056652
3592 0.29011466883036335
3594 0.6465151514027402
3595 0.868426579555842
3597 0.9335448929168733
3602 0.9364056050979886
3603 0.22629056178842186
3604 0.6653159450488286
3605 0.846148425587928
3606 0.4946888163593949
3609 0.5629846112654706
3611 0.23119237587038663
3612 0.6754213525972114
3614 0.528459999534653
3615 0.9469221080206526
3619 0.276040098800144
3620 0.7593994580872928
3621 0.6943053003472714
3622 0.8065327109764352
3623 0.5929432489854616
3624 0.9171738993785006
3625 0.28867056317387935
3626 0.7802915026968679
3627 0.6514593593605404
3628 0.8628282373559598
3630 0.9404053531654184
3633 0.8787621139447226
3634 0.4048491919524749
3636 0.293663770898893
3637 0.7882163701292749
3639 0.881421493886451
3644 0.571998439383577
3645 0.9303016539600517
3648 0.7893705557904375
3650 0.8839834886684821
3651 0.3897153856339304
3652 0.9037817545696837
3654 0.8407594962518098
3660 0.23363224348538753
3661 0.680383229499614
3664 0.9422121363498887
3666 0.6235600379916779
3667 0.8919850846436813
3669 0.8818906098557743
3672 0.3151215336423003
3675 0.936045826747706
3676 0.2274833405084564
3677 0.6677917471383663
3678 0.8430145324505672
3679 0.5028959160053312
3681 0.18060898487913474
3683 0.9352228452131317
3684 0.23020808501742832
3685 0.6734068259181398
3686 0.8357342763549845
3687 0.5216734835855005
3691 0.9276169579597301
3694 0.7624217997359781
3695 0.6883122362886547
3697 0.5723551121287113
3699 0.24703353804020914
3700 0.7068302826694736
3701 0.7874406898492894
3702 0.6360358293120655
3703 0.8796781619448385
3704 0.40220907470031814
3705 0.9136603527303216
3707 0.7976401975841119
3708 0.6133591885719452
3709 0.9011688385919787
3713 0.9488132289507913
3714 0.1845534049713053
3715 0.5718750936022501
3716 0.9303690894947376
3719 0.7900343853637997
3723 0.9001448226376111
3727 0.9470555784686618
3729 0.5860840223110825
3730 0.9218402561904313
3731 0.27379303337732686
3734 0.795210017177118
3735 0.6188339738814855
3736 0.8963382492758308
3737 0.3530807702116836
3740 0.9341694190597212
3743 0.8261996375470475
3744 0.5456564265638643
3745 0.9420788647109901
3746 0.20735185402819997
3747 0.6245568381052184
3748 0.8910452575086755
3750 0.8847062413665104
3753 0.33591913445742183
3755 0.4906127373776377
3756 0.9496651413417435
3757 0.18164479051601734
3758 0.5648698502587561
3759 0.934009229604145
3760 0.23421675674998282
3762 0.8247294736340721
3765 0.21175362068206321
3766 0.6342732942783804
3767 0.8814885932857995
3768 0.39697252213272294
3769 0.9096642874563693
3772 0.5703740358660243
3773 0.9311804812885245
3774 0.24351689171202626
3775 0.7000223776191702
3776 0.7979659841159814
3779 0.3365095047118656
3780 0.8484292602116739
3781 0.48866879238771355
3782 0.9495120941893795
3783 0.18216773327441782
3784 0.5661340708666979
3786 0.2362911367642355
3788 0.8189038699704897
3790 0.9346575495507505
3792 0.6772249911447479
3793 0.8306469495522273
3794 0.5345558600568661
3795 0.9454623916357751
3796 0.19594037902491437
3797 0.5986814381914516
3798 0.9129955002745734
3799 0.30185192366122826
3803 0.3200179090572127
3804 0.8269044983714765
3806 0.9426742309659238
3810 0.3565098919205415
3811 0.8717602377567121
3812 0.424818437367677
3814 0.2522038090217311
3815 0.7166687813993129
3816 0.7716076288343596
3818 0.8406042380553476
3819 0.5091572614711972
3820 0.9496813493369228
3821 0.1815893994223926
3825 0.681125193774153
3826 0.8253359238850468
3827 0.5477948391934795
3829 0.20990103386411443
3830 0.6302018414181833
3831 0.8855804258669941
3832 0.38504539371526425
3834 0.3426544383174935
3835 0.8559210220315029
3836 0.46861685908899164
3837 0.9462573741729272
3838 0.19324655278587935
3840 0.9175362660970869
3842 0.7784404421683804
3843 0.6553894966272918
3844 0.858245596484084
3845 0.46230835187909874
3847 0.19885215492406846
3849 0.9078028878877227
3852 0.5506109172613733
3853 0.9402664332050572
3854 0.21342877761300824
3856 0.8777037327775927
3857 0.40789158293431677
3860 0.7772868446518153
3861 0.6578256219755522
3862 0.8553460775825145
3864 0.946618837791313
3866 0.589563923852181
3867 0.9195175534679627
3869 0.7681126624521875
3870 0.6768392808846377
3875 0.5960446525825368
3876 0.9149466138991392
3878 0.7914144949939015
3879 0.6272948500083075
3880 0.8884248804131774
3883 0.3654523415739408
3884 0.8812083249258451
3887 0.3102916923108837
3888 0.8132408803761799
3890 0.9273851162955582
3894 0.6930189766931671
3895 0.8084259636180259
3897 0.9202246592232047
3901 0.8206898231401281
3902 0.5592005418705428
3904 0.22537314513424314
3907 0.4883853614955668
3911 0.933277236314762
3912 0.23662917866747915
3917 0.23583564697659834
3919 0.8201904568113464
3920 0.560416671194377
3922 0.22720656137663808
3924 0.8437446651401493
3925 0.5009904997132091
3926 0.9499962718592089
3927 0.1805127501886893
3928 0.5621260093904196
3929 0.9353333640374416
3930 0.2298424761922085
3931 0.6726566668541618
3934 0.948606064922267
3937 0.9294340723931918
3939 0.71103138195324
3940 0.7807698721574418
3942 0.8639982819795751
3943 0.44651995272048745
3945 0.21722119322924133
3947 0.8688467175593156
3949 0.9329509521480891
3951 0.6885614721721354
3952 0.8148893706066527
3954 0.929633235554388
3957 0.7827539409394357
3959 0.8687873569195103
3960 0.4331843644300226
3961 0.9330355492048439
3963 0.6880062242160488
3964 0.8156839066928941
3965 0.571305950009426
3967 0.2451600823072924
3968 0.7032151421314212
3970 0.6236096578909728
3972 0.36626006776225933
3973 0.8820317959951691
3974 0.3953964860250808
3975 0.9084207984835757
3976 0.31613131519094606
3978 0.5571482736456702
3979 0.9375894843134144
3981 0.6570781391537023
3983 0.4677521719692112
3985 0.19395549097529236
3986 0.5940796822841374
3987 0.9163662508489998
3988 0.2912287515850015
3989 0.7843753501739232
3990 0.6426965088111424
3991 0.872623284217824
3993 0.9271038485259551
3994 0.2568127497824085
3995 0.7252678530601049
3997 0.6986880986296241
4003 0.5280778073349371
4004 0.9470042195939962
4005 0.19071146512761733
4006 0.5864942883466806
4008 0.2746553335433786
4010 0.6989451033296556
4012 0.6089131810680155
4014 0.3269386224339082
4019 0.575235834159808
4020 0.9284903631814558
4023 0.7712942683078766
4026 0.5113166395852647
4030 0.9333850815432515
4031 0.2362740101638471
4033 0.8189523206846846
4034 0.5634237850934456
4035 0.9347142092407975
4036 0.23188951387976284
4040 0.9457948802896077
4042 0.5960744485727367
4043 0.9149248612594894
4044 0.29578196613341534
4045 0.7915209796459325
4046 0.6270589700198481
4047 0.8886528689224822
4048 0.3760060004176307
4050 0.36733675420906226
4054 0.32404526617881557
4055 0.8323517402544812
4056 0.5302608188493078
4057 0.9465202748017636
4058 0.19235464792563858
4060 0.9189825501786318
4061 0.28292376605407893
4062 0.7709360528922518
4068 0.568064235013572
4069 0.9323955876656655
4070 0.2395294119156022
4071 0.6921892764232783
4072 0.8096404717060075
4075 0.2729192504468517
4076 0.7540504660930453
4078 0.7907070680492682
4079 0.628859722227553
4082 0.8963391467203977
4088 0.6804690024874203
4089 0.8262375687365429
4090 0.545562385230504
4091 0.9421114623980071
4092 0.20724232830192296
4093 0.6243131935152996
4094 0.8912756736885051
4097 0.38960282355036535
4102 0.9497694589661433
4103 0.18128824836895044
4106 0.23282179886163346
4107 0.6787400735785728
4108 0.8285975471690802
4110 0.9440139117475141
4112 0.6099040050291846
4115 0.8394960598977512
4117 0.949450863372732
4118 0.18237690137132204
4119 0.566639155426565
4121 0.23713023504592604
4123 0.8165230041453099
4124 0.5692901138179469
4126 0.24163051300265206
4129 0.5999168307660152
4132 0.8051712809320402
4133 0.5961078593183318
4135 0.2958589063578423
4137 0.6267943932903622
4138 0.88890809095449
4139 0.3752518878025098
4140 0.8908640523120172
4141 0.3694561119188691
4142 0.8852415144817124
4143 0.38603810697537894
4144 0.9006482103653304
4145 0.34002784381802026
4147 0.4771459272076644
4148 0.9480152271558501
4149 0.1872729536986698
4150 0.5783668191442536
4153 0.7279044661553921
4155 0.7074838074641511
4156 0.7864117846326806
4157 0.6382795005693873
4158 0.8773393629446671
4159 0.4089370196555487
4162 0.7735198766565646
4163 0.6657101328803551
4165 0.4959923246640143
4170 0.2305882274967563
4171 0.6741857279793098
4173 0.5242945634784874
4174 0.947757141904481
4176 0.580451852692472
4177 0.9254044977137253
4178 0.26231785063474555
4179 0.7353273443178289
4183 0.7207743468123187
4184 0.7647830136004573
4186 0.8219313020746517
4187 0.5561688996291735
4188 0.9380112079149017
4190 0.6541098147730443
4192 0.4582020483152818
4194 0.2030374226485039
4195 0.6148902650804754
4196 0.8998408625610047
4197 0.3424836815805926
4201 0.19280349852602208
4203 0.9182583028325895
4206 0.6632155277565008
4207 0.8487706276968342
4209 0.9494311011592073
4211 0.5668020855436536
4212 0.9330424291946698
4215 0.8157484643885197
4216 0.5711510474979086
4219 0.702683217574322
4220 0.7938941505921362
4221 0.6217796673413617
4224 0.8767554666008677
4225 0.4106102098681774
4228 0.7674842715977349
4229 0.6781182249017509
4230 0.8294408122398272
4231 0.537581254676899
4232 0.9446330673282581
4233 0.19874545466540572
4237 0.8233559989393828
4239 0.939456143604456
4240 0.2161375318235392
4242 0.8714175817627874
4243 0.42578612383843595
4245 0.25041353303823266
4246 0.7132850629362619
4249 0.8549645793818752
4250 0.471200560060144
4251 0.9468482505847724
4252 0.1912412356074481
4253 0.5877384965609815
4254 0.9207474336406308
4255 0.2772920689223272
4257 0.6900988075926551
4258 0.8126772847370326
4261 0.2584720715974232
4262 0.728324187245927
4263 0.7518986489702502
4264 0.7088788684584582
4265 0.7842045495837537
4267 0.8722225535173321
4270 0.2546549771944469
4272 0.7639636902649529
4274 0.8196241685190814
4276 0.9354899476093654
4278 0.671591771870097
4279 0.8381138025406263
4281 0.9490775525613667
4284 0.9315340296529218
4285 0.2423578487557427
4286 0.6977579832284786
4287 0.8013887642637381
4288 0.6048262885471922
4289 0.9082435070717989
4290 0.31668150794812866
4291 0.8222984557929464
4292 0.5552700804952323
4293 0.938391829167792
4294 0.21968789565188654
4296 0.8628787486269983
4297 0.4496122524206343
4300 0.6373077983381956
4301 0.8783569603589662
4302 0.4060148400821101
4308 0.42463174023983563
4311 0.7173233222739286
4312 0.7705281796641242
4314 0.8377178635696342
4315 0.5165972495786554
4317 0.18407582728967772
4320 0.24414095777809058
4321 0.7012373719504912
4322 0.7961133764957466
4324 0.898155848990429
4325 0.34759329567590064
4326 0.8617343466128528
4332 0.38073328567148873
4335 0.869286952911594
4338 0.23978910083004482
4342 0.9209508514496749
4343 0.2766414465224161
4344 0.760421635035925
4345 0.6922861736198188
4347 0.5859996274146694
4349 0.273616091996847
4350 0.7552512395494357
4353 0.6208666307583569
4354 0.8944867787626675
4355 0.35864468924952614
4356 0.8740709692660205
4357 0.4182694578190439
4358 0.9246164502042664
4360 0.7399007949783621
4361 0.7313009125612494
4362 0.7466995738236664
4363 0.7187294170458413
4368 0.9459464799341137
4369 0.19430060073061775
4370 0.5948819336880875
4371 0.9157901909065156
4372 0.2930503651545086
4374 0.636445658976744
4376 0.4034328746665927
4380 0.6231489480229524
4382 0.3649725471472986
4383 0.8807168305092237
4384 0.399207840874642
4386 0.306863988859565
4387 0.8082542285628947
4388 0.5889214561777596
4390 0.2798290466269671
4391 0.7657940549050772
4392 0.6815433774330437
4393 0.824759608018773
4394 0.549218548598073
4395 0.9407946310008166
4396 0.2116603544672449
4397 0.6340689454933716
4398 0.8816969678463225
4399 0.3963682140003092
4401 0.31374233404338414
4402 0.8181707111150961
4403 0.5653161146363535
4404 0.9337884596414807
4407 0.8226948358645878
4408 0.5542985630440416
4411 0.6485361146396045
4413 0.44052013753521685
4414 0.9365561546524479
4416 0.6642761262050375
4418 0.49125631910485623
4419 0.9497094825687348
4422 0.9341895263734599
4428 0.20682199004066879
4430 0.892156571190303
4431 0.3656102499546063
4432 0.881369701314399
4433 0.39731717349359125
4434 0.9099337011344881
4435 0.3114265705618846
4436 0.8148722344978029
4439 0.24865259564751183
4440 0.7099330328360138
4441 0.7825268625522379
4443 0.8682445052468053
4445 0.9337988105552711
4446 0.2349106494511615
4447 0.682965017657261
4448 0.8227904487919769
4449 0.5540640394409616
4450 0.9388929026294393
4451 0.2180174760817211
4455 0.935559928876244
4456 0.229092683757821
4457 0.671115058824548
4459 0.5139836593542977
4460 0.9492569376300393
4461 0.18303917516686022
4463 0.9323065328114907
4464 0.23982203441632863
4465 0.6927682196540192
4468 0.9208018743749398
4472 0.8118299625124047
4475 0.2624049113695891
4479 0.7447032595829056
4480 0.7224571960481042
4481 0.7619486245203781
4486 0.25296422003543156
4489 0.6745263684406547
4490 0.834254077531884
4491 0.5254420042825754
4493 0.1888892624771129
4494 0.5821984141922679
4495 0.9243249986762502
4496 0.26580352289392106
4500 0.7085756719623937
4502 0.6420257912253546
4507 0.7325737455573306
4508 0.7444559209342493
4512 0.8116597093937441
4513 0.5808992570543066
4514 0.9251301787906325
4515 0.2632044581094903
4516 0.7369259110949633
4518 0.7371135976954665
4520 0.7377213363723307
4521 0.7352565516867421
4522 0.7396865485761603
4523 0.7316913620402621
4524 0.7460126284725271
4526 0.7660539339311931
4527 0.6810181561109979
4528 0.8254832232010626
4529 0.5474305513756597
4530 0.9414513026255634
4533 0.8865422677018111
4535 0.8972888534866637
4536 0.3502139542019587
4537 0.864743733839911
4538 0.4444556327731766
4543 0.45221556939953994
4545 0.20988835419601998
4547 0.8856080864443923
4548 0.3849643339410376
4549 0.8997138230306093
4551 0.8561782218491095
4552 0.46792088226554474
4554 0.19381568244560832
4556 0.9165984117519375
4557 0.29049390063790004
4558 0.7832073384542959
4559 0.6452156930934088
4560 0.8698671294217235
4561 0.4301535649786693
4563 0.2425953505462711
4567 0.906958878817239
4570 0.5417226210166544
4571 0.9433850470029023
4572 0.20295686035808977
4574 0.8999995194798498
4575 0.3420014607803792
4577 0.47073110809686974
4578 0.946744661473699
4579 0.19159298829005045
4580 0.5885634374869283
4581 0.920194766653896
4584 0.684147283187249
4586 0.5580997582522572
4587 0.9371727887459113
4589 0.6599935886299934
4590 0.8527277960697265
4591 0.47721578714321505
4594 0.5782687661144124
4597 0.7275565898644641
4598 0.753228393955173
4599 0.7063264458805579
4600 0.7882317113751294
4601 0.6343054261195037
4602 0.8814557995564625
4603 0.3970675973420117
4604 0.9097386978356042
4605 0.31203395808473694
4606 0.8157413149294963
4607 0.571168203777052
4608 0.9307533297303623
4609 0.24491596191958198
4611 0.7938034240275851
4612 0.6219822825127347
4615 0.8773465743775797
4618 0.2845411468624564
4619 0.7735944338976868
4621 0.84584770120504
4624 0.1807655379416452
4626 0.9350422403065404
4627 0.23080534676645223
4628 0.6746301069477858
4631 0.9474722182014064
4632 0.18912073296406928
4633 0.5827455090433694
4635 0.2669089223214891
4637 0.7246145164459366
4639 0.6965003875287819
4640 0.8032728712639465
4641 0.6004971491102225
4642 0.9116212274787272
4643 0.30615826733784246
4644 0.807216454178424
4648 0.774549408842139
4649 0.6635659639968416
4652 0.9495332459957598
4653 0.18209547082915956
4655 0.9334675089359349
4661 0.22896433354392295
4663 0.8390780981391714
4666 0.18272827561618815
4667 0.5674868810447856
4668 0.9326929793700185
4670 0.690250357904377
4671 0.8124582450055744
4674 0.25948129363885536
4677 0.7150056651170668
4678 0.7743357430767573
4680 0.8477807159848622
4681 0.49038457963841525
4685 0.9339420050486044
4687 0.682012896054721
4690 0.9401866476452947
4691 0.21369571789222924
4694 0.4096424990521443
4697 0.770975799679162
4699 0.8389179340736499
4701 0.9493062583982813
4702 0.18287076742372008
4703 0.5678303894132031
4704 0.9325163454338021
4709 0.9238442152641179
4712 0.7231571276688783
4713 0.7607634062081886
4714 0.6916092947342722
4716 0.5836732911166136
4717 0.9233953653441149
4719 0.746873739692316
4720 0.7184027552712563
4721 0.7687408986617101
4726 0.19133105169537307
4727 0.5879492253395591
4729 0.277741860493084
4730 0.7622850138071121
4731 0.6885849718223713
4732 0.8148556919304705
4733 0.5732903943841418
4734 0.9295883687458644
4735 0.24872456706541557
4736 0.7100704958534412
4737 0.7823074697331796
4738 0.6471494716248296
4744 0.8294013634880159
4745 0.537680018582497
4746 0.9446048215585661
4747 0.19884090005812735
4748 0.6053521467843643
4749 0.9078235156381177
4750 0.3179839243517507
4751 0.8241065631813209
4753 0.9401824628685137
4754 0.21370971765543628
4756 0.8770612102738572
4757 0.4097344060858934
4758 0.9190380657102676
4759 0.28274697804603033
4760 0.7706442729170984
4761 0.6716563746412657
4763 0.515796918516847
4764 0.9490517379884139
4766 0.5699216597083994
4767 0.9314216537137667
4769 0.6984790329865114
4770 0.8003030791660094
4772 0.9062424597616934
4773 0.32287484276972195
4776 0.9455506930346543
4777 0.19564140375808906
4778 0.597990210595883
4781 0.7983485684139724
4782 0.6117549005562662
4783 0.9025412003663043
4784 0.3342502116290886
4786 0.49612352651374975
4787 0.9499428972225794
4790 0.935123418000222
4791 0.2305369222096554
4792 0.6740806688894679
4794 0.523940814341415
4795 0.9478219821529456
4796 0.18793079474230628
4798 0.9257233418380194
4800 0.7334605000657765
4801 0.7428855406543429
4802 0.7258251337359807
4803 0.7562114340978804
4805 0.797160314341556
4806 0.614443840805625
4809 0.8542954388911516
4813 0.584683620812675
4816 0.7505091564913619
4817 0.7115316175531482
4818 0.7799666241463248
4824 0.6308898084061269
4826 0.3870438202102077
4828 0.3373843797259436
4829 0.8495134081629588
4830 0.48579343455438917
4831 0.9492330592933104
4832 0.18312070206429776
4833 0.5684325400511505
4834 0.9322045523561611
4835 0.2401570547059196
4836 0.6934302463674106
4837 0.8078220112029229
4840 0.2820221709074409
4841 0.7694455308915614
4843 0.834796953382193
4844 0.5240618000228066
4845 0.9477999131627173
4848 0.92561502327812
4850 0.7340957727168105
4855 0.7864153314841812
4856 0.638271779985065
4857 0.8773474764670948
4858 0.4089137516148783
4859 0.9184725223494709
4861 0.7736037603841016
4864 0.4954154623897769
4865 0.9499201316566217
4871 0.8340376167412231
4872 0.5259917082870061
4873 0.947432838181228
4875 0.5830618448068479
4876 0.9237827737616757
4878 0.7446763756989646
4882 0.813651415620187
4883 0.5761666000219204
4884 0.927954866356183
4886 0.7201281899126546
4888 0.6813988262725509
4890 0.548726337351226
4892 0.2110465118727133
4893 0.6327223504564812
4897 0.32360709779849833
4898 0.8317650674011395
4899 0.5317413721988059
4902 0.5931078717301088
4904 0.28903952026373914
4907 0.86427550191787
4908 0.4457527630694389
4909 0.9388175016845184
4910 0.21826896081835928
4911 0.6483849619342047
4912 0.8663312316727815
4913 0.44004542906419103
4914 0.9363407078108313
4915 0.22650578948714228
4916 0.6657634839006049
4919 0.949944224457194
4920 0.1806907405349342
4921 0.5625580679155109
4922 0.9351286549269776
4923 0.23051960391346912
4924 0.6740452012751764
4925 0.8348914180697166
4926 0.5238214047923664
4927 0.9478436545601292
4928 0.18785703206686513
4929 0.579753716765597
4934 0.7237803857809275
4938 0.590870754216148
4939 0.918621522907116
4941 0.7728268165455915
4942 0.667149007059673
4944 0.500760754870777
4945 0.949997800757701
4948 0.9353393580168499
4950 0.672615947546923
4951 0.836774191679416
4952 0.5190159465109686
4953 0.9486258963575095
4955 0.5734051286521639
4956 0.9295244109327252
4957 0.24893336556900258
4958 0.7104690712868692
4959 0.7816705261202425
4960 0.648514515917554
4961 0.8661850665347434
4962 0.44045228877839315
4963 0.9365254663354188
4964 0.22589296551445162
4965 0.6644882678530458
4966 0.8471857170070776
4967 0.4919558960438695
4972 0.23302606425792563
4973 0.6791546870106696
4974 0.8280336728640142
4976 0.9435819840298019
4977 0.20229308908790147
4982 0.48362560914047903
4983 0.9489811414311227
4984 0.18398055162898364
4985 0.5705004913548584
4986 0.9311127867311494
4989 0.7973082687522139
4990 0.614109614659933
4992 0.34041761178326135
4993 0.85322715320996
4994 0.4758761972937122
4996 0.18804454053801672
4997 0.5801984069850791
4998 0.9255592189648113
