1 0.6735230453194515
2 0.8355810604236416
3 0.5220643371627881
6 0.5772749789710224
7 0.9273085949751065
8 0.25614798570952135
9 0.7240375414806095
10 0.7592672840278318
11 0.6945658066447599
12 0.8061477581617609
14 0.9165377699752861
16 0.7835128887705037
17 0.6445576792238151
18 0.8705916940342133
19 0.4281148259888376
21 0.24619130947710927
22 0.7052083647372107
23 0.7899802027591436
24 0.6304636316295107
25 0.8853211151237493
27 0.9004461294721352
28 0.3406430100849865
29 0.8535003291078599
30 0.47514256581841197
31 0.9476520102704504
32 0.18850917526313324
33 0.5812991711980369
34 0.9248836900975467
35 0.2640006295785493
36 0.7383563292105799
37 0.734107789235979
38 0.7417354634723612
40 0.7525594365784088
43 0.6387201037982619
44 0.8768755846483578
47 0.28158802299017005
48 0.7687255915348985
50 0.8328404257631657
51 0.5290255537156193
52 0.9467985654797063
53 0.19140995916405104
55 0.9204829052928076
56 0.27813768015477514
57 0.7629530219250015
58 0.6872516913899368
59 0.8167598554721098
60 0.5687201370528947
61 0.9320546625010391
62 0.2406493207222302
63 0.6944014556010056
64 0.8063906814287989
67 0.2894125240037545
68 0.7814810768234167
69 0.6489199328832531
71 0.441726728190208
72 0.937096058011812
73 0.22399873706803194
74 0.6605285508678427
75 0.8520762205538277
76 0.4789608726980234
77 0.9483179494650105
78 0.18624186151245561
79 0.5759121560247575
80 0.9281019093571569
81 0.25356926977807526
83 0.7673598523205323
84 0.6783710955951441
85 0.8290982585735143
87 0.944385437078596
88 0.19958201658736768
89 0.6070463339206921
90 0.9064561130977308
91 0.32221502687684184
92 0.8298915126600722
93 0.5364520415244277
94 0.9449507449410652
95 0.1976715713902862
97 0.9099432570111486
102 0.24883830678522198
104 0.7819605887090585
105 0.6478932603763964
106 0.8668848174339098
108 0.9356288600171045
109 0.22886448601675213
110 0.670645025616752
111 0.8393450458825806
114 0.1825004362850339
116 0.9329737104995325
117 0.2376283108618147
118 0.6884121676073468
119 0.8151032493705039
120 0.57269778049737
121 0.9299171243008735
123 0.7080155711954905
124 0.7855721841328125
125 0.6401044050685372
126 0.8754088715854867
129 0.27265700253164576
130 0.7535976137079948
131 0.7056153512221204
132 0.7893448438988554
133 0.6318623329747586
134 0.8839268355413247
135 0.3898807028146536
137 0.3300241523647585
138 0.8402112026385885
139 0.51017408287698
140 0.9496066545429268
141 0.18184465352472562
142 0.5653532669349528
143 0.9337700119035294
144 0.23500559173820554
147 0.5547164959862945
148 0.9386231992545307
149 0.2189168184877368
150 0.6497705312695875
151 0.8647613942602569
153 0.9382556528318144
154 0.2201415344916485
155 0.6523811092765811
156 0.8617639906354269
157 0.452681897302217
159 0.20932300027249648
161 0.8868365808828793
162 0.3813583468252056
163 0.8965118009014169
164 0.3525578886344774
166 0.4370902776828976
167 0.9349609939843433
168 0.2310739481061779
169 0.675179358728645
170 0.8333863306465986
171 0.5276435072443879
172 0.947096178727472
173 0.19039902647571122
174 0.585759501332688
175 0.9220521701384411
176 0.273113469589443
177 0.7543855088093856
178 0.7040944490496021
179 0.7917127322951296
180 0.6266339909042581
181 0.889062562921109
182 0.37479522410638083
183 0.8904303035550287
185 0.8865128473913299
186 0.3823097114454969
187 0.8973661847238394
188 0.34998043790447414
189 0.8644776977569332
191 0.9385854615529337
192 0.2190426130747206
193 0.6500391975820515
194 0.8644553089179495
197 0.21895655560255686
198 0.6498554129726408
202 0.21976541338246086
203 0.6515805905605283
204 0.8626886333482215
205 0.45013642991199737
206 0.9405517726366994
207 0.2124737153813152
208 0.6358488154828252
209 0.8798713774612704
211 0.9132447002082169
217 0.8360205273342598
218 0.5209427797980226
219 0.9483333199024598
220 0.1861894902079067
221 0.5757872629873008
223 0.25333500714727913
224 0.7187942489436753
225 0.7680904911908576
226 0.6768844564255698
227 0.8311051784851166
228 0.5334035709652886
229 0.9457599654977142
230 0.19493260200601112
231 0.5963487541884733
232 0.9147242867520508
233 0.29641431071641056
235 0.6248842602965422
236 0.8907349018147048
237 0.36983969871464134
238 0.8856215246833578
239 0.38492495086335354
240 0.8996793856515539
241 0.34297427700374644
242 0.8563031048065145
243 0.46758277051990416
245 0.19409659701296525
246 0.5944078105556169
248 0.2919722436001961
252 0.4145861066377039
253 0.9222769739186383
254 0.27239219773284723
255 0.7531398157190435
256 0.706496888051369
257 0.7879643338553814
258 0.6348908612234604
259 0.880856931121894
260 0.398802392462369
261 0.9110843680689065
262 0.3078366408516738
263 0.8096783249231593
264 0.5855774732765875
265 0.9221706850568607
266 0.2727332681787594
267 0.7537293639077107
268 0.7053613575857562
269 0.7897415086800336
270 0.6309894609617085
271 0.884798692244452
272 0.38733387249844625
273 0.9017641061124537
274 0.33662529155071186
275 0.8485730776286183
276 0.4882878762995502
278 0.18228167873718196
279 0.5664092596689596
280 0.9332412788748385
281 0.23674757825979864
282 0.6866530173020927
283 0.8176104743016938
286 0.2371810494447549
287 0.6875195570703505
288 0.8163783797213303
291 0.24223292579301112
292 0.697513314728121
293 0.8017562639194189
294 0.6039839973044971
295 0.9089118475573976
296 0.3146061835233433
297 0.8193907046864348
298 0.5623603954876297
299 0.9352224880835802
300 0.23020926629208394
301 0.6734092480203084
302 0.8357310842639183
303 0.5216816284241004
305 0.18659720274976688
306 0.5767590093677712
307 0.927610607027338
309 0.7222155526852162
311 0.6884415710460277
312 0.8150611423464786
313 0.5727986110166613
314 0.9298613764893703
315 0.24783294861012264
317 0.7850196863399934
319 0.8741278458612451
320 0.4181077488146527
321 0.9245159049440246
322 0.26518773650831234
323 0.7404801634728589
324 0.7302433057090547
325 0.7485544766694338
327 0.7739549863748106
328 0.6648049286734338
329 0.8467894748427887
330 0.49300082852539884
331 0.9498138440749426
332 0.18113652157838817
333 0.563639112089707
334 0.9346102409672481
337 0.8302181022463774
338 0.535632818805444
339 0.9451751484511178
340 0.19691253136579576
341 0.600924348156259
342 0.91129424860709
343 0.30718075603837125
344 0.8087188088006504
345 0.5878322489522884
346 0.9206848849671363
347 0.27749206472871174
348 0.7618628312169711
349 0.689425858982722
350 0.8136478070049
351 0.5761752020118646
352 0.927949886674116
353 0.25406379908332266
354 0.7201584632989525
357 0.8248178512876237
358 0.5490747812425864
359 0.9408483302147707
360 0.2114804490380244
361 0.6336745811082598
362 0.8820982041890187
363 0.39520365695100235
364 0.9082673606375158
365 0.31660749650469117
366 0.8221953207145478
367 0.5555226661766687
369 0.22004215965003085
371 0.8620086427408137
372 0.4520090218076249
373 0.941248090846128
374 0.2101404648336591
375 0.6307295095179806
376 0.8850572222965152
378 0.9011143261883107
379 0.3386077298406905
380 0.851019633504733
381 0.4817838241979712
382 0.9487390495687682
383 0.18480640849005064
384 0.5724813995100249
385 0.930036497555259
386 0.24726072092754184
387 0.7072668558929497
388 0.7867537117033546
389 0.6375347735325276
390 0.878119907063554
391 0.4066962763525472
393 0.28947918501386055
395 0.6486916915168877
396 0.8659849673206176
397 0.4410090140422406
398 0.9367762415877794
399 0.22506075618092433
400 0.6627519663911404
401 0.8493448302561049
402 0.4862411203786665
404 0.18295826431182394
405 0.5680412437609491
406 0.9324074787603597
407 0.23949033478601456
408 0.6921119144543694
409 0.8097534468337728
410 0.5854006482634688
411 0.9222855712494812
412 0.27236460599509754
413 0.7530920841056847
414 0.7065887084595557
415 0.7878202010406482
417 0.8805332555306895
418 0.3997388774538168
419 0.911801287761961
420 0.3055948577108442
421 0.8063852344758257
422 0.5932867347617347
423 0.9169308234464763
424 0.2894410161489243
425 0.7815266744144893
426 0.6488223800538488
427 0.8658372169414096
428 0.44141989666214326
429 0.9369598116731189
430 0.22445126733385126
431 0.6614770045191013
432 0.8509156726438448
434 0.9487771476521675
436 0.5721700777344535
437 0.9302076235432513
438 0.24670132245201917
439 0.7061911638192874
440 0.7884437750588217
441 0.6338407167933003
442 0.8819293176073711
443 0.3956939861374777
444 0.9086569707940229
446 0.8205040209168368
448 0.9364776584801838
449 0.22605156386109285
450 0.664818566480779
451 0.8467723925442399
452 0.4930458495227457
453 0.949816231206331
455 0.5636193356634212
456 0.9346198044930308
457 0.23220137706127067
458 0.677478810698057
460 0.5354151265760547
461 0.9452339214764877
463 0.6004661268883591
464 0.911644917922598
467 0.5916035215801925
469 0.28568843728594623
470 0.7754681055308286
471 0.6616458267739739
472 0.8507083814089219
473 0.48261379859622977
474 0.9488513360028407
475 0.18442341704016713
476 0.5715633970921038
477 0.9305389847472237
478 0.2456174939287534
479 0.7041002542986663
481 0.6266539542851559
483 0.37485203799581346
485 0.37058348652246964
486 0.8863551909494167
487 0.382772732420471
489 0.3487315310522287
490 0.863047831148349
491 0.4491458347342234
492 0.9401726447254601
493 0.2137425627744966
494 0.6386153826057305
496 0.4099500619590232
497 0.9191858329035016
498 0.28227630247339086
499 0.7698662878342981
501 0.8359351882108017
502 0.5211606874227382
503 0.9482984561696292
506 0.9280104525933733
507 0.2538667993890997
508 0.7197901007167302
509 0.7664307841823325
510 0.6802556215119521
512 0.5448368520325967
513 0.9423606954592666
514 0.20640465742861716
515 0.622446744317491
516 0.8930258202629785
517 0.36301667750512906
518 0.8786951635614114
519 0.40504189776174426
520 0.9157352435133741
521 0.29322398774332703
522 0.7875259868698672
523 0.635849466123134
524 0.8798707057054259
525 0.4016533383980744
526 0.913246149776674
527 0.30106495484006807
528 0.7996144216674201
529 0.6088785536498099
530 0.9049527501094767
532 0.8360730559837088
533 0.5208086239587294
534 0.9483546044419879
535 0.18611696496754043
536 0.5756142732114846
537 0.9282734304094561
538 0.2530111014602037
539 0.7181866391927733
540 0.7690994438154977
542 0.8338578203228288
543 0.526448032075301
544 0.9473419060775066
545 0.1895638324543845
547 0.9233200352759149
548 0.2690405613891931
549 0.7472994033230074
550 0.7176034194411213
552 0.6728460764114697
553 0.8364720887028094
555 0.9485119287798467
556 0.18558078902029057
557 0.5743341271142085
558 0.929002862675441
559 0.2506348665018516
560 0.7137047147427124
561 0.7764551206075965
562 0.6595757519013893
564 0.4758545905580662
565 0.9477845969709492
567 0.580230383006368
568 0.9255397254420756
569 0.261880579868595
570 0.7345367386738769
571 0.7409715692064419
572 0.7293442707699028
573 0.7501245807670817
575 0.7787884083177735
577 0.8591136741324857
578 0.45994200239405403
579 0.9439023559456476
580 0.20121265386643344
581 0.610759262803749
582 0.9033830656720461
584 0.8423295865170465
585 0.5046797259412583
586 0.9499167806274359
588 0.5627857689623433
591 0.674779174908422
592 0.8339185120696587
593 0.5262940237293037
594 0.9473727724012666
596 0.5835440311454202
597 0.9234775004678977
598 0.2685338650703546
599 0.7464090278467784
600 0.7192738457833011
601 0.7672921261105241
602 0.6785086934133995
603 0.8289116562281956
604 0.5389050651094559
605 0.9442483044535501
606 0.20004508716255417
607 0.608102791005785
608 0.9055923889916864
609 0.32488029316966294
612 0.947138298226501
613 0.19025590058461295
614 0.585422652933933
615 0.9222712873897695
617 0.7531713831066873
619 0.7880596360725709
620 0.6346822550498045
624 0.30932698436443734
625 0.8118464442120739
626 0.5804568218826864
627 0.9254014592876432
628 0.2623276740565859
629 0.7353450888264607
630 0.7395282188280082
632 0.7455046212542145
633 0.7209644275827338
634 0.7644639426235321
635 0.684223527597665
636 0.821034429141995
638 0.9370575298542525
640 0.6607969453238484
641 0.8517485010231733
642 0.4798373697062123
646 0.9287410096306162
648 0.7153194611033917
649 0.7738226127465508
650 0.6650804716448793
651 0.846444063949716
652 0.4939107401052192
653 0.9498590994729484
654 0.18098180436127392
655 0.5632640852353636
657 0.23163548739839873
660 0.5315147562351892
661 0.9462259165298591
662 0.19335323938493143
664 0.9173613449755595
665 0.2880761293367295
667 0.6534925106200171
669 0.456227249398551
670 0.9427189959581765
671 0.20519958434757943
672 0.6197523167384082
673 0.8955056540159789
674 0.3555860550372925
675 0.8707495275011709
676 0.42767019385910254
677 0.9301199167457567
678 0.24698805743076874
679 0.7067428362859073
680 0.7875781186489424
682 0.8799882826019816
683 0.401313839323747
684 0.9129919584257269
686 0.8008186322866155
689 0.3199223611944811
691 0.5442318392446605
692 0.9425654687087313
693 0.20571606244515986
696 0.35875991169684274
697 0.874194702333242
698 0.4179176340337983
699 0.924397443750084
700 0.2655698770058982
702 0.7289961760712562
704 0.7111093455240324
705 0.7806448080831759
706 0.6507062684446379
707 0.8636929584756724
708 0.44736424142980874
709 0.9394720122950141
711 0.6436896257564092
714 0.9288713397697731
715 0.25106362091150336
717 0.7751340188830089
718 0.6623448322824794
720 0.4849047888644761
721 0.949134111482941
722 0.1834584896292306
725 0.24155360735291181
726 0.6961807560852871
727 0.8037498215788593
728 0.5993969743850822
729 0.912456917635747
731 0.8033351301339827
733 0.9117307617680154
734 0.3058155632929331
736 0.5925274574784984
737 0.9174669445277456
738 0.2877411308613391
740 0.6546377573973123
741 0.8591312231510938
742 0.45989410532039715
744 0.20126187654890615
745 0.6108710276682922
746 0.9032889378503519
747 0.33196052390863295
749 0.5037196886504246
750 0.9499474228821069
751 0.18067980323865185
752 0.5625315253731168
755 0.6739597419894531
756 0.835004431034459
757 0.523533718511658
758 0.9478954235534534
759 0.18768082032751596
761 0.9260822934327951
762 0.260124741047588
763 0.7313474685415504
766 0.7679431314772455
767 0.6771846175178367
768 0.8307013229972202
769 0.5344192128779752
770 0.9454982075824703
771 0.19581911875506364
772 0.5984011676432048
773 0.9132053987845248
774 0.301192933978223
775 0.7998078518992885
776 0.6084379573702303
777 0.905316595725214
778 0.3257301374729492
780 0.5245779045340262
782 0.18833051474450682
783 0.5808761014501885
785 0.2631584647765692
786 0.7368431313334317
787 0.7368402583326642
788 0.7368454297250842
789 0.7368361211896929
790 0.7368528764593201
791 0.7368227166691951
792 0.7368770033038041
793 0.7367792841620764
794 0.7369551682484398
795 0.7366385433133437
796 0.7372083593104474
797 0.7361823382383336
798 0.7380280317962389
800 0.7406767244772484
801 0.72988391432063
804 0.7758938440636244
805 0.6607538298696267
806 0.851801183492539
807 0.4796965237143459
808 0.948433521632728
809 0.1858480313690648
810 0.5749724543001701
811 0.9286406981655938
812 0.25181517712922674
813 0.715936316047091
814 0.7728117281656411
815 0.6671802917060501
817 0.5008646092515723
818 0.9499971593132
819 0.18050971511819208
820 0.5621186398913366
821 0.9353368433965916
822 0.22983096456966753
824 0.8367517794772887
825 0.519073308271742
826 0.9486175938639702
827 0.1852205670076673
828 0.573472852547097
829 0.9294866117666517
831 0.7107044463317085
832 0.7812938179249831
833 0.6493203943893086
834 0.8652729953138011
835 0.4429874277990386
836 0.9376483531219145
837 0.22216289223676883
838 0.656664857889098
840 0.4664172357195059
842 0.19508712177576792
843 0.5967069194334556
844 0.9144615325880263
845 0.2972422244181807
846 0.793779280876228
848 0.8934072399464764
849 0.361876825519243
850 0.8775035569511617
851 0.40846604505903994
852 0.9181618333528918
853 0.2855345882824037
855 0.6621703889916788
856 0.8500629067502928
857 0.48433265300663597
860 0.569794566342713
862 0.2425050955326496
863 0.6980462218587303
864 0.8009552372284338
865 0.6058185917021532
866 0.9074492174706573
868 0.8257055391715498
869 0.5468804266612862
870 0.9416484572650118
872 0.6277636036983213
874 0.3780196271699924
875 0.8934589968481588
876 0.36172206763711423
877 0.8773410110014916
879 0.9184853566832321
880 0.28450602371849054
881 0.7735369155082601
882 0.6656747122460624
884 0.49587514453122106
885 0.9499353451559743
886 0.18072110368162214
887 0.5626317481897304
888 0.9350936036510532
890 0.6742825380166761
891 0.8345772683813701
893 0.9476965398285043
894 0.1883576712572209
895 0.5809404239559548
896 0.9251048615253551
897 0.2632862554885329
898 0.7370730920055676
900 0.7375902097098674
902 0.7392628794274634
903 0.7324624432067006
904 0.7446526074938117
905 0.7225513862566199
906 0.7617893458059758
907 0.689572086005421
908 0.8134372119887024
909 0.5766770337348469
910 0.9276584034909755
911 0.25501150170948994
912 0.7219264156803709
913 0.7628449308884003
914 0.6874676607638338
915 0.8164523294373972
918 0.24192458815082543
919 0.6969089108357399
920 0.8026621471672339
921 0.6019033737540546
923 0.30953728409161724
924 0.8121510246254501
926 0.925841093274797
927 0.26090558045839735
928 0.7327686624674435
929 0.7441112491378459
930 0.72355685256857
931 0.7600848679446116
932 0.692952273571689
934 0.5882896546461024
935 0.9203787601533934
937 0.7635137063286358
938 0.6861300009923929
940 0.5648791486004099
941 0.9340046450921665
942 0.23423187854600577
943 0.6815957613514968
944 0.8246873219448468
945 0.5493969432794767
946 0.9407277795796478
947 0.2118842923658148
949 0.8811962276581812
950 0.397819856872854
951 0.9103250297319607
953 0.8131184652083788
954 0.5774359416330871
955 0.9272139647849091
956 0.256455267512482
957 0.7246066604548165
958 0.7582970227014721
959 0.6964740626415097
960 0.8033121822947324
961 0.6004065362721065
963 0.3059418415130345
964 0.8068974382736616
965 0.5920930570480436
966 0.9177717016054739
968 0.7772315306974855
969 0.6579421778710907
970 0.8552062201074796
971 0.47054845654843563
972 0.9467039050356182
973 0.19173136065853175
976 0.279756237751053
977 0.7656722037236314
978 0.6817894646407912
981 0.9404784394508267
982 0.21271922864006487
984 0.8793166158058204
985 0.4032518388997545
986 0.9144312146301394
987 0.2973377196927117
988 0.7939264005344704
989 0.6217076300616303
990 0.8937115605821692
991 0.36096658684302113
993 0.4112129709207658
995 0.2795392855032712
997 0.6825225555905726
998 0.823404963462608
999 0.5525550725094468
1000 0.9395042645434019
1002 0.6434571349533788
1003 0.8717961916376786
1004 0.42471684915813046
1006 0.25239296419427415
1007 0.7170248721141075
1008 0.7710207785586501
1009 0.6708814028399598
1010 0.8390382754211
1011 0.5132015816380481
1012 0.9493377293205649
1013 0.18276329903434715
1015 0.932649639849774
1016 0.2386942987238712
1017 0.690533455826244
1018 0.812048608401453
1019 0.5799775307799232
1020 0.9256936593673165
1022 0.7336346923660371
1023 0.7425763559875034
1024 0.7263955037601313
1025 0.7552312883333463
1026 0.7024565599316609
1027 0.7942430970944236
1029 0.8943643845758252
1030 0.35901158227689633
1031 0.8744646110581553
1032 0.41714976924724495
1033 0.9239161892040179
1034 0.2671212452168246
1036 0.7239181175503185
1037 0.7594705712043425
1038 0.6941650861797904
1039 0.8067396933734192
1040 0.5924608899348869
1041 0.9175137385633052
1042 0.2875926568213897
1043 0.7785558581424553
1044 0.6551452087991771
1045 0.858533863909307
1046 0.46152318003499765
1047 0.9443742304364469
1048 0.19961986463125939
1049 0.6071327422482569
1050 0.9063857870458004
1051 0.3224322499312283
1052 0.8301848377149541
1053 0.5357162971839677
1054 0.9451525152387726
1055 0.1969891050710583
1058 0.3076039017558381
1059 0.8093382172456067
1061 0.9216479271448114
1063 0.7566139148868019
1064 0.6997673350085829
1065 0.7983534450815607
1066 0.6117438428702637
1067 0.902550591606226
1069 0.8455664334585926
1071 0.9499456636307275
1072 0.18068581916363596
1074 0.935134332595654
1075 0.23050082786683196
1076 0.6740067456342409
1077 0.8349422794003662
1078 0.5236919439863305
1079 0.9478670288025646
1080 0.18777747314393864
1081 0.5795649561497409
1082 0.9259437874609813
1083 0.26057318170889876
1084 0.7321642349954
1085 0.7451791183582026
1086 0.721571359700159
1087 0.7634433037303665
1088 0.6862709777345934
1089 0.8181518668444346
1090 0.5653616805689243
1091 0.9337658327101823
1092 0.23501936901832007
1093 0.6831840077772928
1094 0.8224857533196651
1095 0.5548111678422227
1096 0.9385837963431323
1097 0.2190481636239343
1100 0.44529228005755506
1101 0.9386268484390562
1102 0.21890465374800067
1104 0.8647909718618695
1105 0.4443246780226764
1106 0.938220982386341
1107 0.22025700826613082
1108 0.6526266625879807
1109 0.8614793870955678
1110 0.453464080279048
1111 0.9417707510677555
1112 0.20838669330391843
1113 0.6268543815595529
1114 0.8888502703407447
1116 0.8910259575850045
1118 0.8847633692444458
1121 0.3363553155498928
1122 0.8482375855546542
1123 0.4891762192268465
1124 0.9495548139251438
1125 0.1820217832515713
1126 0.5657814439592593
1127 0.9335566461964123
1128 0.23570881124789198
1129 0.6845706366823908
1130 0.8205479842836961
1131 0.5595461611323053
1133 0.22589063820968827
1134 0.6644834195598504
1136 0.49193990376965663
1138 0.18134405551986818
1139 0.5641418783804055
1140 0.9343661138637663
1141 0.2330391006821804
1142 0.6791811372945997
1144 0.5411866427441274
1146 0.2023877307664193
1147 0.613422361366227
1149 0.3386075103762029
1150 0.8510193643135235
1151 0.48178454233233337
1152 0.9487391489874382
1153 0.18480606943091313
1154 0.5724805873031565
1156 0.24725925867117376
1157 0.7072640471557103
1158 0.7867581360752147
1160 0.8781299853917585
1163 0.2895442686393907
1164 0.7816918635223898
1165 0.6484688372960765
1167 0.4403088146874623
1168 0.9364604571047402
1169 0.22610862365890055
1170 0.6649373530707173
1172 0.4934380503462046
1173 0.949836375103616
1174 0.1810594954078279
1175 0.5634524272158644
1176 0.9347004000255786
1177 0.23193513642688726
1178 0.6769366698866082
1179 0.8310349764278622
1180 0.533580208649338
1181 0.9457150044308543
1182 0.19508491233577333
1183 0.5967017993959245
1184 0.9144652955756435
1185 0.297230371300899
1186 0.7937610151734691
1187 0.6220769706641608
1188 0.8933694102871542
1190 0.877622234833109
1192 0.9179244907871071
1193 0.28628865600128134
1194 0.776444353495793
1195 0.6595983737971135
1197 0.47592824534409767
1199 0.18801210013215133
1200 0.5801214912769871
1201 0.9256060772150964
1202 0.26166597474279424
1205 0.7280751256525513
1206 0.7523306008225772
1208 0.7855158246544933
1209 0.6402267127130855
1211 0.4148307453676908
1212 0.9224355526484321
1213 0.27188317466273215
1214 0.7522583131925764
1215 0.7081898250158969
1217 0.6407022568048505
1220 0.9233641684284575
1222 0.7470500858051283
1223 0.7180717693939791
1224 0.769289872894841
1225 0.6744352645538654
1226 0.8343748862240874
1227 0.5251350547579887
1228 0.947599270284789
1230 0.5817237930212485
1231 0.9246206422860365
1232 0.2648497785494566
1233 0.7398766187366896
1234 0.7313449895771208
1235 0.7466220840307352
1236 0.7188746811396807
1237 0.7679567210328119
1239 0.8307385860282874
1240 0.5343255533056346
1241 0.9455226742829957
1242 0.19573627745896519
1243 0.5982096311527942
1244 0.913348499725562
1245 0.3007434675435829
1246 0.7991279702390902
1247 0.6099853381984395
1248 0.9040322564492246
1249 0.32968015584448246
1250 0.8397663726099929
1251 0.5113234857651004
1252 0.9495127589464848
1253 0.18216546226841393
1255 0.9333826388465578
1257 0.685720814278556
1258 0.8189295607460984
1259 0.5634789540727428
1260 0.9346876050813563
1262 0.6770227801425478
1264 0.5338715509070804
1265 0.9456403285487663
1266 0.19533785076960083
1267 0.5972877043399931
1268 0.9140333898201656
1269 0.29859013803328666
1270 0.795849456509688
1271 0.6173977765151045
1272 0.8976274958633763
1273 0.34919102322699846
1275 0.447689461059544
1276 0.9396017085598843
1277 0.21565128375867593
1278 0.6427540687732617
1279 0.8725608482249797
1280 0.42255397460555777
1281 0.9272080299722929
1282 0.2564745366833315
1283 0.7246423251223274
1284 0.7582361379018112
1285 0.6965935689099156
1286 0.8031336809203966
1287 0.6008178916682744
1288 0.9113758603343435
1289 0.30692562582987915
1290 0.8083446869475014
1291 0.58870950531874
1292 0.9200963699311968
1293 0.27937235188839793
1294 0.7650290753772236
1296 0.8226215522771763
1297 0.5544782692238078
1299 0.218587261830504
1301 0.8655613215330139
1302 0.44218669675633837
1304 0.22332454285401232
1305 0.6591126273696232
1306 0.8537960528838345
1308 0.947499454162327
1310 0.5825266292681242
1311 0.924119550754238
1312 0.26646590533848863
1314 0.7260661463940062
1315 0.7557975703273422
1316 0.701356891455588
1317 0.7959305286007017
1318 0.6172154645200152
1321 0.8630112814033882
1322 0.44924667638070626
1323 0.9402115805380619
1324 0.2136123045686896
1325 0.6383319340410633
1327 0.40909506304169124
1328 0.9185979112591025
1329 0.28414799702016286
1330 0.772950068676451
1331 0.6668933880361786
1332 0.844157068713261
1333 0.49991246580784376
1334 0.9499999708835077
1335 0.1805000995784003
1336 0.5620952917962339
1340 0.8368499930793535
1341 0.5188219122172701
1342 0.9486537953578443
1343 0.18509713326180585
1344 0.5731775011762551
1345 0.9296512026220768
1346 0.24851940752453183
1348 0.7829326509298883
1350 0.869213613346538
1351 0.43198896933445385
1352 0.9324230988896784
1353 0.23943900147726002
1354 0.6920102709855642
1355 0.8099018121769906
1356 0.5850512938757854
1357 0.9225118541582081
1359 0.7518333508356256
1360 0.7090038609462226
1361 0.7840060672163738
1363 0.8717558796307667
1364 0.42483075064782855
1365 0.9285284190169579
1367 0.7166256313708064
1368 0.7716786761661582
1370 0.8407932957730739
1371 0.5086677323132793
1372 0.9497145075828722
1374 0.5644615333820195
1375 0.9342099007133474
1376 0.2335546960655189
1377 0.6802262200427954
1381 0.20629027198895258
1382 0.6221914635523709
1383 0.8932631356927325
1384 0.3623076031994539
1385 0.8779550546806196
1387 0.9172537835571082
1388 0.2884172644076561
1390 0.6523258720013807
1391 0.8618279491322721
1393 0.941428428085685
1394 0.20953558293564445
1396 0.8863757539546541
1397 0.3827123516726959
1398 0.8977257086894325
1399 0.34889419046045705
1400 0.8632347304289177
1401 0.4486300163188795
1402 0.9399722741510854
1403 0.2144127123176241
1404 0.6400716242340507
1405 0.8754437723208526
1406 0.41435950053685366
1407 0.9221296784364708
1409 0.7539565377305711
1410 0.7049230923868238
1412 0.629483055986493
1414 0.3829649431577636
1415 0.8979506227857511
1417 0.8624520082729685
1418 0.4507884584557894
1419 0.9407972518796012
1420 0.21165157439448748
1421 0.6340497047131244
1423 0.3963113448479678
1424 0.9091449186124991
1425 0.31388165517957156
1427 0.5648392549409582
1428 0.9340243098710653
1429 0.23416701407559276
1430 0.6814647296591528
1432 0.5489507338492451
1434 0.21132562587907164
1435 0.633335001758383
1437 0.3942026523574238
1438 0.9074663006808243
1439 0.31909061247603937
1440 0.8256328153216808
1444 0.6282407067132955
1445 0.8875064203383631
1446 0.37938734194688173
1448 0.35794577348014706
1449 0.873318267565816
1450 0.4204071901862997
1451 0.9259269415786484
1453 0.732263452427234
1454 0.7450040169330115
1456 0.7628936636573797
1457 0.6873703021134421
1458 0.8165910055664862
1459 0.5691265137387241
1460 0.9318417953736539
1461 0.2413481223201452
1463 0.8043512164453983
1464 0.598007280783184
1465 0.9134993770712473
1466 0.3002694076144237
1468 0.6116173536463069
1469 0.902657952186982
1470 0.3338929794542273
1471 0.8451521393565437
1472 0.49730600265088404
1473 0.9499724210374753
1475 0.562324037127932
1476 0.9352397147050894
1477 0.23015228482504316
1479 0.8358850271453993
1481 0.9482777995669844
1482 0.18637865477845358
1483 0.5762382769214249
1484 0.927913355501798
1485 0.254182608696129
1486 0.7203804785037264
1487 0.7654432898389806
1488 0.682251467541944
1490 0.5516309482399877
1491 0.9398701316985909
1492 0.2147542155099643
1493 0.6408124012365235
1494 0.8746530971004164
1497 0.2682127964482239
1498 0.7458438306246604
1499 0.7203310815864143
1500 0.7655260150504511
1501 0.6820845542594247
1502 0.8240118173805571
1503 0.5510621003514444
1504 0.9400921152492562
1505 0.21401193436265456
1506 0.6392011399894357
1507 0.8763675619774377
1508 0.4117203415064064
1509 0.9203854672057672
1510 0.27844902405631755
1511 0.763477627221927
1512 0.6862022518233124
1513 0.8182491413805254
1514 0.5651264392401217
1516 0.23463478120680342
1517 0.6824089424883878
1518 0.8235625152610185
1519 0.55216773512826
1520 0.9396584041640333
1521 0.2154618530621549
1522 0.6423445631612736
1523 0.8730044962860194
1525 0.9264622158167173
1526 0.2588939182266434
1527 0.7290978578612181
1528 0.7505538517889243
1529 0.7114465159441883
1530 0.7801034094012436
1532 0.862366564133701
1534 0.9408850602797257
1535 0.2113573817641419
1536 0.6334046679642049
1537 0.8823721393483689
1538 0.3944078787905759
1539 0.9076311549662783
1540 0.3185799977032603
1541 0.8249297745132735
1543 0.9409511072266413
1545 0.6329189716950784
1546 0.8828636784613871
1547 0.39297853411705913
1548 0.9064763421930128
1549 0.32215253630207735
1550 0.829807062693621
1551 0.5366637453101425
1553 0.19787046471285064
1554 0.6031274268472504
1555 0.909585988561087
1556 0.3125094083028611
1557 0.8164196564952156
1558 0.569538683737109
1559 0.9316246115636192
1560 0.2420607398317084
1561 0.6971758846425705
1562 0.8022623479585949
1563 0.6028223974249178
1565 0.31176609487243095
1566 0.8153583884496162
1568 0.9302534223476389
1569 0.24655157172094833
1570 0.7059027979709378
1571 0.7888953435934088
1572 0.6328500257101757
1573 0.8829333085414615
1575 0.9063113780458794
1576 0.3226620434677423
1577 0.8304947468572597
1578 0.5349382447390723
1582 0.912401046036357
1583 0.3037164334668506
1584 0.8035964937343015
1585 0.5997508421705052
1586 0.9121891240478448
1587 0.3043804788633475
1588 0.8045854112110137
1589 0.5974653636541872
1590 0.9139019109734766
1592 0.7964819906974107
1593 0.6159740309299819
1594 0.898890091769436
1595 0.3453694398150494
1597 0.45987101897351496
1598 0.9438807265507488
1599 0.20128562226776145
1600 0.6109249380369577
1601 0.9032435008616889
1602 0.33209978024867454
1603 0.8428761615883352
1605 0.9499597002130238
1606 0.1806378190999819
1609 0.2303178577482551
1610 0.6736318601719367
1611 0.8354375131062856
1612 0.522430364244068
1613 0.948088139287538
1614 0.1870246738333614
1615 0.5777764918013675
1616 0.9270131058276729
1617 0.2571072683153374
1618 0.7258118594000975
1619 0.7562342157862282
1620 0.7005073013095833
1621 0.7972279240618824
1622 0.6142911323998828
1624 0.34089707221174786
1625 0.8538077818029836
1626 0.47431620343547903
1627 0.9474933018573226
1629 0.582576078675821
1630 0.9240885266759936
1632 0.7429323829349878
1634 0.7563598217862727
1636 0.7976005269944385
1637 0.6134489200640033
1638 0.9010915016379832
1639 0.3386773077923932
1641 0.4815561718580858
1642 0.9487073357731917
1643 0.18491456192863207
1644 0.5727404335184217
1646 0.24772783077014546
1649 0.6406111192039832
1650 0.8748683499935722
1651 0.4160001366577672
1653 0.26946757568288043
1654 0.7480482450861919
1655 0.7161938588167097
1656 0.7723888185577742
1657 0.6680564597938599
1658 0.8426767000219081
1659 0.5037761811959618
1660 0.949945813731186
1661 0.1806853058819672
1662 0.5625448792571672
1663 0.9351349246990842
1664 0.23049886976706477
1665 0.6740027350520478
1668 0.9478694591010921
1671 0.9259556557717644
1672 0.2605347614009753
1674 0.7453024645034654
1676 0.7638302349156507
1677 0.6854957071485397
1678 0.8192471019919602
1679 0.562708893904993
1680 0.9350568595758069
1682 0.6745312067881548
1683 0.8342476598568672
1684 0.5254583071447904
1685 0.9475371234698218
1687 0.5822237732544853
1689 0.2658546182358653
1690 0.7416685727544049
1691 0.7280659435828258
1692 0.752346516435166
1693 0.7080206954435385
1694 0.785564083015309
1695 0.6401219870681777
1696 0.8753901492122487
1697 0.41451249632274156
1698 0.9222291695171168
1699 0.27254560795376637
1700 0.7534050982477373
1701 0.7059862534918075
1702 0.7887647208151534
1703 0.6331367568476768
1704 0.8826434951091139
1706 0.9069957402336465
1708 0.8276271266013449
1709 0.5421097704767961
1711 0.20337239605616536
1712 0.6156458453984504
1713 0.8991789460798952
1714 0.3444934422248675
1715 0.8581072998579314
1717 0.9447087924221701
1718 0.19848954178117786
1719 0.6045474856217684
1720 0.9084653283506312
1721 0.3159930870345619
1722 0.8213375327275327
1723 0.557620322230211
1724 0.9373836141711291
1725 0.22304318140748317
1729 0.9471104949234401
1730 0.1903503802514024
1731 0.5856450293602858
1733 0.2728742905323241
1734 0.7539728659754585
1735 0.7048915767232048
1736 0.7904738787939405
1737 0.629374717805932
1738 0.8863962930920147
1739 0.3826520378020494
1740 0.8976719319183557
1741 0.3490567313444261
1742 0.8634212926607707
1743 0.4481148633549428
1744 0.9397701438622302
1745 0.21508843815609463
1746 0.6415365273251326
1748 0.4188231347507101
1750 0.2637567683614449
1751 0.7379187149188936
1752 0.7348998033471005
1753 0.7403239130724752
1754 0.7305287838610267
1755 0.7480546232839129
1756 0.716181834696409
1757 0.7724085745197191
1758 0.6680155604069116
1760 0.503640142012475
1763 0.5625130626891385
1764 0.9351500445742507
1765 0.23044886708670512
1766 0.6739003096316051
1767 0.8350829927781211
1769 0.947931050661296
1770 0.18755954064317634
1771 0.5790476455562087
1772 0.9262555849816759
1774 0.7303230448533675
1775 0.7484149210359999
1776 0.7155021026253761
1777 0.7735236063033591
1780 0.4959666747936929
1781 0.9499381826935647
1782 0.1807114006667672
1783 0.5626082032761248
1784 0.9351048089536347
1785 0.23059845985660005
1786 0.6742066786397835
1787 0.8346777258457218
1788 0.5243651153263964
1792 0.9253401295797145
1795 0.738887434189646
1796 0.7331446163878927
1797 0.7434456338275008
1798 0.7247900488072402
1799 0.7579838490375066
1800 0.6970884678160134
1801 0.8023933162449577
1802 0.6025214727034326
1803 0.9100595210119334
1804 0.31103451906436214
1805 0.8143097786560995
1806 0.5745955795563841
1807 0.9288548981404592
1808 0.2511172100955582
1809 0.7146179561796496
1810 0.7749687049640259
1811 0.6626904029035445
1812 0.8494209646517129
1814 0.949259339571285
1815 0.18303097407029656
1816 0.568216419084465
1817 0.9323167766357119
1818 0.2397883776293704
1819 0.6927016640163304
1821 0.5874279872402665
1822 0.92095411877904
1823 0.27663099355525517
1824 0.7604038904475726
1826 0.8094475775811062
1827 0.586120347570904
1828 0.9218164857902134
1829 0.27386923879925995
1830 0.7556865395873407
1832 0.7956001044882974
1833 0.617958197260729
1834 0.897126282056196
1835 0.35070472118084595
1836 0.8653014949447819
1837 0.4429083076062083
1838 0.9376140469065279
1840 0.656905742653886
1841 0.8564462341044835
1842 0.4671951123323806
1844 0.19442223541394013
1845 0.5951644732042289
1846 0.9155861475510939
1847 0.2936949850618335
1849 0.6342318108559833
1850 0.8815309196264294
1851 0.3968497980022421
1852 0.9095681361457227
1854 0.8164988290954026
1855 0.5693482664887087
1856 0.9317251081530419
1857 0.24173103776292829
1858 0.6965291439509469
1863 0.8075647982243177
1864 0.590534800594292
1865 0.9188531095491367
1866 0.2833358759598718
1867 0.7716152979449108
1868 0.6696554937047299
1869 0.8406246511320565
1870 0.5091044187564261
1871 0.949685016324609
1872 0.1815768671539173
1873 0.5647054921802467
1875 0.2339497943712966
1876 0.6810256947227136
1877 0.8254728518306038
1879 0.9414420522230226
1880 0.2094898752106796
1881 0.6292946961005952
1882 0.886474949928968
1883 0.3824210296941263
1884 0.8974657058188797
1885 0.34967984825201903
1886 0.8641346375181631
1887 0.44614266988616064
1888 0.9389776743734339
1889 0.2177346853264273
1890 0.6472399101024702
1891 0.8676175537174626
1892 0.4364578699553962
1893 0.9346571112956995
1894 0.232078143280296
1897 0.5345658377033681
1898 0.9454597708826847
1899 0.19594925159555487
1901 0.9129801219278642
1902 0.3019001917912965
1903 0.8008745707531646
1904 0.606003072161576
1905 0.9073007250307693
1907 0.8263366528848652
1909 0.9421963149933539
1910 0.2069571922239345
1911 0.6236784686807356
1914 0.8822274104521712
1915 0.39482838545630417
1916 0.9079679396782345
1917 0.3175362087398463
1918 0.8234864665400898
1919 0.5523547226685479
1920 0.9395841354543378
1921 0.215709993856077
1922 0.6428809311454152
1923 0.8724231501570726
1924 0.42294378946291367
1925 0.927436893587124
1926 0.2557312676022406
1927 0.7232645882166088
1928 0.7605811098641788
1929 0.6919704436914205
1930 0.8099599252458928
1931 0.5849144100179301
1932 0.9226002632909659
1933 0.27135426637234394
1935 0.7099466260581261
1936 0.7825051739858756
1937 0.6467251413505986
1938 0.8681925850034581
1939 0.4348500373241909
1940 0.9338708329806945
1941 0.2346731810968255
1943 0.8234551390579635
1944 0.5524317374645752
1945 0.9395534690444942
1946 0.21581244183361328
1948 0.8721826450014629
1949 0.4236242992869171
1950 0.9278336588942252
1952 0.7208643900980803
1953 0.7646319005090912
1954 0.6838858374851964
1955 0.8215067953349982
1956 0.5572068461029945
1957 0.9375640316840035
1958 0.22244332907047348
1959 0.6572567188055704
1960 0.856027232683922
1961 0.46832951643222814
1962 0.9461885257882173
1964 0.5929729488370175
1965 0.9171529169812874
1966 0.28873708664521186
1967 0.7803983294752196
1968 0.6512317519445235
1969 0.8630900373744024
1970 0.4490293740859293
1971 0.9401275821169259
1972 0.21389330354765274
1973 0.6389432413314727
1974 0.8766401476155556
1975 0.4109403569757033
1976 0.9198598439406623
1978 0.7662927898606012
1979 0.6805349702593791
1980 0.8261470731510914
1981 0.5457867293649112
1982 0.9420335865734445
1983 0.20750397169586518
1984 0.6248950790199657
1985 0.8907246330990667
1986 0.36987019214047895
1988 0.3848365534973957
1989 0.8996020462406389
1991 0.8565832244817645
1992 0.46682393526911264
1993 0.9458175251700935
1994 0.19473759015460942
1995 0.5958964723144622
1996 0.9150546930710379
1998 0.7908848070221051
1999 0.6284669103661082
2000 0.887285761175748
2001 0.3800370089239817
2002 0.8953137469339614
2003 0.3561627576431214
2004 0.8713812213024404
2006 0.9291285894402594
2007 0.25022488415505034
2009 0.7777158102011217
2010 0.6569209293044713
2011 0.8564281233956402
2015 0.595068269582686
2016 0.9156556916505042
2018 0.7879207067228531
2019 0.6349863332328087
2021 0.399085756984734
2022 0.9113019991152923
2024 0.808683303617943
2025 0.5879155486565486
2027 0.2776699167198713
2028 0.7621634694608739
2029 0.6888271980649022
2030 0.8145082992296411
2031 0.5741212129195785
2032 0.929122974022256
2033 0.2502431980319181
2034 0.7129618515085699
2036 0.6570396639038193
2037 0.8562864670517067
2038 0.46762782290408966
2039 0.9460177601702698
2041 0.5943203946802036
2042 0.9161939199600084
2043 0.291773959755624
2044 0.7852392814237604
2045 0.6408264988648558
2046 0.8746380094263737
2047 0.4166561751935684
2048 0.9236044660932123
2049 0.26812517396236113
2050 0.7456894471900559
2053 0.6830587271169883
2054 0.8226601092199703
2055 0.5543837248889959
2056 0.9387611597753525
2057 0.21845684975583296
2058 0.6487871272922434
2059 0.8658770848580627
2060 0.4413090433479107
2062 0.224615308809483
2064 0.8504937602882001
2065 0.4831856711963433
2066 0.9489256577181535
2067 0.18416986460082843
2068 0.5709550371802156
2069 0.930868454255266
2071 0.7020108238997574
2072 0.7949281827038964
2073 0.6194659947785128
2075 0.35480345143734116
2076 0.8698882566848676
2077 0.43009417475319217
2078 0.9314300672669386
2079 0.2426987688205705
2080 0.6984250904474891
2081 0.8003844372274418
2083 0.9063937828096688
2085 0.8301515085664605
2086 0.5357999292869035
2087 0.9451297872396003
2088 0.1970659955457071
2089 0.6012777579920885
2090 0.9110226997971645
2091 0.3080292929555098
2092 0.8099595410199865
2093 0.5849153151365815
2094 0.9225996791699691
2095 0.2713561424286689
2097 0.7099403987650786
2098 0.7825151100721671
2099 0.6467038078074628
2100 0.8682163725442058
2101 0.43478347136346923
2102 0.933837856691882
2103 0.23478191358377734
2104 0.6827055932233248
2105 0.8231509315786693
2106 0.5531792065953852
2108 0.21681419994779416
2109 0.6452620500654099
2110 0.8698159598810183
2111 0.4302973921056679
2114 0.6977332785650687
2115 0.801425892082054
2116 0.6047412400136443
2117 0.9083112360335358
2118 0.3164713512093116
2119 0.8220054932776437
2120 0.5559873567362811
2121 0.9380885803656007
2122 0.22069790386235985
2123 0.6535632885538575
2124 0.8603896023523938
2126 0.942794059339372
2127 0.2049469998522907
2128 0.6191861629945763
2129 0.8960197024923952
2130 0.3540399019037723
2132 0.43246628806942194
2134 0.23863079807844023
2136 0.812231180520858
2137 0.5795444216600953
2141 0.7453081507741302
2144 0.685459949671538
2145 0.8192975068577563
2146 0.5625865880348001
2147 0.9351150921930164
2148 0.2305644548742789
2149 0.6741370506866609
2150 0.834769892796975
2151 0.5241306517314671
2152 0.9477873042586555
2153 0.18804881455011174
2154 0.5802085400063558
2156 0.26183751073677924
2158 0.7411104896297646
2159 0.7290897808038816
2161 0.7114197361648339
2162 0.7801464416079696
2163 0.6517682907666913
2164 0.8624722664874768
2165 0.45073265290424014
2166 0.9407763683385544
2167 0.2117215338342451
2168 0.6342029985914549
2170 0.3967645744011616
2172 0.31277300965643917
2174 0.5686355129902816
2175 0.9320988321549313
2176 0.24050427715130918
2177 0.6941154853282946
2178 0.8068128777518905
2179 0.5922902605732934
2180 0.9176335296525917
2181 0.2872124926576876
2182 0.7779416115323723
2183 0.6564441501993938
2184 0.8569958658998801
2185 0.46570501657550034
2187 0.19570928647317276
2188 0.5981472143130705
2189 0.9133950724258199
2190 0.3005971535573944
2192 0.6104890488175532
2193 0.9036102463472909
2194 0.33097532236522065
2195 0.8414365017317438
2196 0.5070002380837179
2198 0.1811367155530438
2199 0.5636395821604581
2200 0.9346100136132808
2201 0.2322337170548428
2202 0.6775446273273893
2203 0.8302160401672781
2204 0.5356379939017216
2206 0.19691727332226008
2207 0.6009352710004283
2210 0.8087571852739909
2211 0.5877422020583933
2212 0.9207449627161874
2213 0.2772999701260253
2216 0.8127156850253019
2218 0.9266467533782147
2219 0.2582956817609497
2220 0.7280002856694644
2221 0.752460304991642
2222 0.707802418733403
2223 0.7859089881204803
2224 0.6393729919453076
2225 0.8761856426416101
2226 0.41224057662721136
2228 0.27733669477260703
2230 0.6899486729546971
2231 0.8128941062424483
2232 0.5779696574592099
2234 0.2574782286621543
2235 0.7264961236231839
2236 0.7550581227379513
2237 0.7027923452964903
2238 0.7937260058187664
2239 0.6221551273218652
2240 0.8932968745021198
2243 0.4074731054188733
2244 0.9174673403608575
2245 0.2877398749817213
2246 0.7787934294434539
2247 0.6546420500568001
2249 0.45990787504673736
2250 0.9438919617635815
2253 0.9033160175977841
2254 0.33187752180644275
2255 0.8425923628390162
2256 0.5039957971126435
2257 0.9499393277006514
2258 0.18070748527548625
2260 0.9351093294561436
2261 0.23058351139685546
2262 0.6741760715412564
2263 0.8347182451893295
2264 0.5242620460820285
2265 0.9477631418556713
2266 0.18813104142304415
2267 0.580403460169275
2268 0.9254340776526695
2269 0.26222221317292504
2270 0.7351545515481488
2271 0.7398688801675183
2272 0.7313590972432868
2274 0.7189211718113647
2275 0.7678793780244079
2276 0.6773144275511743
2277 0.8305264563723576
2278 0.5348585942241416
2280 0.19621070056845208
2281 0.5993058338933793
2283 0.30332556779424413
2284 0.8030128373228653
2286 0.9111622928341084
2287 0.30759316201531567
2288 0.8093225130475946
2290 0.9216236856769483
2291 0.27448717716950644
2292 0.7567470736082852
2293 0.6995075727356107
2294 0.798747568000351
2295 0.6108495843327276
2296 0.9033070046823937
2297 0.3319051479016396
2298 0.8426276586525153
2299 0.5039038925999227
2302 0.5625758088716631
2303 0.9351202189474169
2304 0.23054750123997741
2305 0.6741023334655241
2306 0.8348158344310659
2307 0.5240137566540705
2308 0.9478086900671644
2309 0.18797603298125515
2310 0.5800359672223638
2311 0.9256581270129666
2312 0.26149760384969023
2313 0.7338431067161306
2314 0.7422061254771236
2315 0.7270775325691674
2316 0.7540560179687351
2317 0.7047310509887049
2318 0.7907237476920291
2319 0.6288228696060252
2320 0.8869377394125824
2321 0.3810609061094659
2322 0.8962432693890952
2323 0.35336683156259563
2324 0.8682951128732296
2326 0.9337284447409551
2327 0.23514261764585068
2329 0.8221400496371855
2331 0.9382283124308943
2332 0.22023259549908777
2333 0.6525747576395272
2334 0.8615395846587102
2335 0.4532986891542679
2336 0.9417121527481033
2337 0.20858342163561785
2339 0.8884293442607433
2340 0.37666604916524216
2341 0.8921971989716602
2343 0.8812459658911557
2344 0.39767575126853505
2347 0.8136216690844063
2348 0.5762375049867025
2349 0.9279138027669295
2350 0.25418115412587244
2355 0.5515996527256186
2356 0.9398824081866631
2358 0.6407234232976625
2359 0.8747482889144702
2360 0.4163421358315717
2362 0.268766620546258
2363 0.7468182720603267
2364 0.7185068141931873
2365 0.7685681341743469
2367 0.8324110214433883
2368 0.5301110687272603
2369 0.9465546294523883
2370 0.19223805907563257
2371 0.5900738333301715
2372 0.9191694772869923
2374 0.7699524955144977
2375 0.6730774706288812
2376 0.8361679188106932
2377 0.5205662953774514
2378 0.9483927044789002
2380 0.575304495391016
2381 0.9284510853008369
2382 0.252432736517233
2383 0.717099710196286
2385 0.6711356393258144
2386 0.83870785321967
2387 0.5140525626358253
2389 0.18306423901952493
2390 0.5682965489645632
2391 0.9322752093182178
2392 0.23992494495378563
2393 0.6929716698222924
2394 0.8084953516547854
2395 0.5883563484280832
2396 0.9203339916313297
2400 0.8190327490266431
2401 0.5632287991843111
2402 0.9348080520240981
2406 0.5311283978633415
2408 0.19304130684890297
2409 0.5919501706560885
2410 0.9178716312420017
2412 0.7767169234126586
2413 0.6590254283287247
2414 0.8539014699504894
2417 0.18921710286977392
2418 0.5829731652351046
2419 0.9238387246332984
2420 0.26737079490463234
2422 0.7230990584780036
2423 0.7608618784036676
2424 0.6914141055036985
2425 0.810770432814032
2426 0.5830026047366009
2427 0.9238201569063703
2432 0.6907538064703389
2433 0.8117293442048906
2434 0.5807343006540374
2435 0.9252314962520333
2436 0.26287706346197665
2438 0.7377515658861606
2439 0.7352019330909787
2440 0.7397841925470138
2442 0.7463257751468577
2443 0.7194297274935387
2445 0.6790363343982699
2446 0.8281947656678772
2447 0.5406951439951873
2449 0.2018721126232484
2450 0.6122550985194446
2451 0.9021154128542811
2452 0.335552140031118
2454 0.49182261502178176
2455 0.9497458954246886
2456 0.18136879228485134
2458 0.9343368979358301
2459 0.23313554454762522
2460 0.6793767771812085
2461 0.8277310928707157
2462 0.5418508569099121
2464 0.2030940863450863
2465 0.6150181380596155
2466 0.8997291460857371
2467 0.3428231171243564
2468 0.8561226244600856
2469 0.4680713701211112
2470 0.9461261378574163
2471 0.19369158265761727
2472 0.5934655831677778
2473 0.9168039020998074
2475 0.7821695377181191
2476 0.6474453375389831
2477 0.8673875152644582
2478 0.43710037178566835
2480 0.2310579955400713
2481 0.6751467533008876
2482 0.8334297362710005
2483 0.527533521686954
2484 0.9471192396973533
2485 0.1903206648713506
2487 0.9221722313856909
2489 0.7537207943479178
2490 0.705377882358754
2493 0.8847421420168029
2494 0.3874992397940246
2496 0.3361931769505655
2497 0.8480358339453148
2499 0.9495976421015374
2501 0.5654277257675029
2502 0.9337330082633911
2503 0.23512757466259857
2504 0.6834018735243542
2506 0.5555546456437351
2507 0.9382719891201161
2509 0.6522653657099355
2510 0.8618979819398344
2511 0.4523134325379262
2512 0.9413587668780034
2513 0.2097692678197275
2514 0.6299112639727911
2515 0.8858676412733688
2516 0.38420342098888166
2517 0.8990463786994229
2518 0.3448955530581316
2519 0.858581920047657
2521 0.9443358709364144
2522 0.19974940843687686
2523 0.6074284126107795
2524 0.9061447174229268
2525 0.32317658033591357
2527 0.5331971027636917
2528 0.9458122189987682
2529 0.19475556848729844
2530 0.595938180715853
2531 0.9150242888275428
2532 0.29546839079613074
2533 0.7910339191786077
2534 0.6281371799726507
2535 0.8876072798128947
2536 0.3790902672169838
2537 0.8944471787696906
2538 0.35876340801040063
2539 0.874198455316021
2540 0.4179069609485945
2541 0.9243907851693567
2542 0.26559135356068037
2543 0.7411998286030469
2544 0.728926042191071
2545 0.7508528953855814
2546 0.710876734531348
2548 0.6499101621207543
2549 0.8646023845131309
2550 0.4448473845878884
2551 0.9384411182501741
2552 0.21952366614464014
2553 0.6510654993588155
2554 0.8632810166331925
2555 0.44850223122502575
2556 0.9399223232825572
2557 0.21457972801517344
2558 0.640434019692409
2560 0.4154611488376926
2561 0.9228420940477975
2563 0.749987925973527
2564 0.7125229400963266
2565 0.7783691997446901
2566 0.6555402368073031
2567 0.8580674919889266
2568 0.46279315048688785
2569 0.9447394713273727
2571 0.6043098372785505
2572 0.9086539398183048
2573 0.31540743838971386
2574 0.8205172275529803
2575 0.559621085998654
2576 0.9364922391964962
2578 0.6647178541884962
2579 0.8468985083438417
2580 0.4927134146535067
2581 0.9497982415611553
2585 0.23243963553968186
2586 0.6779635152054746
2587 0.8296501515717011
2588 0.5370569547612671
2589 0.9447817719945213
2590 0.19824286614537195
2592 0.908913424200355
2593 0.3146012837332139
2594 0.8193838008251852
2595 0.5623771535277419
2596 0.9352145447275507
2598 0.6734631177081297
2599 0.835660077820907
2600 0.5218627861975981
2601 0.9481836706027768
2603 0.5770021753841581
2604 0.9274685269472079
2605 0.2556285021844198
2607 0.7609047539067099
2608 0.6913290956777408
2609 0.810894073159124
2610 0.5827105260432112
2611 0.9240040817502901
2612 0.2668380469045544
2613 0.7434149137891255
2614 0.7248468830311239
2615 0.7578867409265148
2616 0.6972788296463425
2617 0.8021080408188036
2619 0.9095472975824272
2621 0.8165912107335157
2622 0.5691260200878893
2623 0.9318420547178732
2624 0.24134727115277263
2625 0.695775310267554
2626 0.8043537059806433
2627 0.5980015222922229
2628 0.9135036661879462
2630 0.7983887625538831
2631 0.611663756249937
2632 0.9026185810525876
2633 0.3340134571265635
2634 0.8453041768227143
2635 0.4969070967813931
2636 0.9499636490087852
2637 0.1806243153686554
2638 0.5623968538517876
2639 0.9352052039917149
2640 0.23026643559041327
2643 0.5220758090283073
2644 0.9481481028918337
2645 0.1868204559229116
2647 0.9272994328684765
2648 0.2561777397470577
2650 0.7591733880086656
2651 0.6947507888028166
2652 0.8058740949905867
2654 0.9160823244956154
2655 0.2921268971208364
2656 0.7857973377776769
2657 0.6396155505329313
2658 0.8759284925876687
2659 0.41297552015089983
2661 0.2757749447510736
2664 0.8052161688367709
2665 0.5960037430662942
2666 0.9149764690055916
2667 0.2956192146522748
2668 0.7912682794064588
2669 0.627618599764084
2670 0.8881112733781673
2671 0.3776046300117544
2672 0.8930736189406738
2673 0.36287389435295136
2674 0.8785464383702829
2676 0.9160433979806879
2677 0.29224998578739514
2678 0.7859917400597174
2679 0.6391931535469372
2680 0.8763760108215033
2681 0.4116961742167482
2682 0.9203692505377561
2684 0.7635648542371742
2685 0.6860275569215609
2686 0.8184962426500225
2687 0.5645285449877082
2688 0.9341770541507234
2690 0.6804456622351366
2691 0.8262695793259874
2692 0.5454830141044841
2693 0.942138922626291
2694 0.20715005777567824
2695 0.6241078630890033
2696 0.8914695056140286
2697 0.3676561794623705
2698 0.883443430028914
2700 0.905092378056983
2701 0.3264206279125259
2702 0.8355067660257293
2703 0.5222537978136349
2704 0.9481181202349054
2707 0.9271564614376814
2710 0.757706931935836
2712 0.8015793713220691
2713 0.6043895546133451
2714 0.9085907193729843
2715 0.3156037713606153
2716 0.8207925172815728
2717 0.558950211253377
2718 0.9367945158540925
2719 0.2250000934951981
2720 0.6626251954049307
2721 0.8495015741141307
2722 0.48582486882863013
2724 0.18310912729543094
2725 0.5684046642268391
2726 0.9322190472656509
2727 0.24010944168693765
2730 0.5896099208854295
2732 0.2813189319841967
2734 0.6765009631293806
2735 0.831620158054724
2736 0.5321066689326875
2737 0.9460828148781778
2739 0.5938074341814478
2740 0.9165606281107147
2742 0.7833977536378693
2743 0.6448057102854361
2744 0.8703189638211752
2745 0.4288826871307622
2746 0.9307808456789839
2747 0.24482587938517797
2748 0.7025674390401185
2749 0.7940724440347658
2750 0.6213813111057941
2751 0.8940129937941059
2753 0.8755883896422503
2756 0.2737284488570842
2757 0.7554445035448396
2758 0.7020428013131756
2759 0.7948790844625936
2760 0.6195760370767098
2761 0.8956659711567114
2762 0.35510406922074234
2763 0.8702196431257276
2764 0.42916218020666363
2765 0.9309316124903219
2766 0.2443321923546661
2767 0.7016090941085484
2768 0.7955443380563757
2769 0.6180834681227111
2771 0.3510438019118886
2772 0.8656857939943141
2773 0.4418408202688426
2774 0.9371465372893958
2776 0.6601766784133669
2777 0.8525050404313512
2778 0.47781274658786743
2779 0.948129357986898
2780 0.1868842983389523
2781 0.5774425180185772
2783 0.25646783414586555
2784 0.7246299199386985
2785 0.7582573164596688
2788 0.6006748132753155
2789 0.9114854114935252
2790 0.30658307328641593
2791 0.8078415913505538
2792 0.5898875076120829
2793 0.9192968967060934
2794 0.2819224271680307
2795 0.7692802544653249
2796 0.6744549493093415
2798 0.5252013729540406
2799 0.9475865850446792
2800 0.18873174577456023
2802 0.9245571958394675
2804 0.7402423477677598
2806 0.7477935746830562
2808 0.7715995153473828
2810 0.8405826407241014
2811 0.5092131663821112
2812 0.949677446747819
2813 0.1816027367681773
2815 0.9340593569461644
2816 0.23405140366043262
2817 0.6812311075990526
2818 0.8251900854259983
2819 0.5481553516944014
2820 0.9411880359921163
2821 0.2103418442101925
2824 0.3878684129368737
2825 0.9022207272942772
2826 0.3352302488324783
2827 0.8468335305807333
2831 0.5636907067570551
2832 0.9345852767165898
2833 0.2323154215924274
2834 0.6777108726344884
2835 0.8299916138404568
2836 0.5362010322208891
2837 0.9450200440113402
2838 0.1974372096269503
2840 0.9103625005716591
2841 0.3100899488733852
2846 0.7260264147531404
2847 0.7558658273685971
2848 0.7012241778629363
2849 0.7961335549248643
2851 0.8981961541842409
2853 0.8615930144201832
2854 0.45315186930559564
2855 0.9416599600716721
2856 0.2087586227440583
2857 0.6276781486614365
2858 0.8880535033466749
2860 0.8932320047665597
2861 0.36240064362363494
2862 0.8780523850742784
2865 0.2890436260105666
2867 0.6501827467349349
2868 0.8642915418159715
2869 0.4457083557331008
2870 0.9387991859786267
2871 0.21833004266107953
2874 0.4404561134800873
2875 0.9365271971967942
2876 0.22588722320854226
2877 0.6644763052787706
2878 0.8472006710070097
2879 0.4919164373986724
2880 0.9497516928595475
2881 0.18134897612589065
2882 0.5641537949391309
2883 0.9343603042606502
2884 0.23305827911386245
2885 0.6792200470713202
2886 0.8279446639654643
2887 0.5413187300309991
2888 0.9435124976847765
2890 0.6137380283324455
2891 0.9008419114619817
2892 0.3394378956589184
2893 0.8520352804683419
2894 0.47907041296118835
2897 0.5757702041905699
2900 0.7187343116190249
2901 0.768190143498095
2902 0.6766813783357906
2903 0.8313780240875879
2905 0.9459325467614297
2907 0.5949916356011048
2908 0.9157110388301423
2910 0.7876461442985022
2911 0.6355868435467799
2913 0.4008710123126959
2914 0.9126590864403431
2916 0.8023871534143817
2917 0.6025356359097992
2918 0.9100484848005778
2919 0.3110689124284513
2920 0.8143591677663208
2921 0.5744775918368115
2922 0.9289217355939193
2923 0.2508993499933798
2924 0.7142056914318614
2925 0.775640502681153
2926 0.6612847904703888
2928 0.48143217906604524
2929 0.9486898968979055
2930 0.1849740304026383
2931 0.5728828262211201
2933 0.24798524751739826
2934 0.7086565452183053
2935 0.7845572953227329
2936 0.6423031535787217
2937 0.8730492874298927
2938 0.42117007076258717
2939 0.926386200574413
2940 0.25914027024692243
2941 0.7295490442164428
2942 0.7497674979374067
2943 0.7129415485015326
2944 0.7776924083027239
2945 0.6569703202099264
2946 0.8563692105781341
2947 0.4674037458572866
2948 0.9459624400202818
2949 0.19424650794639475
2953 0.7868025101462228
2955 0.8782310351178748
2956 0.4063768794799116
2958 0.2901978604430073
2959 0.782735636501771
2960 0.6462301274373659
2961 0.8687436493526766
2962 0.4333068600358672
2963 0.9330976953105534
2964 0.23722026800341073
2965 0.6875978873168427
2966 0.8162667241621773
2967 0.569906364913356
2968 0.9314297805494826
2969 0.2426997089290962
2970 0.698426928816347
2971 0.8003816648979469
2972 0.6071292504939225
2974 0.3224234692939085
2975 0.8301729878210765
2977 0.9451444403201328
2978 0.19701642355788782
2980 0.9111105042143228
2981 0.307754982633652
2982 0.8095590425316876
2984 0.9219878321896114
2985 0.27331982403886684
2986 0.7547411717396729
2987 0.7034063545986541
2988 0.792778248653769
2989 0.6242674090378809
2991 0.36810410490038353
2992 0.8838931968523097
2993 0.3899788509599524
2995 0.32977208370476013
2997 0.5110162450370312
2998 0.9495388409120795
3000 0.5659133148891624
3001 0.933490652697224
3002 0.23592624529171202
3003 0.6850071978822144
3004 0.8199348795807304
3006 0.9358424122222501
3008 0.6691858527588905
3009 0.8412293594597386
3010 0.5075375921222466
3011 0.9497841018789949
3012 0.18123819444824266
3013 0.5638854630212579
3014 0.934490860935326
3015 0.2326272287019811
3016 0.6783448444399857
3018 0.5383494720044923
3019 0.9444114083885112
3020 0.19949430035773158
3021 0.6068460330335409
3022 0.9066189158549828
3023 0.32171201762189006
3025 0.5381566908902786
3026 0.9444674543731542
3027 0.19930499161158288
3031 0.8277382249791833
3032 0.5418330923724781
3033 0.9433499710537117
3034 0.20307505203335752
3035 0.6149751860450252
3036 0.899766685056865
3037 0.34270907057085226
3038 0.8559863413733966
3039 0.4684401540712175
3040 0.9462151092748156
3041 0.19338988976848473
3043 0.9173011593837385
3044 0.2882670210325533
3045 0.7796427533467689
3046 0.652839735902425
3047 0.8612320574912525
3049 0.9420092274660556
3050 0.20758580277247057
3052 0.8905518639844695
3053 0.3703831178453744
3056 0.8982940668313637
3057 0.3471749780423461
3058 0.8612491481218418
3060 0.9419928665903008
3061 0.20764076235649653
3062 0.6251990894251359
3064 0.3707278210194067
3065 0.886497074218116
3066 0.38235604415917734
3067 0.8974076186856657
3068 0.34985530152023653
3069 0.8643349641699993
3070 0.44558812875633214
3071 0.9387495234174975
3072 0.21849565166349144
3074 0.8657831813525809
3077 0.2242294251812465
3079 0.8514852198210805
3080 0.4805409329398415
3081 0.9485611098947632
3082 0.18541313662191716
3084 0.9292286387141685
3086 0.7123072014969691
3087 0.7787174783315963
3088 0.6548029556354094
3089 0.8589369707208576
3090 0.46042415398898995
3091 0.9440482591675486
3092 0.2007203454150243
3093 0.6096404157356909
3094 0.9043201211017585
3095 0.32879591075458536
3096 0.8386188073374627
3097 0.5142817526059462
3098 0.9492249198615097
3099 0.1831484912265967
3100 0.5684994612744682
3101 0.9321697304594091
3104 0.8074898428902837
3105 0.5907099867733728
3106 0.9187324535383833
3108 0.7722470945465585
3110 0.8423017434765465
3111 0.5047521623690828
3113 0.18079346129678728
3114 0.5628073054666345
3115 0.9350099210440792
3116 0.23091220065425108
3118 0.8338261769279157
3119 0.5265283176712292
3120 0.9473257437738306
3121 0.1896187800373191
3122 0.5839212935190159
3123 0.9232374226775617
3124 0.2693063193719689
3125 0.7477656177295096
3126 0.7167263549502352
3127 0.7715128108659417
3128 0.6698670154355664
3129 0.8403517488546495
3131 0.9496342572800749
3133 0.5651251649873384
3134 0.9338831089644134
3135 0.23463270147042486
3136 0.6824047481102383
3137 0.8235683298939939
3139 0.93966407248007
3140 0.21544291280691105
3142 0.8730488006351239
3143 0.42117145090984315
3144 0.9263870274236947
3145 0.2591375908101845
3147 0.749776054673774
3148 0.7129253055440947
3150 0.6569148422227362
3151 0.8564353827028123
3152 0.46722450823849904
3153 0.9459179151312087
3154 0.19439740926713736
3155 0.5951068148419774
3156 0.9156278363283326
3157 0.2935633063423094
3158 0.7880587877443871
3159 0.6346841122522897
3161 0.3981891916560415
3162 0.910611325356529
3163 0.3093136900580278
3164 0.8118271785627135
3165 0.5805024806965469
3166 0.9253735322864679
3167 0.26241796051450633
3168 0.7355081431528706
3169 0.7392364751330105
3171 0.7445677772420572
3172 0.7227090888725419
3173 0.7615225145875365
3174 0.6901027025824846
3175 0.8126716573891745
3177 0.9265843736894139
3178 0.2584979340712397
3180 0.7518162658156828
3181 0.7090365594284523
3182 0.7839541239247974
3183 0.6436062109231832
3184 0.8716335735002876
3185 0.4251762507801441
3186 0.9287253449001995
3187 0.2515393988327788
3189 0.7736648394804992
3190 0.6654087114020278
3191 0.8460318411308184
3192 0.49499546670974093
3194 0.18082545499393451
3195 0.56288491731665
3196 0.9349728512614967
3197 0.23103475092868686
3198 0.6750992402096246
3199 0.8334929730964462
3200 0.5273732602021134
3201 0.9471526775784481
3202 0.19020703515081278
3203 0.585307611933811
3204 0.9223459231153711
3205 0.27217090066573507
3206 0.7527568256868429
3208 0.7868068004998839
3209 0.6374190649106751
3211 0.4063488028743085
3212 0.9166719224523144
3213 0.29026113435159134
3214 0.7828365112987714
3215 0.6460133299300918
3216 0.8689844084343594
3217 0.4326319240629141
3218 0.9327538609092331
3219 0.2383515642989782
3220 0.6898523651617913
3221 0.8130331018814007
3222 0.5776390530807328
3224 0.2568438273998492
3225 0.7253252877604934
3226 0.7570683558434731
3227 0.6988802696109473
3228 0.7996972257660122
3229 0.6086899768989924
3230 0.9051086579024467
3231 0.3263705061114181
3232 0.8354406356375805
3233 0.5224224038596126
3234 0.9480894960595945
3235 0.18702005338002295
3236 0.577765501452274
3237 0.9270196017787302
3238 0.2570861868475917
3239 0.725772941643076
3240 0.7563009995229623
3242 0.7974260680585737
3244 0.9007507942658013
3245 0.33971544340225174
3246 0.8523736714818002
3247 0.4781646234564581
3248 0.9481882220585667
3249 0.18668380691032752
3250 0.5769652599616213
3251 0.9274901252843522
3252 0.2555583325806018
3254 0.7611256615383624
3255 0.69089087776738
3256 0.8115305565837568
3257 0.5812051067955358
3258 0.9249417763952372
3259 0.2638130493614288
3260 0.7380197525226019
3261 0.7347170701545015
3262 0.7406500085167299
3264 0.7490974852709185
3265 0.7142116827604773
3268 0.8511263750895175
3269 0.4814990211226827
3270 0.948699312366208
3271 0.18494192291195008
3272 0.5728059506340054
3274 0.2478462155866869
3275 0.7083901822229687
3276 0.7849794214216961
3277 0.6413895715913903
3278 0.8740341583717718
3279 0.4183741038102573
3280 0.9246814096706412
3281 0.26465366106459676
3282 0.7395259828488687
3283 0.7319837534530771
3285 0.7209778172648689
3286 0.764441456252046
3287 0.6842687216181296
3288 0.8209711452862369
3289 0.5585145907958372
3290 0.9369889621231837
3291 0.22435445853351027
3292 0.6612742347846536
3293 0.8511643605395727
3296 0.18499066188495952
3298 0.9297926942471779
3299 0.24805731189265698
3301 0.7843383743914337
3302 0.6427764176240601
3303 0.8725365993676719
3304 0.4226226320999687
3305 0.9272484231600802
3306 0.25634338264745526
3308 0.7586504493871867
3309 0.6957797911208641
3310 0.8043470388769491
3311 0.5980169437219647
3312 0.9134921792249396
3315 0.6115394833819277
3316 0.9027239858581921
3317 0.33369088661506446
3318 0.8448968594594433
3319 0.4979753940730496
3320 0.949984423689194
3323 0.9352868762978499
3324 0.2299962742268692
3325 0.6729723546607862
3326 0.8363061451877921
3327 0.5202130714939251
3328 0.9484474406149696
3331 0.9287051891754105
3332 0.25160507094148704
3334 0.7734617857794049
3335 0.6658308765296875
3336 0.845500457479703
3337 0.49639184874900044
3338 0.9499505287292896
3339 0.18066918244568422
3340 0.5625057500483507
3341 0.9351535186013937
3342 0.23043737794554062
3343 0.6738767726062738
3344 0.8351140982024994
3345 0.5232544565065173
3346 0.9479450749598286
3347 0.18751179731308742
3349 0.9263236490203378
3350 0.2593429558867385
3352 0.7491199711088505
3353 0.7141691119799568
3355 0.6611600382625004
3356 0.8513042798554717
3357 0.48102415122986786
3358 0.9486316852211216
3359 0.18517252185949448
3360 0.5733579042292202
3361 0.9295507479709668
3362 0.24884738868681516
3364 0.7819328822385871
3365 0.6479526296680432
3366 0.8668180736223812
3368 0.9357157009863097
3370 0.6700521980288561
3372 0.5104291231982766
3373 0.9495866868793976
3374 0.1819128817270646
3375 0.5655182237175145
3376 0.9336879769714264
3377 0.23527600679563992
3378 0.6837005882033641
3379 0.8217655567962046
3380 0.5565743205465881
3382 0.2215335771877723
3385 0.46213158198925547
3386 0.9445507350859812
3387 0.1990236469511523
3388 0.6057702926405785
3389 0.9074880517399602
3391 0.8255401850731463
3392 0.5472896340296582
3393 0.9415020239506956
3395 0.6288502812160334
3396 0.8869108991160867
3397 0.38113983335168933
3398 0.896314590980476
3399 0.3531520309087166
3401 0.43523339498392005
3402 0.9340600901238262
3403 0.23404898501444438
3404 0.6812262189869805
3405 0.8251968186963953
3407 0.9411941252524946
3408 0.2103214266022073
3409 0.6311280316340345
3412 0.9021090501548523
3413 0.33557158477753735
3414 0.8472605258162317
3415 0.4917584833973703
3416 0.9497418941355367
3417 0.18138246890564294
3418 0.5642349017414784
3419 0.934320734113398
3420 0.23318889969295634
3423 0.5422182926966967
3424 0.9432269398947489
3425 0.20348954305583913
3426 0.6159098859065067
3427 0.8989466137267342
3428 0.34519807770469324
3429 0.8589381864439756
3430 0.4604208375867773
3431 0.9440472616301373
3432 0.20072371186735027
3433 0.6096480727738642
3434 0.9043137405205139
3435 0.32881551705997997
3436 0.8386443166421202
3438 0.9492320293017442
3439 0.1831242186278599
3440 0.5684410088832235
3441 0.9322001475515767
3442 0.2401715233343024
3443 0.6934588183116155
3444 0.8077800053463987
3446 0.9191983957816992
3448 0.7698000547384893
3449 0.673390135759811
3450 0.8357562711205383
3452 0.9482242209826045
3453 0.18656118135324182
3454 0.5766732064682336
3455 0.9276606337575425
3457 0.7219129187744071
3458 0.7628676946278888
3459 0.6874221854598721
3460 0.8165171127102921
3463 0.24165500437735724
3464 0.6963798802995994
3465 0.8034527819313569
3466 0.6000823547248573
3467 0.9119373846363658
3468 0.3051688463280132
3469 0.8057551219236021
3471 0.9158834906087002
3472 0.29275550450866794
3473 0.7867889325364643
3474 0.6374580110634622
3476 0.40646573808306424
3477 0.9167550990210852
3478 0.2899977122717167
3479 0.7824163487657717
3481 0.8679798160547489
3482 0.4354452489099899
3483 0.9341641996244859
3484 0.23370550150483219
3485 0.6805315122705868
3486 0.8261518176937207
3487 0.5457749688973115
3489 0.20749022517178506
3490 0.6248645201937986
3491 0.8907536360677353
3492 0.36978406441940675
3493 0.8855664784593089
3494 0.3850862646162516
3495 0.8998203669965845
3498 0.46896780639365715
3499 0.9463406112479181
3500 0.1929642232531723
3501 0.5917703208303943
3502 0.9179971912158088
3503 0.28605772291563936
3504 0.7760690678886429
3506 0.852249685955548
3507 0.4784966032280278
3508 0.9482428949236151
3509 0.18649756717188828
3510 0.5765216535212502
3511 0.9277488588610201
3512 0.2547174722237614
3514 0.7637677083533448
3515 0.6856210649140944
3516 0.8190703169885988
3517 0.5631377047038213
3518 0.9348517949299856
3519 0.23143488249544503
3520 0.6759165551071052
3522 0.5301318652029481
3523 0.9465498686576871
3525 0.5901116238122038
3526 0.9191436019649258
3527 0.2824108355410977
3528 0.7700888309382916
3531 0.5196262916032249
3532 0.9485362729760396
3533 0.18549780493410203
3534 0.574135803335181
3535 0.92911475412262
3536 0.2502700056182768
3538 0.777577186162239
3539 0.6572134417445641
3540 0.8560789481923485
3541 0.4681895740860769
3542 0.9461547678520643
3543 0.19359450786690827
3544 0.5932395626845759
3545 0.9169642590114784
3546 0.28933506548663335
3548 0.6491851260359197
3550 0.4425613837225818
3552 0.22277906908944972
3553 0.657964510767334
3554 0.8551794106845398
3555 0.4706208276579753
3556 0.9467200840834908
3557 0.19167643261046768
3558 0.5887589956103316
3559 0.9200629946533314
3560 0.279478905986926
3561 0.7652076989620524
3562 0.6827265303627628
3563 0.823121857386028
3564 0.5532506080617327
3565 0.9392246164160117
3566 0.21691059806998794
3567 0.6454694839566507
3571 0.24123125731554404
3573 0.8046929063109071
3574 0.5972164848064886
3575 0.9140860293111052
3576 0.2984244892515777
3577 0.7955957911727483
3578 0.6179678873156366
3580 0.3507309406120932
3581 0.8653312420559082
3582 0.4428257175959722
3583 0.937578185440021
3584 0.22239626018267056
3586 0.8561458701024273
3587 0.468008452994143
3589 0.19374339751056652
3590 0.5935861950401907
3591 0.9167181715720175
3592 0.29011466883036335
3593 0.7826029614872855
3594 0.6465151514027402
3595 0.868426579555842
3596 0.4341950508117747
3597 0.9335448929168733
3598 0.2357475381376482
3599 0.684648418318808
3600 0.8204388541269774
3601 0.5598119749100009
3602 0.9364056050979886
3603 0.22629056178842186
3604 0.6653159450488286
3605 0.846148425587928
3606 0.4946888163593949
3607 0.9498928070476759
3608 0.1808665562336982
3609 0.5629846112654706
3610 0.9349251672262027
3611 0.23119237587038663
3612 0.6754213525972114
3613 0.8330639264012664
3614 0.528459999534653
3616 0.19099039157702935
3617 0.5871496352286729
3618 0.921138776102135
3619 0.276040098800144
3621 0.6943053003472714
3622 0.8065327109764352
3623 0.5929432489854616
3625 0.28867056317387935
3626 0.7802915026968679
3627 0.6514593593605404
3628 0.8628282373559598
3629 0.44975154667323564
3630 0.9404053531654184
3631 0.21296387463232375
3632 0.6369189983888643
3633 0.8787621139447226
3635 0.9155960301660315
3636 0.293663770898893
3637 0.7882163701292749
3639 0.881421493886451
3642 0.3117917872570711
3643 0.8153951408932273
3644 0.571998439383577
3647 0.7055988968135225
3648 0.7893705557904375
3651 0.3897153856339304
3652 0.9037817545696837
3653 0.3304491197711854
3654 0.8407594962518098
3655 0.5087552697140088
3656 0.9497087119584927
3657 0.18149588267680702
3659 0.934186400825429
3660 0.23363224348538753
3661 0.680383229499614
3662 0.8263551839581003
3664 0.9422121363498887
3665 0.20690402056649645
3666 0.6235600379916779
3667 0.8919850846436813
3668 0.36612123498416677
3669 0.8818906098557743
3670 0.3958063359951422
3672 0.3151215336423003
3674 0.5605982743637711
3675 0.936045826747706
3677 0.6677917471383663
3678 0.8430145324505672
3679 0.5028959160053312
3680 0.9499681319478622
3682 0.5623596419482402
3683 0.9352228452131317
3685 0.6734068259181398
3686 0.8357342763549845
3688 0.9482149884152223
3689 0.18659263180778
3690 0.5767481219387397
3693 0.7221771461694604
3694 0.7624217997359781
3696 0.8152463063230704
3697 0.5723551121287113
3698 0.9301060034455982
3699 0.24703353804020914
3701 0.7874406898492894
3702 0.6360358293120655
3703 0.8796781619448385
3704 0.40220907470031814
3705 0.9136603527303216
3706 0.2997634278002983
3707 0.7976401975841119
3708 0.6133591885719452
3710 0.33844153918249914
3712 0.48232775705111597
3713 0.9488132289507913
3714 0.1845534049713053
3715 0.5718750936022501
3716 0.9303690894947376
3717 0.24617329786838796
3718 0.7051736200829616
3719 0.7900343853637997
3720 0.6303442101652432
3721 0.8854394701303159
3722 0.3854583764895131
3723 0.9001448226376111
3724 0.34155965948199607
3725 0.8546073022868481
3726 0.4721639124264069
3727 0.9470555784686618
3728 0.1905369770881905
3730 0.9218402561904313
3731 0.27379303337732686
3732 0.7555555513552015
3733 0.7018271686518481
3735 0.6188339738814855
3736 0.8963382492758308
3737 0.3530807702116836
3739 0.4354558883188796
3740 0.9341694190597212
3742 0.6804966557883468
3743 0.8261996375470475
3744 0.5456564265638643
3745 0.9420788647109901
3746 0.20735185402819997
3747 0.6245568381052184
3750 0.8847062413665104
3751 0.3876042098438784
3752 0.9019953081496881
3754 0.8476943843386339
3755 0.4906127373776377
3758 0.5648698502587561
3759 0.934009229604145
3760 0.23421675674998282
3761 0.6815652169085082
3764 0.9407667897861685
3765 0.21175362068206321
3766 0.6342732942783804
3767 0.8814885932857995
3768 0.39697252213272294
3769 0.9096642874563693
3770 0.3122656520148878
3771 0.8160720954290982
3772 0.5703740358660243
3773 0.9311804812885245
3776 0.7979659841159814
3777 0.6126218347772199
3778 0.9018020248593678
3779 0.3365095047118656
3780 0.8484292602116739
3781 0.48866879238771355
3782 0.9495120941893795
3783 0.18216773327441782
3784 0.5661340708666979
3785 0.9333798817482747
3786 0.2362911367642355
3788 0.8189038699704897
3789 0.5635412225278109
3791 0.23207669555044003
3793 0.8306469495522273
3794 0.5345558600568661
3795 0.9454623916357751
3796 0.19594037902491437
3797 0.5986814381914516
3798 0.9129955002745734
3800 0.8008018914043283
3802 0.9071667481197571
3803 0.3200179090572127
3804 0.8269044983714765
3805 0.5439071059890745
3808 0.6200896732026073
3809 0.8951981874823456
3810 0.3565098919205415
3811 0.8717602377567121
3812 0.424818437367677
3813 0.9285213840326159
3815 0.7166687813993129
3816 0.7716076288343596
3818 0.8406042380553476
3820 0.9496813493369228
3821 0.1815893994223926
3822 0.564735819871268
3824 0.23399900760679435
3825 0.681125193774153
3826 0.8253359238850468
3827 0.5477948391934795
3828 0.9413194827165837
3830 0.6302018414181833
3831 0.8855804258669941
3832 0.38504539371526425
3833 0.8997846662769012
3834 0.3426544383174935
3835 0.8559210220315029
3836 0.46861685908899164
3838 0.19324655278587935
3839 0.592428825964564
3840 0.9175362660970869
3841 0.2875211726760699
3842 0.7784404421683804
3843 0.6553894966272918
3844 0.858245596484084
3845 0.46230835187909874
3847 0.19885215492406846
3848 0.6053779065432664
3851 0.8241949879229712
3852 0.5506109172613733
3853 0.9402664332050572
3854 0.21342877761300824
3855 0.6379323510985762
3856 0.8777037327775927
3857 0.40789158293431677
3859 0.28680799650365535
3861 0.6578256219755522
3862 0.8553460775825145
3863 0.4701708275575421
3864 0.946618837791313
3865 0.19202013217376018
3866 0.589563923852181
3867 0.9195175534679627
3868 0.2812190848625692
3869 0.7681126624521875
3870 0.6768392808846377
3871 0.8311659011975759
3872 0.53325075435919
3873 0.9457986718712701
3874 0.1948014677996843
3875 0.5960446525825368
3877 0.295713368931827
3878 0.7914144949939015
3879 0.6272948500083075
3881 0.3766792266488337
3882 0.892209550068267
3883 0.3654523415739408
3885 0.3977848094274789
3886 0.910297808301648
3887 0.3102916923108837
3888 0.8132408803761799
3890 0.9273851162955582
3891 0.25589945700232236
3892 0.7235767146513079
3893 0.7600511201297651
3894 0.6930189766931671
3896 0.5885190148719103
3897 0.9202246592232047
3898 0.2789626959668175
3899 0.7643415388578213
3900 0.68446949317026
3901 0.8206898231401281
3902 0.5592005418705428
3903 0.9366821242004896
3904 0.22537314513424314
3905 0.6634043442288615
3906 0.8485362770911158
3908 0.949487380655163
3909 0.1822521596006902
3910 0.566337977701984
3911 0.933277236314762
3912 0.23662917866747915
3913 0.6864160797884068
3915 0.5658583978354463
3916 0.9335181514512827
3917 0.23583564697659834
3920 0.560416671194377
3921 0.9361293381988041
3922 0.22720656137663808
3923 0.6672182114073598
3926 0.9499962718592089
3927 0.1805127501886893
3928 0.5621260093904196
3929 0.9353333640374416
3931 0.6726566668541618
3932 0.8367207664850816
3933 0.5191526765872566
3934 0.948606064922267
3935 0.18525987435684343
3936 0.5735668825784941
3937 0.9294340723931918
3939 0.71103138195324
3940 0.7807698721574418
3941 0.6504394597770364
3942 0.8639982819795751
3943 0.44651995272048745
3944 0.9391315612633281
3946 0.6461373564769625
3947 0.8688467175593156
3948 0.43301797599373
3949 0.9329509521480891
3950 0.23770319752943964
3952 0.8148893706066527
3954 0.929633235554388
3956 0.709790659480854
3957 0.7827539409394357
3958 0.6461907937562288
3959 0.8687873569195103
3960 0.4331843644300226
3961 0.9330355492048439
3962 0.23742480987446507
3964 0.8156839066928941
3966 0.9306787536743623
3967 0.2451600823072924
3968 0.7032151421314212
3969 0.7930737028323238
3970 0.6236096578909728
3971 0.8919384794090913
3972 0.36626006776225933
3973 0.8820317959951691
3975 0.9084207984835757
3977 0.8215307656370373
3978 0.5571482736456702
3979 0.9375894843134144
3980 0.22235868422961627
3982 0.8562405411600384
3983 0.4677521719692112
3984 0.9460482948317273
3985 0.19395549097529236
3986 0.5940796822841374
3988 0.2912287515850015
3989 0.7843753501739232
3990 0.6426965088111424
3991 0.872623284217824
3992 0.42237717462314656
3993 0.9271038485259551
3994 0.2568127497824085
3995 0.7252678530601049
3996 0.7571666986352258
3999 0.6080283855040332
4001 0.3246919099702498
4002 0.8332148795664597
4004 0.9470042195939962
4005 0.19071146512761733
4006 0.5864942883466806
4008 0.2746553335433786
4009 0.7570351689383055
4011 0.79959921427238
4012 0.6089131810680155
4013 0.9049240921606535
4014 0.3269386224339082
4015 0.8361890864607211
4016 0.520512212949882
4017 0.9484011466556149
4018 0.18595836437613292
4019 0.575235834159808
4022 0.7168589959616759
4023 0.7712942683078766
4024 0.6703177959365165
4025 0.839769023871843
4026 0.5113166395852647
4027 0.9495133479402894
4029 0.5661237246553927
4030 0.9333850815432515
4034 0.5634237850934456
4035 0.9347142092407975
4036 0.23188951387976284
4037 0.6768437154830064
4038 0.8311599411178289
4039 0.5332657549155773
4040 0.9457948802896077
4042 0.5960744485727367
4044 0.29578196613341534
4045 0.7915209796459325
4046 0.6270589700198481
4050 0.36733675420906226
4051 0.8831217602216104
4052 0.39222732400984056
4053 0.9058631911776963
4054 0.32404526617881557
4055 0.8323517402544812
4056 0.5302608188493078
4057 0.9465202748017636
4059 0.5903464819187604
4061 0.28292376605407893
4062 0.7709360528922518
4063 0.6710558899240344
4064 0.8388115535847271
4066 0.9492778397472301
4067 0.18296780630583637
4068 0.568064235013572
4070 0.2395294119156022
4071 0.6921892764232783
4072 0.8096404717060075
4073 0.5856665574703884
4074 0.9221127155384561
4075 0.2729192504468517
4076 0.7540504660930453
4077 0.7047417705760445
4078 0.7907070680492682
4079 0.628859722227553
4080 0.8869016535522639
4083 0.35307806695239874
4084 0.8679729932403134
4085 0.4354643297339042
4086 0.9341735596005618
4087 0.23367461654635413
4088 0.6804690024874203
4090 0.545562385230504
4092 0.20724232830192296
4093 0.6243131935152996
4094 0.8912756736885051
4095 0.3682327192825045
4096 0.8840220581828034
4097 0.38960282355036535
4098 0.9036873610414032
4099 0.3307387552346255
4101 0.5077890110489184
4102 0.9497694589661433
4103 0.18128824836895044
4104 0.5640067136146191
4108 0.8285975471690802
4109 0.5396898775789637
4111 0.20083625546374873
4112 0.6099040050291846
4113 0.9041002167784709
4114 0.32947145623845286
4115 0.8394960598977512
4116 0.5120212161928295
4119 0.566639155426565
4120 0.9331250472633297
4121 0.23713023504592604
4122 0.6874180493573616
4123 0.8165230041453099
4125 0.9317557444829645
4126 0.24163051300265206
4127 0.6963317911171636
4128 0.8035245456275605
4129 0.5999168307660152
4130 0.9120631823327667
4131 0.30477494831001356
4132 0.8051712809320402
4133 0.5961078593183318
4135 0.2958589063578423
4136 0.7916403727690184
4137 0.6267943932903622
4138 0.88890809095449
4140 0.8908640523120172
4141 0.3694561119188691
4143 0.38603810697537894
4144 0.9006482103653304
4146 0.8527538551366555
4147 0.4771459272076644
4148 0.9480152271558501
4149 0.1872729536986698
4150 0.5783668191442536
4151 0.926662838297405
4152 0.2582435251808091
4153 0.7279044661553921
4154 0.7526263063644177
4155 0.7074838074641511
4156 0.7864117846326806
4157 0.6382795005693873
4158 0.8773393629446671
4162 0.7735198766565646
4163 0.6657101328803551
4164 0.8456525770709452
4165 0.4959923246640143
4166 0.9499389664459249
4167 0.18070872059957685
4168 0.5626016998155954
4169 0.9351079032847526
4170 0.2305882274967563
4171 0.6741857279793098
4172 0.834705462239608
4173 0.5242945634784874
4177 0.9254044977137253
4178 0.26231785063474555
4181 0.7319219046800917
4182 0.7456064744923222
4183 0.7207743468123187
4184 0.7647830136004573
4185 0.6835818316929081
4186 0.8219313020746517
4187 0.5561688996291735
4188 0.9380112079149017
4191 0.8597506269643482
4193 0.9433611386928553
4197 0.3424836815805926
4198 0.8557167158400641
4199 0.4691693486734444
4200 0.9463879895673653
4202 0.5913951760321634
4204 0.2852279700240871
4205 0.7747173055320971
4206 0.6632155277565008
4207 0.8487706276968342
4208 0.48776438717263376
4209 0.9494311011592073
4210 0.18244440418112515
4211 0.5668020855436536
4214 0.6879610371239352
4215 0.8157484643885197
4216 0.5711510474979086
4218 0.24488558685125006
4219 0.702683217574322
4220 0.7938941505921362
4222 0.8936449079644636
4223 0.3611660084478661
4224 0.8767554666008677
4225 0.4106102098681774
4226 0.9196359685967171
4227 0.28084148466760106
4229 0.6781182249017509
4231 0.537581254676899
4232 0.9446330673282581
4233 0.19874545466540572
4234 0.6051336558779381
4235 0.9079982747266093
4236 0.3174421497164189
4237 0.8233559989393828
4238 0.5526754122096726
4239 0.939456143604456
4240 0.2161375318235392
4241 0.6438039768109175
4242 0.8714175817627874
4243 0.42578612383843595
4244 0.9290707422232889
4245 0.25041353303823266
4246 0.7132850629362619
4247 0.7771360313274442
4249 0.8549645793818752
4250 0.471200560060144
4253 0.5877384965609815
4256 0.7615244742533895
4259 0.5784850793160112
4260 0.9265923508340859
4261 0.2584720715974232
4262 0.728324187245927
4264 0.7088788684584582
4265 0.7842045495837537
4266 0.6430655411844035
4267 0.8722225535173321
4268 0.4235114084815399
4269 0.9277680823965841
4272 0.7639636902649529
4273 0.6852280468424904
4274 0.8196241685190814
4275 0.5617934854142463
4277 0.22932432101853015
4278 0.671591771870097
4280 0.5155804148197698
4281 0.9490775525613667
4282 0.18365153678487303
4283 0.5697098693214243
4284 0.9315340296529218
4285 0.2423578487557427
4286 0.6977579832284786
4287 0.8013887642637381
4288 0.6048262885471922
4289 0.9082435070717989
4290 0.31668150794812866
4291 0.8222984557929464
4292 0.5552700804952323
4294 0.21968789565188654
4295 0.6514154717925429
4300 0.6373077983381956
4301 0.8783569603589662
4302 0.4060148400821101
4303 0.9164338009177928
4304 0.2910149799220084
4305 0.7840359932554055
4306 0.6434295072345779
4307 0.8718263105268954
4308 0.42463174023983563
4309 0.9284145765987527
4310 0.2525516121193035
4311 0.7173233222739286
4312 0.7705281796641242
4314 0.8377178635696342
4315 0.5165972495786554
4316 0.9489532189644104
4317 0.18407582728967772
4318 0.5707292849697341
4319 0.9309899993411465
4320 0.24414095777809058
4321 0.7012373719504912
4322 0.7961133764957466
4323 0.6168040993890951
4324 0.898155848990429
4325 0.34759329567590064
4327 0.45276339742617555
4328 0.9415210728336737
4329 0.20922474052644682
4332 0.38073328567148873
4333 0.8959467132424689
4334 0.3542595610354472
4335 0.869286952911594
4337 0.9323165565239493
4339 0.6927030942220209
4340 0.8088889664135839
4341 0.5874329044262018
4342 0.9209508514496749
4343 0.2766414465224161
4344 0.760421635035925
4345 0.6922861736198188
4346 0.8094989042516657
4347 0.5859996274146694
4348 0.9218954435212445
4349 0.273616091996847
4350 0.7552512395494357
4352 0.794302641064049
4353 0.6208666307583569
4354 0.8944867787626675
4355 0.35864468924952614
4356 0.8740709692660205
4357 0.4182694578190439
4358 0.9246164502042664
4360 0.7399007949783621
4361 0.7313009125612494
4363 0.7187294170458413
4364 0.7681982800513885
4365 0.6766647937944126
4366 0.8314002924075952
4368 0.9459464799341137
4369 0.19430060073061775
4370 0.5948819336880875
4371 0.9157901909065156
4372 0.2930503651545086
4374 0.636445658976744
4375 0.8792538121563278
4376 0.4034328746665927
4377 0.9145642031583996
4378 0.2969187815466365
4379 0.7932804711036894
4380 0.6231489480229524
4381 0.8923704790831926
4382 0.3649725471472986
4383 0.8807168305092237
4384 0.399207840874642
4385 0.9113955745036243
4386 0.306863988859565
4387 0.8082542285628947
4388 0.5889214561777596
4389 0.9199533035986617
4390 0.2798290466269671
4391 0.7657940549050772
4392 0.6815433774330437
4393 0.824759608018773
4395 0.9407946310008166
4396 0.2116603544672449
4398 0.8816969678463225
4400 0.9091897211359542
4401 0.31374233404338414
4402 0.8181707111150961
4403 0.5653161146363535
4404 0.9337884596414807
4408 0.5542985630440416
4409 0.9387963309951385
4410 0.2183395636397785
4411 0.6485361146396045
4412 0.8661606860615271
4414 0.9365561546524479
4415 0.22579115057325835
4416 0.6642761262050375
4417 0.847450746564453
4418 0.49125631910485623
4419 0.9497094825687348
4420 0.18149324889349117
4422 0.9341895263734599
4423 0.23362192971284426
4424 0.6803623499463463
4425 0.8263838063429606
4426 0.545199721636907
4429 0.6233772870098879
4430 0.892156571190303
4431 0.3656102499546063
4432 0.881369701314399
4433 0.39731717349359125
4434 0.9099337011344881
4435 0.3114265705618846
4436 0.8148722344978029
4437 0.5732508085809704
4438 0.9296104123604891
4439 0.24865259564751183
4441 0.7825268625522379
4442 0.6466785733582776
4443 0.8682445052468053
4444 0.4347047405510352
4445 0.9337988105552711
4446 0.2349106494511615
4447 0.682965017657261
4448 0.8227904487919769
4449 0.5540640394409616
4452 0.6478462535777736
4453 0.8669376441514632
4454 0.4383557081573817
4455 0.935559928876244
4456 0.229092683757821
4457 0.671115058824548
4458 0.8387346192451914
4460 0.9492569376300393
4461 0.18303917516686022
4463 0.9323065328114907
4464 0.23982203441632863
4465 0.6927682196540192
4466 0.8087935712673952
4467 0.5876568153069269
4469 0.27711797358564216
4470 0.7612296887454321
4471 0.6906843889282658
4472 0.8118299625124047
4473 0.5804958830221467
4474 0.9253775687026424
4475 0.2624049113695891
4476 0.7354845806630873
4479 0.7447032595829056
4480 0.7224571960481042
4481 0.7619486245203781
4482 0.6892550888251514
4483 0.8138935431443793
4484 0.5755892055746171
4485 0.9282878336022733
4486 0.25296422003543156
4487 0.7180986289857297
4488 0.769245354531271
4491 0.5254420042825754
4492 0.9475402767887245
4493 0.1888892624771129
4494 0.5821984141922679
4495 0.9243249986762502
4496 0.26580352289392106
4498 0.7282329295345645
4499 0.7520569735290679
4500 0.7085756719623937
4502 0.6420257912253546
4503 0.8733489635818854
4505 0.925874228585062
4506 0.2607983374228979
4507 0.7325737455573306
4508 0.7444559209342493
4509 0.7229169503367145
4511 0.6908018334115928
4512 0.8116597093937441
4513 0.5808992570543066
4514 0.9251301787906325
4515 0.2632044581094903
4516 0.7369259110949633
4517 0.7366912280769219
4518 0.7371135976954665
4519 0.7363531387940674
4520 0.7377213363723307
4522 0.7396865485761603
4524 0.7460126284725271
4525 0.7200155892017456
4526 0.7660539339311931
4527 0.6810181561109979
4528 0.8254832232010626
4529 0.5474305513756597
4530 0.9414513026255634
4531 0.20945884015873423
4532 0.6292261708647497
4533 0.8865422677018111
4534 0.3822232860637773
4535 0.8972888534866637
4537 0.864743733839911
4538 0.4444556327731766
4539 0.9382763284236127
4541 0.6522346169809534
4542 0.8619335612921172
4543 0.45221556939953994
4544 0.9413232631303212
4545 0.20988835419601998
4546 0.630173885281843
4547 0.8856080864443923
4548 0.3849643339410376
4550 0.34286966677736797
4551 0.8561782218491095
4553 0.94608953478044
4554 0.19381568244560832
4555 0.5937544219982555
4556 0.9165984117519375
4557 0.29049390063790004
4558 0.7832073384542959
4560 0.8698671294217235
4561 0.4301535649786693
4562 0.9314616069562819
4563 0.2425953505462711
4565 0.8006893171159228
4566 0.6064265513749679
4567 0.906958878817239
4568 0.3206609896168999
4570 0.5417226210166544
4573 0.6147084181283711
4574 0.8999995194798498
4575 0.3420014607803792
4576 0.8551385540969706
4578 0.946744661473699
4579 0.19159298829005045
4580 0.5885634374869283
4581 0.920194766653896
4587 0.9371727887459113
4588 0.22374382056446682
4589 0.6599935886299934
4590 0.8527277960697265
4592 0.9480273426490875
4594 0.5782687661144124
4596 0.25805426329577213
4597 0.7275565898644641
4598 0.753228393955173
4599 0.7063264458805579
4600 0.7882317113751294
4601 0.6343054261195037
4602 0.8814557995564625
4603 0.3970675973420117
4604 0.9097386978356042
4605 0.31203395808473694
4606 0.8157413149294963
4608 0.9307533297303623
4609 0.24491596191958198
4610 0.7027421073630338
4611 0.7938034240275851
4612 0.6219822825127347
4613 0.8934572264613369
4615 0.8773465743775797
4616 0.40891633866092175
4617 0.9184743132208587
4618 0.2845411468624564
4619 0.7735944338976868
4620 0.6655551258127762
4621 0.84584770120504
4622 0.4954795967705195
4624 0.1807655379416452
4625 0.5627395612903887
4626 0.9350422403065404
4629 0.8341164378401386
4630 0.5257915826670639
4631 0.9474722182014064
4632 0.18912073296406928
4633 0.5827455090433694
4634 0.9239820867859839
4635 0.2669089223214891
4636 0.7435404881253475
4637 0.7246145164459366
4638 0.7582836122066808
4639 0.6965003875287819
4640 0.8032728712639465
4641 0.6004971491102225
4642 0.9116212274787272
4643 0.30615826733784246
4644 0.807216454178424
4645 0.5913485910717379
4646 0.9182906526549919
4647 0.28512513362555153
4648 0.774549408842139
4649 0.6635659639968416
4653 0.18209547082915956
4654 0.5659594992641318
4655 0.9334675089359349
4656 0.23600249104812576
4657 0.6851601980153792
4660 0.9355987006577925
4661 0.22896433354392295
4662 0.6708507365330985
4663 0.8390780981391714
4665 0.9493479850627468
4667 0.5674868810447856
4668 0.9326929793700185
4669 0.23855178529480764
4670 0.690250357904377
4672 0.5790054114865384
4674 0.25948129363885536
4675 0.7301728571833737
4677 0.7150056651170668
4678 0.7743357430767573
4679 0.6640116202679889
4680 0.8477807159848622
4681 0.49038457963841525
4683 0.18170109313312377
4684 0.5650060623719363
4685 0.9339420050486044
4686 0.2344384777667087
4688 0.8241109615451385
4690 0.9401866476452947
4691 0.21369571789222924
4693 0.8770932807074383
4694 0.4096424990521443
4695 0.9189749836853413
4697 0.770975799679162
4698 0.670974040755307
4699 0.8389179340736499
4700 0.5135116090603465
4701 0.9493062583982813
4702 0.18287076742372008
4703 0.5678303894132031
4704 0.9325163454338021
4705 0.23913252154383421
4706 0.6914030029989031
4707 0.8107865836834072
4710 0.26735310851114763
4712 0.7231571276688783
4713 0.7607634062081886
4714 0.6916092947342722
4715 0.8104863370514522
4717 0.9233953653441149
4718 0.2687981854994691
4720 0.7184027552712563
4721 0.7687408986617101
4722 0.6755576516686864
4723 0.8328821415741894
4724 0.5289200233197291
4725 0.946821802554508
4726 0.19133105169537307
4727 0.5879492253395591
4728 0.9206067482962516
4729 0.277741860493084
4730 0.7622850138071121
4731 0.6885849718223713
4732 0.8148556919304705
4733 0.5732903943841418
4734 0.9295883687458644
4735 0.24872456706541557
4736 0.7100704958534412
4737 0.7823074697331796
4738 0.6471494716248296
4739 0.8677187254020271
4740 0.4361751681570926
4742 0.23253006267250126
4744 0.8294013634880159
4745 0.537680018582497
4747 0.19884090005812735
4748 0.6053521467843643
4749 0.9078235156381177
4750 0.3179839243517507
4751 0.8241065631813209
4752 0.5508287556706112
4753 0.9401824628685137
4754 0.21370971765543628
4755 0.6385439220932659
4756 0.8770612102738572
4757 0.4097344060858934
4758 0.9190380657102676
4760 0.7706442729170984
4761 0.6716563746412657
4762 0.8380295383710661
4763 0.515796918516847
4764 0.9490517379884139
4766 0.5699216597083994
4767 0.9314216537137667
4769 0.6984790329865114
4771 0.6073086304449713
4772 0.9062424597616934
4773 0.32287484276972195
4774 0.8307813789693672
4775 0.5342179814430708
4776 0.9455506930346543
4778 0.597990210595883
4779 0.913512090784023
4780 0.3002294529466186
4781 0.7983485684139724
4782 0.6117549005562662
4783 0.9025412003663043
4784 0.3342502116290886
4785 0.8456026290889925
4787 0.9499428972225794
4789 0.5625690818211482
4790 0.935123418000222
4791 0.2305369222096554
4792 0.6740806688894679
4794 0.523940814341415
4795 0.9478219821529456
4796 0.18793079474230628
4797 0.5799286822933594
4798 0.9257233418380194
4799 0.2612866176142217
4800 0.7334605000657765
4801 0.7428855406543429
4802 0.7258251337359807
4805 0.797160314341556
4806 0.614443840805625
4807 0.9002299077462957
4808 0.34130087959248806
4809 0.8542954388911516
4811 0.9472306247456521
4812 0.18994211950053205
4813 0.584683620812675
4815 0.2708764734973511
4816 0.7505091564913619
4817 0.7115316175531482
4818 0.7799666241463248
4820 0.8620302555107267
4822 0.9412263889291572
4825 0.8848978606105481
4826 0.3870438202102077
4827 0.9015154254997252
4829 0.8495134081629588
4830 0.48579343455438917
4831 0.9492330592933104
4832 0.18312070206429776
4833 0.5684325400511505
4834 0.9322045523561611
4835 0.2401570547059196
4836 0.6934302463674106
4838 0.589933315792153
4840 0.2820221709074409
4841 0.7694455308915614
4842 0.6741166023537456
4843 0.834796953382193
4844 0.5240618000228066
4845 0.9477999131627173
4846 0.18800590353155888
4847 0.580106798321596
4848 0.92561502327812
4849 0.26163703744786854
4851 0.7417568429452537
4852 0.727903789778747
4853 0.7526274778970418
4854 0.7074815581632427
4855 0.7864153314841812
4859 0.9184725223494709
4861 0.7736037603841016
4862 0.6655357327539806
4863 0.8458721004900903
4864 0.4954154623897769
4865 0.9499201316566217
4866 0.18077312549433514
4867 0.5627579698547092
4868 0.9350334614349185
4869 0.23083437224142245
4870 0.6746894863666573
4871 0.8340376167412231
4872 0.5259917082870061
4873 0.947432838181228
4874 0.18925465020494583
4875 0.5830618448068479
4876 0.9237827737616757
4877 0.26755101051886937
4878 0.7446763756989646
4880 0.7618640907283767
4881 0.6894233523506019
4882 0.813651415620187
4884 0.927954866356183
4887 0.7658656040219575
4888 0.6813988262725509
4889 0.8249589701423753
4890 0.548726337351226
4891 0.9409778273836711
4892 0.2110465118727133
4894 0.8830621552193665
4895 0.3924008639070371
4898 0.8317650674011395
4899 0.5317413721988059
4900 0.9461714441055601
4901 0.19353796136608445
4902 0.5931078717301088
4903 0.9170575120431804
4904 0.28903952026373914
4905 0.7808835687598973
4906 0.6501967990426754
4907 0.86427550191787
4908 0.4457527630694389
4909 0.9388175016845184
4910 0.21826896081835928
4911 0.6483849619342047
4912 0.8663312316727815
4914 0.9363407078108313
4915 0.22650578948714228
4916 0.6657634839006049
4919 0.949944224457194
4920 0.1806907405349342
4921 0.5625580679155109
4922 0.9351286549269776
4923 0.23051960391346912
4926 0.5238214047923664
4927 0.9478436545601292
4928 0.18785703206686513
4929 0.579753716765597
4930 0.9258295097158772
4931 0.26094306888951546
4932 0.7328367780145407
4933 0.7439907322544684
4934 0.7237803857809275
4935 0.7597048879710091
4936 0.6937028104230694
4937 0.8074210406899769
4938 0.590870754216148
4939 0.918621522907116
4941 0.7728268165455915
4942 0.667149007059673
4943 0.8438325958680685
4944 0.500760754870777
4945 0.949997800757701
4946 0.18050752139028317
4947 0.5621133132249145
4948 0.9353393580168499
4949 0.22982264477361264
4950 0.672615947546923
4951 0.836774191679416
4954 0.18519225944620035
4955 0.5734051286521639
4956 0.9295244109327252
4957 0.24893336556900258
4958 0.7104690712868692
4959 0.7816705261202425
4960 0.648514515917554
4961 0.8661850665347434
4962 0.44045228877839315
4963 0.9365254663354188
4964 0.22589296551445162
4965 0.6644882678530458
4966 0.8471857170070776
4967 0.4919558960438695
4968 0.9497541110878633
4969 0.18134071032635035
4970 0.5641337769978032
4971 0.9343700628623849
4973 0.6791546870106696
4975 0.5410968559759107
4976 0.9435819840298019
4978 0.6132082617416682
4979 0.9012987799990337
4981 0.8503285641476708
4982 0.48362560914047903
4983 0.9489811414311227
4984 0.18398055162898364
4985 0.5705004913548584
4986 0.9311127867311494
4988 0.700454569763054
4989 0.7973082687522139
4990 0.614109614659933
4992 0.34041761178326135
4993 0.85322715320996
4994 0.4758761972937122
4995 0.9477885601433547
4996 0.18804454053801672
4997 0.5801984069850791
4998 0.9255592189648113
4999 0.26181753438542715
