1 0.5307452486912465
2 0.5792191949786509
5 0.6313078253099005
6 0.6868404256765174
7 0.6868404115824182
11 0.8077791912092855
17 0.9236088866142401
19 0.9378662256005397
28 0.9421128389822121
29 0.9421129716388935
32 0.9417168971525486
33 0.9417608921632179
35 0.9418048898271366
37 0.9418488888177767
38 0.9418488901444594
43 0.9420689023460749
45 0.9421569162495523
47 0.942269285423809
50 0.942269892154549
51 0.9423329599800955
52 0.9423329599810233
53 0.942370662998303
55 0.942337020137139
56 0.9423370314119773
57 0.9422845865329438
58 0.942284586503759
62 0.9421797257098465
63 0.9416559854367313
64 0.9416559839980405
66 0.9411331267227275
68 0.9406110839507815
70 0.9400897859960118
71 0.9355568735429196
75 0.9264712239840904
76 0.9264711363734538
77 0.9272505233993599
78 0.9272504720977354
81 0.9195286580741359
85 0.9114580406287184
91 0.8860773464222971
95 0.8658626378021755
96 0.8658626449778166
101 0.8164497070417405
102 0.8164497102731776
104 0.7944974623088406
107 0.7448554930280467
109 0.7173079705030703
110 0.7173079566519966
113 0.6491538516082708
114 0.6491538391304605
116 0.608220718674803
117 0.5657628819130256
121 0.4783909709707938
126 0.39166184586939895
127 0.3416777964561465
130 0.29485422325255056
131 0.2522657916390815
133 0.21492520134062906
138 0.15956365865047303
142 0.1346308870487544
143 0.13525853939296417
144 0.13525851760673552
145 0.14647974456276983
146 0.14647969565218255
148 0.16818638860006613
153 0.16686499317451112
155 0.16691856955583953
158 0.16954093561199146
160 0.1709206727863408
161 0.17204896384283438
163 0.17204896384247106
164 0.17204853913243578
168 0.1714796039806954
171 0.17204254889113402
174 0.17152758822403438
176 0.17152751442964662
177 0.17215561910604033
178 0.1721556190963951
180 0.1721532910239145
187 0.17131942762835894
188 0.17131942763386462
191 0.17048822226098265
196 0.1696596755578818
197 0.16555684527384246
199 0.16152057320733748
201 0.15755092329141562
206 0.14981168165879377
207 0.1258823821980381
208 0.12588239638017934
213 0.08983667432793135
215 0.0767283024422474
220 0.05629433421205604
227 0.03690151306781807
233 0.03731430833575277
235 0.04104148088656571
236 0.04104148014421359
239 0.05479334984681286
240 0.054793336180278866
243 0.07479167989416059
246 0.08628445419571014
250 0.1172618828938996
252 0.15820552941021446
256 0.12484363157444749
260 0.13786409082883933
263 0.12558944694254087
265 0.12633263796805655
274 0.12662915904910257
278 0.12698589934887455
279 0.12666528462595195
281 0.12674545944828317
282 0.12674545683144722
283 0.12682561910269338
284 0.12682561910347026
285 0.12698590983888958
286 0.12698590984355196
287 0.1271461555155279
288 0.1271461555217426
289 0.12730635614425528
290 0.12730635615046773
293 0.1305009276318934
294 0.1305009273560628
295 0.13209148838601212
296 0.13209148836743495
298 0.13367758272319558
304 0.17924267597622473
305 0.19359463099443816
307 0.20754669471420883
308 0.2075467000856412
309 0.24314875312408435
310 0.24314886735752392
314 0.3066438620259219
315 0.33486375206635544
317 0.36092461821147986
318 0.36092457405262046
319 0.38495464019618514
321 0.4202780835220116
322 0.42027789198163096
325 0.47720838813318955
327 0.4728214182561127
331 0.5086722972445359
332 0.5086723756007938
334 0.5229228916588391
336 0.5349131259847955
339 0.5526127081666224
341 0.5606709213325648
344 0.5649981457871949
351 0.5511350578109907
353 0.5413994018063185
354 0.5413994593943294
355 0.5270511027251201
356 0.5270512017513722
357 0.5105015430750444
358 0.5105016280021847
359 0.49234922460756275
360 0.49234909238142854
361 0.4732012178517215
364 0.45366757182226264
365 0.4343520211146444
366 0.43435200048207384
367 0.415841895538482
368 0.41584190780542485
371 0.3889068642980942
373 0.37997385788010596
376 0.3720090874503792
379 0.3593762968564084
385 0.34984908864670927
386 0.3498490920788401
388 0.34941468232255024
389 0.35040759622886036
391 0.3528408533562144
393 0.35671308319990064
394 0.35671308524972567
395 0.3620084273814172
396 0.3620084289981566
397 0.36839414152846545
398 0.36839414254650704
402 0.38483887753101687
405 0.40578446003339447
408 0.4177547803026166
411 0.45258245977578027
413 0.47605977166306507
414 0.47605974824672814
415 0.5005325886564135
416 0.5005325829593645
420 0.5503081886316527
421 0.5744911245631641
423 0.5974548853762526
424 0.5974548788246843
426 0.6186547452554964
436 0.6787146516237788
437 0.682594601785418
440 0.683379605801896
446 0.6701857489018799
447 0.6609323475191644
448 0.6609323437757602
452 0.6356208239155507
453 0.6198351361838806
454 0.6198351371346574
455 0.6030982039546332
457 0.5848632103794071
465 0.5012158523637545
468 0.4788327566387643
472 0.4124919495337485
475 0.3927784452733713
476 0.39277838531366704
479 0.3461830327986104
483 0.30908259822270745
485 0.29506826943207065
487 0.2845060120387676
490 0.27764743713386997
491 0.2746817621501685
495 0.28232375935895443
497 0.2946789337805625
500 0.31259937454245923
502 0.3357398637648013
507 0.4309574601132772
511 0.49655143684090025
512 0.49655142774015343
514 0.5247107350995309
515 0.5529720014880933
517 0.5809753625541637
518 0.5809753479067538
524 0.6598366875402406
526 0.6849593980482899
529 0.7278034719756051
530 0.7278034403519743
533 0.7584535468349155
534 0.7584535161055143
540 0.7769248904283462
542 0.7744063084015566
544 0.7670956652325749
545 0.7550366775655186
547 0.7383558985507108
551 0.7209620874535949
552 0.7215690224494217
558 0.7145295451425379
559 0.714568158321791
560 0.7120114230185218
562 0.7113437168950423
566 0.711350470090423
568 0.7113572211415979
572 0.7113707200276201
574 0.7113774678624616
575 0.7113774667903502
583 0.7115525481137454
585 0.7116867328524306
587 0.7118204886960733
588 0.7119538156236306
589 0.7119538156237859
591 0.7132634901985505
592 0.714530252950319
595 0.7157540890719064
596 0.716934987502436
597 0.7169349874927452
603 0.7307038540404394
608 0.727791662351728
609 0.7277916363737352
611 0.7211821360208025
617 0.6983089325167376
623 0.6430616757915392
624 0.6195472700373973
625 0.6195472743441641
626 0.5936961621976226
627 0.5936961662344259
628 0.5642091356803609
631 0.5324370983501628
637 0.42476435774309707
638 0.38515692462559825
640 0.34386000051895266
649 0.02893858017021722
650 0.026938494275737284
652 0.02281126117125098
654 0.006952410219893022
655 0.006137568547872693
657 0.0058657480723264535
658 0.006137568547971084
664 0.0007333534663663535
668 0.0016318745974196953
670 0.0007434494971292427
675 0.0005657070991321739
680 0.00021016488758721438
681 5.062562695874875e-05
682 5.057193739631157e-05
683 0.0001878493391033607
685 0.0003249242268758877
686 0.00032500559746783395
687 0.00046213988652259646
689 0.001830803277458787
690 0.0018308030774548331
693 0.004554103634889865
694 0.004554102835847058
695 0.00590911775948307
698 0.013484437284052265
700 0.020958911933336967
701 0.02836290089531823
702 0.02836297912050834
706 0.04307275501164449
712 0.08239163202655761
716 0.11020777913808935
717 0.12483909376185488
719 0.14811293936465733
720 0.1481129052575093
724 0.1990158738120388
729 0.28668691354641834
730 0.2866869354444623
733 0.3604740132100799
734 0.36047403480936674
735 0.4037182057222446
736 0.40371824675134366
738 0.44798494530774474
739 0.49276622246151125
741 0.5375066703478432
747 0.673217468030298
749 0.7182447177801377
750 0.7182446518840911
752 0.7585574475393038
757 0.842315828342005
758 0.8423158185541092
759 0.8554517796359732
763 0.8559286916448618
766 0.8410680475660185
768 0.8305649203194538
770 0.8357437668677341
776 0.830198891087408
780 0.821813940076243
785 0.8228930886099052
790 0.8218862054185246
791 0.8218863844149706
792 0.8217254975782489
794 0.8214506156125967
795 0.8214506200937022
800 0.8217256096259029
801 0.8217256096255475
805 0.8221375198008712
806 0.8235055769045476
808 0.824865974865616
812 0.8275637812325013
813 0.8275637813009553
814 0.8402175357221535
815 0.8402175653382445
816 0.8521476696393262
823 0.8835996273933359
826 0.9124803673451524
829 0.9236332558113909
830 0.921306501379572
833 0.9288515975962287
834 0.9351448957649868
835 0.9351448975429357
843 0.9489451555818615
846 0.9464504482270781
847 0.9464504630318578
852 0.9288266625088494
853 0.9288266664533851
855 0.9200574387212304
857 0.9091663720676171
862 0.8716192845908216
863 0.8716192905492467
868 0.8278972001281519
870 0.8280584991858714
871 0.8424530261780366
874 0.8393364449490661
883 0.8350456118697329
885 0.8339691832407247
889 0.8349243691760927
891 0.8348032053833254
894 0.8346821210263212
895 0.8339691831001989
896 0.8339695647530421
899 0.8346337094433042
904 0.8344560678842591
905 0.8341164407624464
907 0.8337771274238874
909 0.8334379980026095
914 0.8267029027205822
917 0.8200575089576091
921 0.7723747919183499
923 0.7503114780644559
925 0.7293638504320555
926 0.7293637739555372
933 0.6290280593066778
937 0.5859782425049144
939 0.5672601331301532
940 0.5672601723060818
945 0.5021989620160857
947 0.4872106249318139
949 0.47515909613807533
953 0.4590292894590738
955 0.45377858724562187
957 0.45188700847057944
965 0.4714239156340704
966 0.4714238574073433
969 0.4959562135793313
970 0.49595611256911987
974 0.5291099003605522
977 0.5639444878120887
980 0.5805446111588177
984 0.6094449945549413
988 0.6295668201156843
989 0.6354140739952152
995 0.6310513830572867
1000 0.6070552445696574
1003 0.5683623641132951
1004 0.5683623671767857
1005 0.5447459228577675
1008 0.5191657334874573
1010 0.4991571759901015
1011 0.47882157648430346
1012 0.4788215759402778
1015 0.43860963302401856
1018 0.4194620659700491
1019 0.40143188935627894
1020 0.4014318918105176
1021 0.3848625349663436
1023 0.3700773137049805
1024 0.3700773143680519
1026 0.357887820127036
1028 0.3478314726529212
1029 0.34010913106945995
1030 0.3401091432930037
1031 0.3348867520569365
1041 0.3463840365028782
1042 0.34638403653826344
1043 0.3547930427849403
1048 0.3769764861402217
1051 0.40558075125049875
1052 0.4055807494328467
1053 0.42286861464881864
1056 0.44142043405524567
1061 0.5023503795538389
1062 0.502350369517178
1063 0.5235759601171753
1064 0.5235759488829032
1065 0.5448124628055802
1067 0.5746934263144793
1070 0.6032177176303885
1071 0.6295924774941511
1072 0.6295925194544217
1079 0.6995872018487604
1087 0.6903971490797015
1088 0.6903971732716236
1091 0.643115878982502
1092 0.6431159641855414
1094 0.6093981803186193
1095 0.5704350556497738
1096 0.5704350123884209
1098 0.52764070919365
1102 0.43710587448396376
1103 0.39290056969008763
1106 0.35179883076814084
1109 0.28563551481127186
1110 0.28563549032085517
1111 0.26350479743886823
1113 0.2545080195284655
1115 0.24879208697536664
1116 0.2487920888986686
1119 0.24767910407314817
1120 0.24767910140706972
1122 0.2524046001270432
1123 0.260652886496235
1130 0.3053729727676903
1131 0.32312230610439274
1132 0.3230648940153418
1141 0.32310795136051956
1145 0.3218281342614913
1148 0.3238629443154029
1151 0.3238627722947647
1154 0.32335247468303646
1157 0.3235713191314686
1158 0.32386294416480654
1159 0.32386287552915854
1163 0.3236589324889757
1166 0.32383428858753016
1167 0.32383428857943425
1171 0.32380119395069995
1172 0.32373975303103514
1176 0.32308406075332546
1177 0.32308406060240613
1180 0.3219856080220506
1181 0.32198560735513654
1182 0.32148175219141345
1184 0.31937801716122166
1186 0.318064929038385
1189 0.31754133935862555
1190 0.31780481388555293
1196 0.32775190947445154
1197 0.3277519398359671
1198 0.33529302701437846
1205 0.35017153722875416
1207 0.3603584416896525
1208 0.3718631922172574
1213 0.4068090152893635
1218 0.4902266583490742
1219 0.49022665134466364
1220 0.5233556314232808
1221 0.5233556271589778
1222 0.5589871350994663
1223 0.558987131470461
1225 0.5970353489216426
1228 0.7072071984177659
1229 0.7072071828211112
1230 0.7679686350842936
1233 0.832434645263577
1234 0.8903268950494418
1239 0.8660577094843941
1242 0.8832192371829901
1243 0.8903269092532681
1244 0.8904333824479398
1248 0.8866796927974845
1251 0.8901495579462428
1257 0.890844661187285
1264 0.8909253114482324
1266 0.8908859059640424
1268 0.8908464902152725
1271 0.8908070628338395
1274 0.8900147352988482
1276 0.8896144651481022
1281 0.887725074710379
1286 0.8858601923115426
1287 0.8858601522128334
1288 0.8846121673183305
1289 0.8846121636954228
1291 0.8832764697307253
1293 0.8803328140185773
1297 0.8729339976212882
1303 0.8570046933586284
1305 0.8462907188943831
1309 0.8189426310177718
1311 0.8021830487405366
1312 0.7833471196895688
1313 0.7833471094633119
1317 0.7396052545892697
1321 0.6779289110857408
1326 0.5701259888353274
1328 0.5315393848919859
1329 0.531539392260201
1330 0.4923294263402069
1331 0.49232943750459873
1334 0.3886486834795453
1336 0.3392214992548025
1340 0.25086731194531275
1341 0.2508673186825897
1342 0.21407882625246027
1344 0.183501578222712
1345 0.18350157524295954
1347 0.15995468457729373
1348 0.14471901377967306
1350 0.13687299334785397
1351 0.1368729822669641
1354 0.14437269968564448
1358 0.1626338934021177
1363 0.17043589442002566
1366 0.17314181821205799
1370 0.17159950803629234
1371 0.17278174381605216
1372 0.17278174386162848
1373 0.17398255721659123
1374 0.17398255718173788
1375 0.17520190111270664
1377 0.17316011618581237
1385 0.17522648038245292
1387 0.17525106703499005
1390 0.1751837040061169
1391 0.17518371174317593
1394 0.17505088158274823
1405 0.17223368283149706
1406 0.1713598120936261
1407 0.17135981208236778
1408 0.16279163968935817
1409 0.16279163433920132
1410 0.15453391115857615
1411 0.1545339124253305
1414 0.13895102588252714
1416 0.13162580316851014
1418 0.11249385880728925
1419 0.11249389094457202
1423 0.08165208327965388
1425 0.08440066108376394
1430 0.05900763162151162
1431 0.059007636070023836
1433 0.05340543776679184
1435 0.04916073613425488
1440 0.04544314100794605
1447 0.06264443124404255
1450 0.08085207798323868
1454 0.10097881534174175
1455 0.10097881241773693
1458 0.12250839367117476
1462 0.1438099903922384
1469 0.1537058545789513
1476 0.14670498228329074
1478 0.14864123942322116
1480 0.14864123942317053
1483 0.14689655307266763
1486 0.14727913458618544
1488 0.14761379050469525
1490 0.14864070959421885
1494 0.14775066117021118
1497 0.14788757403120278
1498 0.14802446068058828
1501 0.14829812920177288
1504 0.14884504732568538
1506 0.1491182970666042
1508 0.15184313549417663
1509 0.1518431354548651
1513 0.15725124410368566
1516 0.18256722096319405
1519 0.20421885130392242
1520 0.22492880698555295
1521 0.22492890103326654
1522 0.24473441054100775
1523 0.24473445399359203
1525 0.2636706644928426
1527 0.29489463446952535
1528 0.3237105336330989
1531 0.3502702177418246
1533 0.374711463899859
1534 0.39715987714041306
1535 0.3971598364033853
1536 0.41772980103351004
1537 0.41772976184884036
1538 0.44668167021243826
1539 0.4466815201904684
1542 0.4926918681263243
1544 0.5103578482428784
1549 0.5362821993278659
1551 0.5449771541081556
1552 0.5521167996234008
1553 0.5521168590604209
1555 0.5557298765219474
1558 0.5536262774856474
1560 0.5485168202673847
1561 0.5485168886157665
1567 0.5175901310509659
1568 0.5014541575584116
1569 0.5014542598381789
1575 0.44698325757761265
1578 0.4116805017448884
1581 0.3960524945359616
1585 0.37751200680408553
1592 0.3572385269286282
1602 0.3702409111493531
1603 0.37024091536856707
1605 0.37811976443301687
1609 0.4017206524217627
1612 0.4361727936177118
1614 0.4559485597475094
1615 0.45594854276435426
1617 0.47695449737507123
1621 0.5210580474949451
1623 0.5473499062109277
1627 0.5969348134315299
1629 0.6187947139209575
1630 0.6378063388776719
1631 0.6378063435306668
1632 0.6533760922721271
1639 0.674841585845032
1640 0.6722619707641371
1641 0.6722619964057521
1642 0.6644677537901514
1643 0.6644677827465931
1645 0.6515737332285263
1646 0.6338497420865981
1647 0.6338497801798191
1653 0.5565976850787961
1657 0.504728390645232
1658 0.47767242914476316
1659 0.47767244563357775
1660 0.45055644509940546
1663 0.42391192014515194
1671 0.3444962403677547
1674 0.33047277293970506
1675 0.33047277313850615
1676 0.3240635161095638
1677 0.3240635160811439
1680 0.3125497477766036
1681 0.31254974782677636
1682 0.3074820760195603
1683 0.30748207608201267
1689 0.29204328386249456
1690 0.2888156527618194
1691 0.28881565915347573
1695 0.28539362176161476
1696 0.285664271867943
1701 0.2945147363936063
1703 0.3030629087951793
1708 0.34426093626309934
1709 0.34426093600958607
1710 0.3656797008583046
1711 0.365679698215381
1713 0.3897628119246251
1714 0.4161442962084514
1716 0.44441255095542437
1719 0.4741166534955718
1723 0.53587512120063
1726 0.610449364294444
1727 0.6104492772885329
1729 0.6451437536542037
1731 0.6768601331961476
1732 0.7047256842818165
1735 0.7279477247524415
1736 0.7458354616699703
1738 0.7578198810404659
1742 0.7620918579613647
1744 0.7532627515167689
1745 0.7532627835999326
1746 0.7371692482722174
1752 0.695753842300908
1755 0.7000969137586117
1756 0.7000969111707355
1757 0.6925102835073345
1760 0.6955159215656433
1766 0.6923547643992795
1767 0.6923546142794045
1770 0.6924947335194825
1772 0.6924791782260918
1777 0.6924325048415702
1778 0.6924325033407369
1783 0.6923391175552308
1785 0.692224817131994
1787 0.6922248172525084
1791 0.6922145191656531
1792 0.6922145191685787
1797 0.6922861725954217
1799 0.6923473368297952
1801 0.6929503637182843
1805 0.6941094129221917
1807 0.6946654296990153
1809 0.6978990591069522
1811 0.7004696233985204
1814 0.7023776591315852
1815 0.703624630775503
1824 0.6961345453682608
1825 0.6971204178177611
1832 0.6774455038396137
1834 0.6682032819725594
1840 0.6172502152306677
1843 0.5656552328038015
1844 0.5656552409480033
1847 0.5038164590440894
1848 0.5038164632238071
1849 0.46933968838718426
1850 0.46933969190823166
1852 0.42087259983443137
1855 0.31326345703013353
1858 0.2544197026665836
1860 0.1923353287703471
1861 0.1270284166261714
1863 0.05845175902961134
1864 0.05845175625322594
1867 0.0768514051102144
1870 0.06177762179820446
1871 0.062092151634139385
1872 0.06175587838187634
1874 0.05828748095295619
1876 0.05845175478354064
1877 0.05801182276390198
1878 0.05801169009656636
1879 0.05845175478354064
1880 0.05840776158157657
1882 0.058363765726189
1884 0.05831976854401251
1886 0.058275770035008154
1887 0.05827576870821923
1890 0.05814376654672249
1892 0.058055758913399626
1897 0.05769408784852064
1899 0.057694007973660595
1902 0.05761564111976282
1904 0.05762693288925921
1906 0.057664932452674074
1908 0.05770294746486083
1909 0.05770294747840921
1913 0.05812083171725408
1916 0.058879158328810646
1917 0.05887915827173155
1918 0.059257668537256475
1919 0.05925766848008931
1921 0.0630250922313836
1923 0.06677825479560656
1925 0.07054164823439314
1932 0.09269426027540435
1934 0.10056643680745436
1936 0.10896849740701485
1937 0.10896848131243587
1938 0.11797412956657993
1940 0.12764598760053508
1943 0.14346058803636577
1944 0.16101283773926758
1945 0.16101282748418114
1946 0.18038873162512847
1948 0.20162956277008032
1950 0.22473381086556832
1952 0.2496600601628321
1953 0.24966007519220537
1955 0.2763294829725031
1958 0.34790008797471444
1961 0.38657788430936996
1963 0.4266838571961643
1964 0.4677818783203277
1965 0.46778187542436533
1966 0.5093971241168854
1968 0.5510248887319821
1969 0.5510248737927868
1970 0.6032755065118638
1973 0.6535777744866641
1980 0.813655334400391
1981 0.8136553184966732
1982 0.8385452813760131
1984 0.8558217982562591
1985 0.8558218023538152
1988 0.8661251909522936
1990 0.8606313906749674
1991 0.8606313988791813
1992 0.8479818681371434
1996 0.8640572966817178
1999 0.8371890238088474
2000 0.8372680568842904
2004 0.828895941831468
2005 0.8288980053390494
2009 0.8283020833939557
2010 0.8282905239450807
2013 0.8282789594117579
2016 0.8282558303454015
2017 0.8282558286506684
2018 0.8282442624228189
2020 0.8282211214937837
2022 0.828197975481127
2025 0.8281748226907772
2028 0.8278482392248449
2029 0.827848277932533
2038 0.8286510778280982
2039 0.8286510826110908
2040 0.8288970386618301
2042 0.8291427625162899
2043 0.829142762516345
2049 0.8306122285702467
2055 0.8406641335595404
2056 0.8453064237572636
2059 0.8498554896369013
2061 0.8543112857311833
2062 0.8781133029194943
2067 0.9165451658230582
2070 0.9256623072699772
2071 0.9256622970828045
2075 0.9450355363744416
2076 0.9520539082242656
2080 0.9623537612063136
2083 0.9639026073098561
2085 0.9638697855217909
2087 0.9631818891714531
2088 0.9604797608626141
2092 0.9498527054643846
2095 0.9423635770427842
2102 0.9033438271311375
2103 0.903343830558757
2104 0.8861839651919158
2106 0.8511817033343262
2107 0.8520065306701099
2108 0.8519402219040733
2109 0.8819433523594437
2113 0.8736311124501155
2114 0.8736311171058414
2125 0.8735494677067566
2132 0.8736066143414865
2133 0.8735984470990801
2134 0.8735984474291726
2138 0.8735739483443169
2144 0.87337806173398
2146 0.8725629679905068
2147 0.8725625819545046
2151 0.8731373839130498
2155 0.8725629640089771
2156 0.8725629639453362
2162 0.8679882309475846
2168 0.8567115489387046
2169 0.8310365084448729
2170 0.8310366075035606
2174 0.7832144209101338
2176 0.7609651175074249
2177 0.7397607104142221
2178 0.7397606418481303
2179 0.7078264027047594
2180 0.7078261497861441
2181 0.6783007120217145
2186 0.6258861221695142
2189 0.5814685144790188
2191 0.552279341869549
2193 0.5269506262229707
2196 0.5051944196052905
2198 0.4867572423013043
2200 0.471414396337616
2202 0.45896385632192505
2207 0.43560126850088754
2208 0.4356011525815793
2209 0.4340036548432129
2210 0.43400357406467094
2211 0.4354913166110194
2213 0.4397764618367726
2214 0.43977639416625713
2216 0.4465695991856537
2217 0.4555769104457372
2218 0.45557685714853713
2220 0.46952567817218466
2225 0.5232656536470612
2226 0.5232657550168144
2227 0.5430450329481837
2229 0.5627034036437613
2230 0.5627034299397375
2232 0.5816252664503968
2233 0.5992214583758638
2234 0.5992214710317382
2235 0.6080843381787155
2237 0.6163009951230052
2240 0.6237923835223421
2243 0.6363116860598677
2247 0.6451309882773656
2248 0.6451309863562005
2254 0.6505849122130646
2256 0.6502013557720592
2261 0.6422657868170716
2262 0.6422657860421486
2264 0.6373750429183389
2267 0.619565522864405
2270 0.6051777773353374
2274 0.5697014282108005
2276 0.5492280321563566
2277 0.5274130342565954
2278 0.5274130589071185
2282 0.4768560223522536
2286 0.4221843125271401
2287 0.3968848963638245
2288 0.396884869889738
2291 0.35409639311965296
2292 0.35409640127711844
2293 0.33793939542590584
2297 0.3187800862336844
2299 0.3165176260283762
2310 0.4027456500951015
2315 0.5180363322951517
2316 0.5180363390786373
2317 0.5593225236546476
2321 0.6314271460941879
2323 0.6602570548465403
2324 0.660257044163187
2326 0.6847677689126888
2333 0.7246217336375781
2335 0.7177703807363456
2336 0.7177703770219526
2340 0.7001073333211487
2341 0.6959251264578739
2342 0.6959251267415975
2343 0.6914386222669475
2347 0.6815730787426479
2348 0.6815730784683177
2352 0.6705559726648502
2353 0.6646316862261795
2358 0.6246740697271955
2359 0.601770190539665
2360 0.6017701949583913
2361 0.5772535182849328
2363 0.5514077527022613
2364 0.5514077614128684
2365 0.5245374293299443
2370 0.46567084165385886
2371 0.434401649749496
2372 0.4344016836642947
2373 0.40364918300041713
2374 0.40364921656433145
2375 0.3739056550390638
2376 0.37390569197258544
2379 0.3193678822754011
2381 0.2954884511172977
2382 0.2954884913263179
2385 0.24985940331898138
2388 0.2349198237289585
2389 0.22588061906817603
2391 0.22307182058270086
2394 0.2266845490323397
2400 0.27574597188446465
2401 0.2805190446688951
2402 0.2799712449689565
2403 0.2799178449386922
2406 0.28829373481637743
2408 0.2882937348165617
2409 0.28828829619754887
2411 0.2836424454589596
2412 0.2850075583119512
2413 0.2850075582669131
2414 0.2863865092397463
2416 0.28777923224443186
2418 0.28829373603692204
2422 0.2880594235699236
2423 0.2880594235698284
2425 0.2883401625595429
2426 0.28862144866230866
2427 0.2886214486617342
2429 0.2884792634956006
2431 0.2884792374267918
2434 0.288591337036478
2435 0.2885913337272852
2440 0.28840469316822603
2442 0.28833026783397225
2444 0.28759327178729577
2445 0.2875932718347008
2448 0.2861588757685893
2449 0.28615887562258996
2450 0.28546148136906
2453 0.28092891495261596
2454 0.2770501068036721
2457 0.27382460138136255
2462 0.267482867386227
2464 0.2677692176150359
2465 0.26776925424388387
2466 0.270156071264383
2467 0.2701560046868117
2469 0.2695603724873642
2472 0.27725481528604357
2474 0.28311015975513204
2480 0.3140564667531738
2483 0.33222180174416394
2485 0.35306858922663004
2486 0.37646558895177556
2487 0.376465580769677
2489 0.40227945173529106
2492 0.46062720028139736
2496 0.5508254464535504
2497 0.5508254222048324
2499 0.6006484500246727
2504 0.7665750745844682
2505 0.766575068529666
2506 0.8269745034101497
2507 0.8269745022418686
2508 0.9099414563385954
2510 0.9973949295608242
2514 0.9641691162910893
2515 0.9918824949057313
2518 0.9918824949057173
2519 0.9922680134977135
2520 0.9922585310727666
2521 0.9992534238527674
2522 0.9992610694607271
2523 0.9973949659265958
2524 0.9978440486749939
2525 0.9978441708143587
2529 0.9974847849191975
2530 0.9974847861406588
2532 0.9975296980800846
2533 0.9975746100195778
2537 0.9977093568331673
2540 0.9977991929300084
2542 0.997889033914721
2543 0.9987877127072855
2546 0.9996868809226985
2547 0.9997604555823305
2548 0.9997610278005764
2549 0.9997604556950962
2552 0.9998667733394272
2553 0.9999691878363167
2556 0.9998997606456415
2557 0.9998129392690526
2559 0.9997261191457517
2564 0.9995525151450881
2569 0.9969580710866834
2571 0.9960969822900477
2575 0.9809641190842228
2578 0.973530869097171
2582 0.9587843967170709
2587 0.9186741494133978
2591 0.8903041026487553
2592 0.8903041180220702
2595 0.8521137084954687
2596 0.8521137447093299
2597 0.8274359471844994
2602 0.7735383281971744
2607 0.681658825406216
2609 0.6399191193262335
2615 0.507709748626837
2625 0.28218120415737163
2626 0.28218127003898813
2629 0.20709360700947704
2630 0.20709358286974444
2631 0.17886237002776081
2633 0.15784625238691233
2638 0.13963016368652403
2645 0.16982351108751415
2649 0.1699766409715441
2656 0.17792390174812353
2659 0.1775398404640833
2663 0.17820415643772367
2670 0.17854176069739996
2671 0.17854176069617134
2672 0.17859816574488377
2673 0.17859816574246398
2677 0.1785487793101744
2679 0.17834683905400903
2682 0.1779434485463738
2684 0.17593640243273023
2685 0.17593640236177122
2686 0.17394587458579358
2687 0.17394587430457586
2688 0.17197187423610852
2690 0.1700144102888079
2691 0.1700144099709735
2692 0.1575007901839176
2693 0.15750074536769773
2695 0.14571027298757705
2696 0.1346429946042182
2697 0.13464304072981895
2702 0.0990189813052971
2704 0.08568780670605705
2705 0.0856878492398952
2707 0.07462928553631656
2713 0.06369423975816262
2714 0.05884962604638904
2715 0.058849629136847256
2717 0.055187770390545024
2719 0.05266688950524535
2722 0.05139580983614405
2723 0.051395812174459786
2725 0.053864482886784
2730 0.07154534618780209
2733 0.08021444998645412
2736 0.10403917586953362
2737 0.10403916611246038
2738 0.11722233236592743
2740 0.1307921661121013
2742 0.14440055107489702
2743 0.14440054418891632
2749 0.16093554444204278
2752 0.164125100782421
2753 0.17467486148407924
2754 0.1746131215327581
2755 0.17467486148482542
2757 0.1647569820361543
2761 0.1683753914040534
2763 0.1683753913895367
2765 0.16584781705220397
2767 0.1653867534621081
2773 0.1654244704296707
2778 0.16565802507829488
2784 0.16717338619040942
2788 0.16968893093732332
2790 0.1709420039219417
2795 0.19535698373752608
2798 0.2185781341626099
2799 0.21857813647295785
2801 0.22975756389728172
2802 0.263851053131227
2803 0.2638511440137009
2804 0.29525342571910745
2805 0.2952535166425683
2806 0.3241432837320025
2812 0.39728425253743804
2815 0.4291123408365979
2819 0.47937076728563355
2822 0.49220780793741137
2823 0.49220773245457294
2825 0.5063383545753529
2826 0.5181550594507314
2827 0.5181550578904348
2832 0.5411529972618665
2834 0.5463525561250215
2838 0.5467800621926096
2840 0.5426852780889045
2845 0.527526386502907
2847 0.5171175962047149
2849 0.5026796292294979
2851 0.4867183320792002
2853 0.469812501312082
2854 0.4525358316456556
2856 0.43544977431292836
2858 0.4190963777352158
2862 0.39060245849110975
2864 0.37936570858794366
2865 0.37936570139921577
2868 0.3647670007932963
2877 0.3787434450883146
2880 0.4106372313414454
2882 0.43174245769856745
2885 0.45552933622019365
2898 0.5973997617106638
2900 0.613837261577681
2902 0.6285686409168584
2907 0.6512298308677267
2910 0.6646786301127229
2913 0.667549905214025
2914 0.6677177840825874
2915 0.6677177635778404
2916 0.6651341381135307
2918 0.6607759319724349
2919 0.660775923538022
2920 0.6544535233400818
2924 0.6361266802293084
2925 0.6361266796548971
2926 0.6242853612886614
2927 0.6242853606731635
2931 0.5958211203193629
2932 0.5788056301543275
2935 0.5605282574477987
2937 0.5412042651602962
2938 0.521065513837551
2939 0.521065521842924
2940 0.5003577541261078
2943 0.4793376570839594
2945 0.4582696781322352
2948 0.3994584121106218
2950 0.37277842164298225
2952 0.34894537051225405
2953 0.34894531815742835
2954 0.32866206760519995
2955 0.32866205603135135
2957 0.3125509753217461
2958 0.30113563633124485
2959 0.3011356274433805
2965 0.2984960228900367
2966 0.30861534306653443
2970 0.35506674522909504
2971 0.3550666599228965
2972 0.3884756212881082
2973 0.38847564671529683
2974 0.4272171091606772
2975 0.4272171518543448
2977 0.46988471277543686
2979 0.5148780808000233
2982 0.6048318790210886
2985 0.6461842274104339
2990 0.7356169455012391
2991 0.7356169883428482
2995 0.7510685259351262
2998 0.752252592240115
3000 0.74729680475224
3002 0.7386426532361512
3003 0.7386426570839988
3004 0.7263580573297203
3005 0.7263580601057589
3007 0.710565142266134
3009 0.6922528988708034
3010 0.6776748446857064
3014 0.6872167722269573
3016 0.6820042685515431
3017 0.6766190974428095
3018 0.6766190977130324
3019 0.6776748471242595
3021 0.6776748471242825
3022 0.6777072411791782
3030 0.6766081565830003
3031 0.6765972154521146
3033 0.6765862729708341
3036 0.6765753291392858
3037 0.6765643859829504
3040 0.6765424962948469
3043 0.6764987101686567
3045 0.6762796175971005
3050 0.6761731196509271
3056 0.6768658187844753
3058 0.6771616815778759
3060 0.6784881192393246
3062 0.6780497591332159
3068 0.6777043069947903
3069 0.6778786627892855
3070 0.6778786627969617
3071 0.6782175945305563
3074 0.6785434858599115
3077 0.6791561449812018
3078 0.6791561449806651
3079 0.6794429125119706
3083 0.6824420770934693
3085 0.6819931134425131
3088 0.680253729091552
3089 0.6772333871957483
3093 0.6613574883682107
3097 0.6250768967421554
3098 0.6250769518482632
3100 0.6006591822752015
3103 0.5400403065546936
3111 0.3760435916655297
3113 0.3093222031974081
3115 0.2371523535637349
3121 0.11032948841660532
3124 0.11886276937774624
3127 0.10962627326583581
3129 0.10976655961613875
3132 0.11471166564832008
3135 0.11054698887364107
3136 0.10916878752340245
3143 0.10901570499466726
3144 0.1090649576349123
3148 0.10902240944901183
3149 0.10902239984107026
3151 0.10902909483070511
3152 0.10903579005859237
3154 0.10904918126183556
3156 0.10906257350101795
3159 0.10907596679171411
3162 0.10922337391690524
3164 0.10935753780101769
3172 0.11242033169981265
3182 0.12422654499387223
3187 0.13349275734643448
3190 0.14574668172450111
3194 0.1699741804471908
3195 0.16997418081703078
3197 0.18506949465065747
3198 0.20220819275070046
3199 0.20220821156159047
3202 0.2425651039724883
3204 0.2656730983935087
3206 0.2982274211809426
3210 0.3712405428843638
3214 0.45204355274798996
3215 0.452043546094606
3217 0.4941264725101381
3219 0.536584362431751
3221 0.5884483207129817
3222 0.6388411193110908
3228 0.76991049035729
3229 0.7699104871487605
3236 0.8604321515725333
3239 0.8641689782166966
3240 0.8606184173658367
3242 0.8497263383506966
3244 0.8315829217293946
3245 0.8315829351260982
3247 0.8527352863259918
3250 0.8259384946968351
3251 0.8330200678264189
3252 0.8330911501022494
3255 0.8247573435527169
3257 0.8268073939221103
3258 0.8268112704224383
3263 0.8247573435389436
3265 0.8247335402244422
3269 0.8248056343132646
3270 0.8248485111604221
3275 0.824977076436764
3276 0.8250627576135128
3281 0.8260033358204056
3282 0.8268553601201614
3287 0.8285507006585052
3288 0.836853062594322
3290 0.8448644834632077
3292 0.8525846076604944
3295 0.8600133151772469
3297 0.8671507371167794
3298 0.8865139575392954
3299 0.8865139265687639
3302 0.9177442093539563
3304 0.9149743773992204
3307 0.925049685367769
3308 0.9336232929603399
3309 0.9336232904541725
3313 0.9464180034865076
3315 0.9507286410322745
3317 0.954754471023579
3318 0.9559505212512718
3319 0.9559505138782706
3321 0.9545389006398249
3323 0.9507609899596824
3327 0.9371536464932838
3331 0.9188553727069722
3335 0.8987749637185869
3336 0.8881187528434799
3338 0.877320054868948
3341 0.8665809621784789
3342 0.8561033845390981
3344 0.7709271572785807
3346 0.7739648453283542
3350 0.8458214724596161
3353 0.8551343285441739
3357 0.8532092773474683
3358 0.8532092773537088
3360 0.8509516509239125
3368 0.8526353165834771
3369 0.8519753025702951
3371 0.8519753024199903
3372 0.8519756738395137
3373 0.8525971127615602
3374 0.8525971127642552
3375 0.8525589165296701
3378 0.8523864055113246
3381 0.8518680190501267
3383 0.8516090136000722
3392 0.8413507841883865
3394 0.8165574475088687
3403 0.6982117635439491
3407 0.6442408969224575
3409 0.62041138831159
3414 0.5784595906996591
3415 0.5507962296292149
3416 0.5507963597899181
3418 0.5269410175650878
3420 0.5066013995460665
3424 0.4754626678133178
3428 0.4556103101904578
3431 0.44439649378694757
3438 0.45102823916218765
3439 0.4582797173136016
3441 0.46754910927770854
3442 0.4675490550489885
3451 0.5516254580663982
3457 0.6026867453295495
3461 0.6211165266127615
3462 0.6211165241986959
3464 0.6285381763265512
3465 0.6345955568372701
3468 0.639182665753919
3476 0.6413627412662319
3482 0.6252508016803503
3484 0.6166079439339234
3486 0.6037643014845554
3489 0.5718544350956907
3492 0.5533061640758873
3494 0.5334380573044893
3495 0.5125970275991666
3496 0.5125970508900829
3497 0.49115502178582704
3503 0.4138077254149199
3505 0.39081726427702174
3508 0.3703931304528066
3509 0.35316469595953637
3511 0.33968559303797263
3513 0.33041648557965403
3514 0.33041647762814647
3517 0.3252738152629106
3518 0.3252738111895781
3519 0.3280345486523295
3520 0.3280345421208509
3522 0.33438805135958083
3523 0.34427114496264716
3528 0.3740055660628113
3530 0.39336862724097543
3531 0.4108750461213487
3532 0.4108750415030178
3533 0.4298402090569022
3540 0.4930747536042875
3543 0.5378068457310449
3545 0.5692854362388994
3549 0.5944675733683658
3551 0.6183546735387087
3553 0.6404828112167196
3554 0.6404827919293419
3555 0.6604115962721719
3556 0.6604116115202173
3557 0.6777339063340233
3558 0.6777339003149652
3561 0.7031414694608454
3564 0.710645686394937
3565 0.7143938154123656
3569 0.7101461107602918
3571 0.6999641173813366
3573 0.6842029373238964
3574 0.6842029675958419
3576 0.6631649125581476
3579 0.6071980622961387
3587 0.47282962104914844
3588 0.472829629339475
3591 0.42035839285838006
3594 0.394857127910563
3599 0.32511774916203945
3603 0.28222013877857904
3604 0.28222018628253853
3605 0.26541843908900004
3607 0.25216856482310623
3609 0.24274673347181003
3613 0.23619782620813395
3621 0.27079142740726825
3629 0.29380678781948416
3630 0.2990515714510392
3636 0.3067226399529341
3641 0.30673790321443717
3650 0.3078050625836534
3657 0.3077725679682765
3658 0.30777257070403474
3663 0.3077320119379008
3665 0.30771580703492724
3669 0.30739400716864773
3670 0.3073940071662891
3673 0.3070765851806343
3678 0.3041432455344945
3679 0.3028408693460186
3680 0.3028408698471447
3681 0.3016480406817035
3682 0.3016480407886551
3683 0.30056474402062927
3684 0.30056474413037104
3689 0.2969812962372864
3690 0.2969812720021847
3692 0.3006595364492128
3693 0.3067183196628974
3700 0.3505270666369251
3701 0.37451638581933394
3704 0.36847770433540633
3710 0.4359331306051965
3711 0.462667273258333
3712 0.4626672697130963
3716 0.5220049598318959
3718 0.5618228351518401
3723 0.6964006255900984
3725 0.7460010115399794
3730 0.8520248501740976
3733 0.9156851496228012
3735 0.9215632121817809
3736 0.9374050489031852
3739 0.9374050489031782
3742 0.9414942786125438
3745 0.9423177458988142
3747 0.9423340866466337
3749 0.9423807058676347
3750 0.942388993133151
3751 0.9423889919779007
3752 0.9423800794643519
3754 0.9423711675179445
3755 0.942371167801449
3757 0.9423622561374995
3759 0.942344433374168
3760 0.9423266117410174
3762 0.9423087912321205
3764 0.9421306475110398
3769 0.9417746856049387
3773 0.939823738536427
3778 0.9345381586836394
3779 0.9345381584149485
3781 0.9327789016145723
3782 0.9261148735155706
3783 0.9261148549422005
3789 0.9047077690652258
3790 0.8967666839561389
3793 0.8882839352893648
3797 0.8562291112053948
3798 0.8372784135817918
3799 0.8372782864709135
3800 0.8162196153316635
3802 0.7930088960155705
3804 0.7676582037500795
3806 0.7402317550294295
3811 0.6796484209277736
3817 0.5475762161681226
3818 0.4958811044749484
3819 0.4958811796659272
3823 0.3931465770046763
3826 0.29814026937877697
3833 0.18768573085470844
3847 0.16479261601310402
3848 0.16476865073649818
3850 0.15900926074923322
3851 0.16429392920379401
3852 0.16429393035620177
3855 0.16504686275491703
3856 0.16498330103662023
3857 0.16504686275508332
3859 0.17127546383522715
3861 0.17171732648698299
3876 0.17179927064917502
3878 0.17209773839098422
3882 0.17194846194329574
3883 0.1717992704749759
3890 0.1698675162619083
3893 0.16692365061920028
3894 0.16692365053362346
3895 0.1654644817759801
3897 0.1524356421427641
3901 0.12854630901952147
3902 0.1285463455278223
3903 0.11768511935116457
3904 0.11768512866767825
3909 0.07716778468177846
3910 0.07716782238044975
3913 0.06782315983128813
3914 0.06782313490024822
3915 0.05975809271871421
3916 0.059758108052419004
3918 0.052942803687433745
3919 0.047343276003107074
3920 0.047343278998672175
3922 0.04292179089414629
3923 0.03963697751246862
3924 0.03963697924992169
3931 0.04088161119636582
3932 0.04088160394636108
3933 0.0458856094313598
3934 0.04588560475874464
3938 0.06011625823238243
3943 0.09146744203513979
3944 0.09146743646243691
3946 0.10299489233158644
3947 0.11455225793847731
3950 0.12583208693046163
3954 0.13802261748414396
3955 0.13794804832753596
3963 0.12836575871506295
3964 0.12649334404700388
3967 0.12660334419526678
3972 0.12723990297734528
3973 0.12723985168627278
3975 0.12764343287085872
3979 0.1292549009078211
3981 0.13005892362667007
3983 0.13803677026711847
3984 0.14590235444142086
3985 0.14590231056367986
3988 0.16130259107863254
3990 0.1846226335504605
3993 0.2069230677416906
3996 0.24863115715745376
4003 0.3344817074055689
4005 0.3635138871041894
4007 0.3574392847861388
4009 0.3788270332321717
4014 0.4343357501595444
4016 0.4501791094925423
4018 0.4745089999005868
4019 0.47450892203436906
4020 0.4954830488592508
4025 0.5282613862748976
4027 0.5404568586935268
4028 0.5500876236876666
4029 0.5500876519444162
4030 0.5573107372571691
4032 0.5633385166775476
4038 0.5615905362905061
4039 0.5615906089853591
4040 0.5553806608542433
4043 0.5468515310612713
4050 0.48444620454322507
4055 0.4450089058006892
4056 0.42572208116830507
4058 0.4075318269656195
4061 0.3910057523060991
4064 0.37116526928763577
4065 0.3711652715647356
4068 0.35719420124860024
4070 0.35274622259115546
4071 0.3527462347687388
4072 0.35012548585409736
4076 0.35062659148589326
4078 0.35381441557092097
4079 0.3538144232246961
4080 0.35896011798008925
4082 0.3660298188813071
4083 0.36602982357444946
4089 0.4008786992388748
4093 0.43758720054904016
4097 0.48050240363544444
4100 0.526498813204927
4104 0.580288254317462
4105 0.5802881799679568
4107 0.6050858496966639
4108 0.6275159001760396
4113 0.6626601863627901
4117 0.6812923888335267
4121 0.6796342116715205
4123 0.6699105788794465
4124 0.6544272164575224
4126 0.6335513712756629
4128 0.6078342417498322
4129 0.607834303299221
4131 0.5779976858887071
4134 0.5201495267200592
4135 0.520149545558046
4137 0.4946449044186983
4139 0.4688006408211609
4143 0.41774793958637174
4144 0.39337445668225607
4146 0.3703178325701675
4148 0.34897291094407884
4149 0.3489729102885432
4150 0.34151804322461055
4152 0.33437278147594385
4154 0.32755509028796104
4155 0.3275550904710005
4157 0.32108231294261197
4158 0.3149711239467264
4160 0.30923749035287085
4165 0.2970821919385283
4167 0.29110913886924605
4168 0.28601133267850914
4169 0.2860113362627886
4171 0.28181905931720086
4173 0.2785588270976739
4175 0.27625325205812495
4176 0.2745660251613934
4180 0.2758539359699691
4181 0.27585399593432286
4186 0.2941260833025975
4188 0.30491103502166694
4189 0.3049110388206291
4190 0.3179247762916397
4192 0.3330585822376724
4195 0.35017964407737406
4203 0.4567619608718519
4205 0.4931130935361837
4206 0.5303330801646073
4209 0.5676062303056177
4211 0.6040996149211746
4212 0.6389813881898245
4217 0.7006996729228343
4227 0.7763290248051665
4228 0.776230907986089
4229 0.7762309142969075
4233 0.7604649560341816
4234 0.7449063936927748
4238 0.7213319431655867
4241 0.7167904928192289
4244 0.7130937728229253
4248 0.7151978306697702
4251 0.7119557788694665
4253 0.7120144390718991
4254 0.7120168755844829
4258 0.7116274386046892
4261 0.7115832597053129
4271 0.7115350880846154
4272 0.7116198491403686
4274 0.711704439404653
4280 0.7127061989551884
4282 0.7135222048478362
4284 0.7143211209041235
4285 0.7143211208928014
4287 0.7151029434083108
4288 0.7158676692782001
4292 0.727572154567968
4293 0.7275721463513963
4302 0.7225232682426262
4304 0.7082773700991052
4305 0.7082772890777199
4306 0.712681077260641
4308 0.6996815872611154
4309 0.699681661144866
4310 0.7028980466916458
4313 0.6912815241379673
4320 0.6276869928394379
4327 0.5389630208307522
4329 0.5000716735049381
4333 0.4143866565754513
4336 0.31929009930576474
4339 0.2754879456220237
4342 0.1833214742615262
4343 0.18332147453865444
4346 0.08511649155034531
4351 0.006971385771245443
4354 0.02055434437481364
4356 0.0073324864184239665
4360 0.002273501140644451
4362 0.0046753622176460286
4363 0.002013955343470456
4376 0.0002472279172089895
4377 0.0002479666295547037
4379 0.00020174524854293428
4380 0.00020174524217904044
4381 4.496230317766336e-07
4382 4.472547587635642e-07
4384 8.279136938780748e-05
4386 0.00016511758680899161
4387 0.000247425869340566
4390 0.0003297163409881021
4391 0.000494243802833909
4393 0.0006587004648002191
4394 0.0006587004298967365
4398 0.000987402211080337
4400 0.0026267690729930384
4401 0.004259473530654236
4403 0.005885840986011546
4404 0.005885841065422579
4409 0.020942477005379528
4411 0.03258858896694513
4412 0.032588601853123865
4420 0.07946349190305488
4421 0.10347701988754833
4423 0.12892892188089253
4424 0.1289287869754962
4426 0.15611860104766084
4429 0.21637327641847864
4431 0.24952588856505256
4432 0.24952596994736964
4435 0.3214569035148012
4439 0.3994701913242151
4440 0.39947020646949055
4443 0.5035532295181474
4445 0.5556717749680079
4447 0.6065885446777791
4448 0.6065884890608956
4449 0.655319204536442
4451 0.700877401130203
4454 0.742302409981401
4455 0.7786858660992665
4457 0.8091965540862972
4459 0.8331038182579016
4462 0.8497983091555714
4463 0.8594286751031752
4466 0.8586759125222336
4467 0.847371712777959
4469 0.8256406190644912
4470 0.8256406734965278
4473 0.8597719119828242
4477 0.8259376381371251
4478 0.8259872166947535
4479 0.8242867183869257
4481 0.8229077584277449
4482 0.8229077583890669
4485 0.8234546467782955
4486 0.8234594874598083
4487 0.8234546467775785
4489 0.8214376148519106
4490 0.8214376893256387
4491 0.8215038707047678
4495 0.8214471878295198
4496 0.8214188414230509
4503 0.8213053166597046
4505 0.8213868102564648
4507 0.8214883762766163
4508 0.8217266755091241
4518 0.8292307348454446
4520 0.8315273782077524
4522 0.8433780160487675
4524 0.8545727586213837
4540 0.9303124302202138
4543 0.9364265957421708
4549 0.9474367026341388
4550 0.9490658291816843
4552 0.9485474491362674
4557 0.9417281810344635
4558 0.9357839570617349
4559 0.9357839611105752
4561 0.9284029315624949
4564 0.9082744777154758
4566 0.8956682777234491
4568 0.8823199100046767
4571 0.8685878051703003
4575 0.8414126372412878
4576 0.8048032785713619
4579 0.8381522578488602
4581 0.8349408011287404
4582 0.8349408008324831
4584 0.8206464737501747
4586 0.8206518525150419
4587 0.8332803076403187
4588 0.8332822702088256
4590 0.8348770978320034
4594 0.8349344307530177
4596 0.8349280608884517
4598 0.8349216912418466
4599 0.8349153215952853
4600 0.8349153218132457
4603 0.8348962146177312
4605 0.8348834775052734
4606 0.8348834775054497
4608 0.8348707412659829
4610 0.834743426956941
4612 0.8346162003284574
4617 0.8327477416678908
4620 0.8329517783623316
4624 0.8317202700302032
4626 0.8311056411110709
4631 0.8274335684642132
4632 0.827433568472418
4633 0.8262155054080079
4636 0.8141971029992502
4638 0.8024690930468269
4639 0.7910251051929096
4641 0.7798589312067429
4647 0.7035014888389942
4650 0.6746381710456231
4652 0.6481313699655444
4653 0.6238328941547064
4654 0.6238329423014946
4655 0.6016079802056898
4658 0.5699605624917377
4659 0.5428896792081395
4661 0.520001959442876
4665 0.5072183422905656
4667 0.4931753716541345
4670 0.481440450936254
4676 0.4586582376464412
4677 0.4535483218688136
4680 0.45186973368139566
4681 0.45327921717713293
4684 0.4574426201059978
4686 0.4640311527963696
4687 0.47271711095060637
4690 0.48317200929407245
4691 0.4976535480119106
4692 0.4976534475363628
4693 0.5136457678316302
4698 0.5478516118423723
4705 0.609680482765105
4707 0.6208629036752561
4710 0.6295140311374706
4717 0.6310330032712732
4718 0.6310329994343429
4723 0.5888840480331694
4724 0.5888840448076766
4727 0.5438449612214623
4728 0.5438449617640757
4739 0.41904415767261693
4742 0.40116496771817156
4743 0.3847311866365031
4745 0.3700590930575782
4746 0.370059093727335
4749 0.3477971381488822
4753 0.33486170669770726
4758 0.33242404251511043
4761 0.3399286262283307
4765 0.3548901670577161
4767 0.3651329864951544
4768 0.36513298686247236
4769 0.3770991564390261
4770 0.3770991569215087
4772 0.39067311669566457
4773 0.4057188612118377
4778 0.4416000198225151
4780 0.4612124215156589
4788 0.5450676316754974
4790 0.5749352635709278
4791 0.6034402558741594
4792 0.6034401601222029
4793 0.6297900085526016
4795 0.6532332628425882
4796 0.6532333151650479
4798 0.6730799370917483
4799 0.688721321097115
4800 0.6887213186643674
4801 0.6996483022275842
4810 0.6903132459681867
4820 0.5274067704797457
4824 0.43686568837408674
4827 0.3515906100406964
4828 0.351590591471385
4829 0.3153412014600108
4831 0.2854945819007911
4833 0.26340826975016807
4834 0.26340822743898024
4836 0.25445959696946596
4837 0.2487756864459571
4842 0.247673961408549
4844 0.25237763583267864
4845 0.26058591688127797
4848 0.2722392016311307
4849 0.2872292407647139
4852 0.30513745163681694
4854 0.3231561664352814
4855 0.3231522309303594
4856 0.3100764816891087
4858 0.31519363625522345
4859 0.3151936364961994
4860 0.3204852968849441
4861 0.32048529662238284
4864 0.3232069824160279
4865 0.3231935562011223
4867 0.321564239426722
4868 0.32264998074924095
4869 0.3226499807472171
4887 0.323605706936983
4888 0.3234986091420278
4889 0.3234986091364145
4890 0.3233924634760659
4893 0.32328726999509694
4894 0.32228771339262585
4909 0.32155236083911637
4913 0.3351411697105155
4914 0.3454471223543193
4919 0.38644111800645603
4920 0.41331182818349643
4922 0.4066496004843706
4923 0.4066495714852275
4924 0.4292442033308791
4926 0.4541492790016174
4927 0.4541492636019986
4930 0.5105895393761664
4932 0.5419796039766321
4938 0.6755811642316714
4943 0.7892796260038318
4945 0.851063233529557
4948 0.8899101716917597
4949 0.8670237440873552
4953 0.8904116125872544
4954 0.8905008448963936
4955 0.8904116125888705
4957 0.8864500771028431
4958 0.8864500771024569
4959 0.8897169497919887
4960 0.8897169497928795
4964 0.8908661109221364
4965 0.8903713265206549
4966 0.8903713265411499
4967 0.8909794683927846
4968 0.8909794956549367
4969 0.8909408706265051
4972 0.8909610732890055
4975 0.8909721268904673
4976 0.8909721268900737
4978 0.8909684424159624
4980 0.8909610732518336
4989 0.8907176888952095
4990 0.8907176889030542
4991 0.8906438390722322
4992 0.890643839080067
4993 0.8899012443359189
4994 0.889901248047814
4995 0.8891469905258425
4997 0.8883751768001683
4999 0.8875800889033832
