1 0.5307452486912465
3 0.5792191866753881
6 0.6868404256765174
7 0.6868404115824182
10 0.8077791971415202
14 0.9416728978874953
15 0.9416729006725083
16 0.9179002050992182
17 0.9236088866142401
19 0.9378662256005397
23 0.9382046412995819
28 0.9421128389822121
31 0.9417168958259815
32 0.9417168971525486
34 0.9417608934898235
35 0.9418048898271366
36 0.9418048911537806
37 0.9418488888177767
40 0.9418928904618973
41 0.9419808937503314
42 0.9419808937504087
43 0.9420689023460749
44 0.9420689023462294
46 0.9421569162497068
47 0.942269285423809
48 0.9422697910988744
49 0.9422692855819556
51 0.9423329599800955
52 0.9423329599810233
53 0.942370662998303
54 0.9423706848580317
55 0.942337020137139
57 0.9422845865329438
58 0.942284586503759
59 0.9422321513299934
60 0.9422321512944571
62 0.9421797257098465
65 0.9411331250545728
66 0.9411331267227275
67 0.9406110837444485
69 0.9400897857895661
70 0.9400897859960118
74 0.9310313073996829
78 0.9272504720977354
79 0.9234233210757224
80 0.9234233205886133
83 0.9155464825754557
84 0.9155464724424519
85 0.9114580406287184
90 0.8951209857007186
92 0.8860774431609318
94 0.8763457492438724
96 0.8658626449778166
102 0.8164497102731776
103 0.794497520418215
104 0.7944974623088406
105 0.7706156841029557
107 0.7448554930280467
108 0.7448554816741686
109 0.7173079705030703
115 0.6082207411416738
117 0.5657628819130256
120 0.5222983802020112
121 0.4783909709707938
122 0.4783909852195533
123 0.43463863624021304
125 0.39166181575922454
127 0.3416777964561465
130 0.29485422325255056
136 0.18375535640385215
137 0.15956365025021982
140 0.14301879399561304
142 0.1346308870487544
143 0.13525853939296417
144 0.13525851760673552
146 0.14647969565218255
147 0.16818644164005614
149 0.13403126168019378
150 0.13232697257784604
151 0.13214300036272178
152 0.16691856955587028
154 0.166863547345272
155 0.16691856955583953
156 0.16686257077097222
157 0.1695409356317519
158 0.16954093561199146
159 0.17092067274365202
160 0.1709206727863408
161 0.17204896384283438
162 0.17204856901917165
166 0.17119963637358296
167 0.17147960398167864
168 0.1714796039806954
169 0.17176057501852457
172 0.17204254888990408
173 0.17152825235592425
175 0.17152825235886401
176 0.17152751442964662
177 0.17215561910604033
180 0.1721532910239145
181 0.17194460982590634
182 0.1719445760406721
183 0.17173602711058247
186 0.17152764431792938
189 0.17090349263929588
191 0.17048822226098265
192 0.1704882222512282
193 0.17007361652702027
195 0.16965967555840497
196 0.1696596755578818
197 0.16555684527384246
198 0.16555684502367107
199 0.16152057320733748
201 0.15755092329141562
202 0.15755092353246947
203 0.1536479467972484
204 0.15364794681884394
205 0.1498116816364626
209 0.10492702383060235
210 0.10492706549307701
212 0.08691612844692445
213 0.08983667432793135
214 0.0898366775055761
215 0.0767283024422474
216 0.07672831290273374
217 0.06556354214126191
219 0.05629432461014165
220 0.05629433421205604
221 0.04886342615085625
222 0.04886343437935884
223 0.043204957021703926
224 0.04320496416531433
225 0.03924487550055715
227 0.03690151306781807
228 0.036901517785661316
230 0.036086116809325115
231 0.037972230759837584
232 0.0379722452883844
233 0.03731430833575277
234 0.037314315155866494
235 0.04104148088656571
238 0.046971963985209975
241 0.06417916196721765
243 0.07479167989416059
244 0.07479167069134578
245 0.08628446282469461
249 0.1172619285159612
250 0.1172618828938996
254 0.12107850861921761
255 0.12107850798542029
256 0.12484363157444749
257 0.12484363335373597
260 0.13786409082883933
262 0.13776149483374575
264 0.12558944691353524
266 0.1263326380052352
269 0.1291939372635723
271 0.1264809534112317
273 0.12662915942352573
276 0.12745467348378728
284 0.12682561910347026
286 0.12698590984355196
287 0.1271461555155279
290 0.12730635615046773
292 0.12890588738435038
293 0.1305009276318934
303 0.17924266243006642
304 0.17924267597622473
305 0.19359463099443816
309 0.24314875312408435
310 0.24314886735752392
311 0.27612400049086244
312 0.27612409258959947
313 0.306644135189424
314 0.3066438620259219
315 0.33486375206635544
316 0.33486367716584453
317 0.36092461821147986
318 0.36092457405262046
320 0.38495459717862995
321 0.4202780835220116
322 0.42027789198163096
323 0.4508993742920555
324 0.45089912509548474
325 0.47720838813318955
329 0.4920229394365637
330 0.4920228635413305
332 0.5086723756007938
336 0.5349131259847955
337 0.5447703370921783
338 0.5447703537791917
340 0.5526127141421585
341 0.5606709213325648
342 0.5606709584092521
343 0.5649980343820278
347 0.5636951025147277
352 0.5511351191693225
353 0.5413994018063185
357 0.5105015430750444
360 0.49234909238142854
361 0.4732012178517215
363 0.4536675943295406
364 0.45366757182226264
365 0.4343520211146444
366 0.43435200048207384
367 0.415841895538482
369 0.3986980316869448
370 0.39869802026923995
372 0.38890686310737976
373 0.37997385788010596
374 0.37997385958702656
375 0.37200908711435093
376 0.3720090874503792
377 0.36511315476699807
379 0.3593762968564084
380 0.3593763011019556
381 0.35487748428739285
382 0.3548774882463445
383 0.35168366863656325
385 0.34984908864670927
386 0.3498490920788401
389 0.35040759622886036
391 0.3528408533562144
392 0.3528408558073259
394 0.35671308524972567
396 0.3620084289981566
397 0.36839414152846545
398 0.36839414254650704
399 0.37602127755773984
400 0.3760212779861012
401 0.38483887728525673
402 0.38483887753101687
403 0.3947844592090063
405 0.40578446003339447
406 0.4057844595730586
408 0.4177547803026166
409 0.4306014310664989
414 0.47605974824672814
415 0.5005325886564135
416 0.5005325829593645
417 0.5254671622595612
418 0.5254671641510589
419 0.5503081966902487
422 0.5744911163597651
423 0.5974548853762526
424 0.5974548788246843
427 0.6353203720525415
428 0.6353203698391657
430 0.649928914510284
431 0.6621923820564419
432 0.66219236299446
434 0.6718582493521915
436 0.6787146516237788
437 0.682594601785418
438 0.6825945709514042
439 0.6833796336264147
440 0.683379605801896
446 0.6701857489018799
447 0.6609323475191644
449 0.649370515483119
454 0.6198351371346574
456 0.6030982066493651
457 0.5848632103794071
458 0.5848632138874539
460 0.5653305262561875
462 0.5447192116341069
464 0.5232646412778716
465 0.5012158523637545
466 0.5012158609634855
468 0.4788327566387643
472 0.4124919495337485
473 0.41852947307248334
474 0.4185295257220409
482 0.32624048139855716
483 0.30908259822270745
485 0.29506826943207065
486 0.29506826997799135
488 0.28450600951429067
491 0.2746817621501685
492 0.27468175888305324
493 0.2757312452879717
494 0.2757312401112143
496 0.28232374996356135
497 0.2946789337805625
499 0.3125994006001785
501 0.33573989326171794
504 0.36361293400306915
508 0.4309574288338426
510 0.46884735218130436
511 0.49655143684090025
512 0.49655142774015343
513 0.5247107359180425
515 0.5529720014880933
516 0.552971986989992
517 0.5809753625541637
518 0.5809753479067538
520 0.6083589383319693
521 0.6347634500696496
522 0.6347634319558896
523 0.6598367067245438
524 0.6598366875402406
529 0.7278034719756051
531 0.7448083305336143
532 0.744808298125572
533 0.7584535468349155
534 0.7584535161055143
535 0.7684829747600765
540 0.7769248904283462
541 0.7744063498331163
542 0.7744063084015566
543 0.7670956954310735
544 0.7670956652325749
546 0.7550366515268838
547 0.7383558985507108
548 0.7383558809909265
549 0.7172621426003879
550 0.7172621318990855
551 0.7209620874535949
552 0.7215690224494217
553 0.7216222414302195
554 0.7113436522075259
556 0.7151007158674857
557 0.715152566003459
560 0.7120114230185218
561 0.7120131045198447
562 0.7113437168950423
563 0.7114112488488509
564 0.7114111416388317
565 0.7113437168950423
568 0.7113572211415979
569 0.7113572200694952
570 0.7113639711206647
571 0.7113639700485591
572 0.7113707200276201
573 0.7113707189555117
574 0.7113774678624616
578 0.7114044495527687
579 0.7114044495527577
580 0.7114179345012359
581 0.7114179345012246
585 0.7116867328524306
586 0.7118204886959181
588 0.7119538156236306
590 0.7132634901244367
591 0.7132634901985505
593 0.7145302529353164
595 0.7157540890719064
596 0.716934987502436
598 0.7180729407477333
600 0.7258658937756793
601 0.7258658797826955
605 0.7326099599115485
606 0.7316221133888872
607 0.7316220924167132
609 0.7277916363737352
610 0.7211821590128339
613 0.7080461000583624
614 0.7112170619269405
615 0.7112170407027139
616 0.6983089260367443
617 0.6983089325167376
618 0.6825676254692844
619 0.6825676490851983
620 0.6641107804985662
621 0.6641107913246322
622 0.6430616705196525
623 0.6430616757915392
628 0.5642091356803609
629 0.5642091401156722
631 0.5324370983501628
634 0.46258818458180545
635 0.4625881883731264
636 0.42476435461094736
637 0.42476435774309707
638 0.38515692462559825
641 0.34386000247103177
643 0.27148375421141374
645 0.19485885308736553
646 0.1140523567216642
648 0.028938638832649723
649 0.02893858017021722
652 0.02281126117125098
653 0.006952410903626661
654 0.006952410219893022
655 0.006137568547872693
656 0.005859275718047051
657 0.0058657480723264535
658 0.006137568547971084
659 0.005846692980333077
661 0.002519821888942826
663 0.000740987709565586
665 0.0007409877091612822
669 0.0007434494969826544
671 5.0625631279563885e-05
673 5.062552233112631e-05
675 0.0005657070991321739
676 0.000565707098063936
680 0.00021016488758721438
682 5.057193739631157e-05
683 0.0001878493391033607
685 0.0003249242268758877
687 0.00046213988652259646
688 0.00046213987850011627
689 0.001830803277458787
691 0.0031947282028969718
692 0.003194727480494173
693 0.004554103634889865
695 0.00590911775948307
697 0.01348450759793125
699 0.020958882427905258
701 0.02836290089531823
702 0.02836297912050834
703 0.035725275817848734
705 0.043072736074885314
706 0.04307275501164449
707 0.05598863327785398
709 0.0690588536051929
711 0.08239178226389343
713 0.09608113702364357
714 0.0960811117254763
716 0.11020777913808935
719 0.14811293936465733
722 0.17281132806205393
723 0.1990157621897887
724 0.1990158738120388
725 0.22675342142341048
726 0.22675347288055078
727 0.2560005348573486
728 0.25600055285649365
730 0.2866869354444623
731 0.3186998041466506
733 0.3604740132100799
734 0.36047403480936674
737 0.4479849305833313
738 0.44798494530774474
739 0.49276622246151125
740 0.49276622868004233
741 0.5375066703478432
744 0.5816163073638633
747 0.673217468030298
748 0.6732174076172354
749 0.7182447177801377
750 0.7182446518840911
751 0.758557423644051
755 0.821376846347677
756 0.8213768505353017
757 0.842315828342005
759 0.8554517796359732
764 0.8559287139556994
765 0.84106799798729
767 0.8301988745271262
768 0.8305649203194538
769 0.8306043520520878
770 0.8357437668677341
775 0.8232046567324515
776 0.830198891087408
777 0.8302903987091484
779 0.8302945361371351
783 0.8228928200578332
784 0.8228892723422311
786 0.8215328431355277
787 0.8215328431371033
792 0.8217254975782489
794 0.8214506156125967
796 0.8215193961817527
797 0.8215193961815326
798 0.8215881531327398
801 0.8217256096255475
802 0.8218629895698125
803 0.8218629895701788
804 0.8220002929630765
806 0.8235055769045476
807 0.8235055769196585
810 0.8262187106347844
813 0.8275637813009553
815 0.8402175653382445
816 0.8521476696393262
818 0.863353789079608
819 0.8633537540168493
822 0.8835996375688914
823 0.8835996273933359
824 0.8991504325177065
825 0.8991503743442544
826 0.9124803673451524
827 0.9124803305761299
828 0.9236332020778485
829 0.9236332558113909
830 0.921306501379572
835 0.9351448975429357
839 0.9441130347892847
841 0.9468654200273111
842 0.9489451603700662
847 0.9464504630318578
848 0.9422318852533694
849 0.9422318926560985
853 0.9288266664533851
854 0.9200574348883048
855 0.9200574387212304
857 0.9091663720676171
858 0.8972592587169874
865 0.8585047537612192
867 0.8456072701765696
868 0.8278972001281519
870 0.8280584991858714
871 0.8424530261780366
872 0.8424530262536832
874 0.8393364449490661
877 0.8278971966706318
879 0.8278971966707597
880 0.8279424156497796
882 0.8356529979830231
886 0.8339700416084115
888 0.8339701369741642
890 0.834924369252202
893 0.8346821208741009
895 0.8339691831001989
896 0.8339695647530421
897 0.833969182848276
898 0.8339696412100673
899 0.8346337094433042
900 0.8346337094603504
901 0.834585310626018
902 0.8345853106357579
903 0.834456052157444
904 0.8344560678842591
905 0.8341164407624464
906 0.8341164839765103
908 0.8337771273535103
909 0.8334379980026095
910 0.8334379979322654
912 0.8300591685177691
917 0.8200575089576091
920 0.7956052993484
922 0.772374723358097
924 0.7503113110770292
927 0.7094839272021992
932 0.653594954376415
935 0.6065303036825638
939 0.5672601331301532
940 0.5672601723060818
943 0.5203576123973795
944 0.5203577553846075
945 0.5021989620160857
946 0.5021986612355783
947 0.4872106249318139
948 0.4872104919187469
949 0.47515909613807533
950 0.47515906126690804
954 0.4590292709450911
955 0.45377858724562187
956 0.453778533323393
957 0.45188700847057944
958 0.45188689234948004
960 0.4530241548321998
961 0.45686974209138675
962 0.45686966285402125
963 0.46310769866525187
965 0.4714239156340704
966 0.4714238574073433
967 0.48150378967043617
968 0.48150373401961627
969 0.4959562135793313
970 0.49595611256911987
971 0.5120257663898419
977 0.5639444878120887
979 0.5805445869272846
980 0.5805446111588177
984 0.6094449945549413
985 0.6208040379044978
989 0.6354140739952152
994 0.6367807182234615
995 0.6310513830572867
996 0.6310513796691737
997 0.6210761392560867
999 0.6070552440036944
1003 0.5683623641132951
1004 0.5683623671767857
1005 0.5447459228577675
1006 0.5447459243411147
1008 0.5191657334874573
1009 0.4991571761526444
1012 0.4788215759402778
1014 0.45851752266108725
1015 0.43860963302401856
1017 0.4194620646483038
1018 0.4194620659700491
1019 0.40143188935627894
1020 0.4014318918105176
1022 0.38486253566803
1024 0.3700773143680519
1028 0.3478314726529212
1033 0.332292033060341
1034 0.33229205586253774
1036 0.3324116727028404
1037 0.33528916690314736
1038 0.33528918436478927
1039 0.3398664664734464
1041 0.3463840365028782
1042 0.34638403653826344
1044 0.3547930467407891
1045 0.3650218518866823
1047 0.37697648565057634
1048 0.3769764861402217
1053 0.42286861464881864
1055 0.4414204399287745
1056 0.44142043405524567
1057 0.46101345722110587
1058 0.4610134500348673
1059 0.481408002072439
1060 0.4814079934404873
1062 0.502350369517178
1067 0.5746934263144793
1069 0.6032178134491887
1071 0.6295924774941511
1072 0.6295925194544217
1074 0.6530653479002482
1078 0.6886226151828514
1079 0.6995872018487604
1081 0.7054440055762352
1083 0.7059262482722314
1086 0.7009053296323967
1087 0.6903971490797015
1090 0.6704139934015638
1091 0.643115878982502
1092 0.6431159641855414
1093 0.6093982062020533
1094 0.6093981803186193
1097 0.5276407401714366
1102 0.43710587448396376
1107 0.31551979411869824
1108 0.3155197609634368
1109 0.28563551481127186
1110 0.28563549032085517
1111 0.26350479743886823
1112 0.26350475512819743
1114 0.25450801586021465
1117 0.246487461828486
1118 0.24648745871834707
1121 0.2524046010057361
1122 0.2524046001270432
1124 0.2606528832411511
1125 0.2723636292972317
1126 0.2723636270406878
1129 0.3053729753758356
1130 0.3053729727676903
1132 0.3230648940153418
1134 0.31032103523624655
1135 0.31032103514856746
1136 0.31544707507054237
1137 0.3154470753123606
1138 0.320747465247742
1139 0.3207474649843087
1143 0.3231071355302112
1144 0.3218281342596899
1145 0.3218281342614913
1146 0.3229155954200128
1147 0.32291559541798287
1148 0.3238629443154029
1150 0.32386294433686363
1152 0.323133899964794
1153 0.32313389990192193
1154 0.32335247468303646
1158 0.32386294416480654
1159 0.32386287552915854
1160 0.32386294389436143
1161 0.32386286193801134
1167 0.32383428857943425
1168 0.32386294435594837
1172 0.32373975303103514
1174 0.32367864835603305
1175 0.32367864835862076
1176 0.32308406075332546
1179 0.3225197117222872
1180 0.3219856080220506
1181 0.32198560735513654
1185 0.31937797336374824
1186 0.318064929038385
1187 0.31806495024565423
1188 0.3175412881620519
1189 0.31754133935862555
1190 0.31780481388555293
1193 0.3188521731987755
1197 0.3277519398359671
1198 0.33529302701437846
1199 0.3352929489246981
1200 0.333846567112933
1202 0.3413266582727886
1204 0.35017154063387734
1206 0.36035843897410247
1207 0.3603584416896525
1208 0.3718631922172574
1209 0.3718631935052571
1212 0.4068090115917796
1213 0.4068090152893635
1215 0.43185380583063604
1217 0.4596933227269821
1218 0.4902266583490742
1219 0.49022665134466364
1220 0.5233556314232808
1221 0.5233556271589778
1226 0.6501972006505551
1228 0.7072071984177659
1229 0.7072071828211112
1231 0.7679686250485954
1235 0.8907528027464218
1238 0.8491298556441647
1240 0.8660577095749873
1242 0.8832192371829901
1243 0.8903269092532681
1245 0.8903269092530287
1246 0.8904394346087078
1248 0.8866796927974845
1249 0.8866796927984729
1250 0.8901495579470795
1252 0.8908152264207786
1258 0.8909434765265303
1261 0.8909647080157846
1264 0.8909253114482324
1265 0.8909253113885138
1267 0.8908859056059482
1269 0.8908464897384494
1272 0.8904120020237855
1273 0.8904119834490541
1275 0.8900147609412588
1276 0.8896144651481022
1277 0.8896144714847218
1280 0.8877249246187326
1282 0.8881452531797722
1283 0.8881453135042411
1285 0.8870333527778397
1286 0.8858601923115426
1290 0.8832764733315025
1291 0.8832764697307253
1292 0.8803328404481435
1294 0.8769116211899476
1295 0.8769116107795124
1296 0.8729339487106664
1297 0.8729339976212882
1302 0.8570046892458771
1303 0.8570046933586284
1305 0.8462907188943831
1306 0.8336308768044886
1307 0.833630878321977
1309 0.8189426310177718
1311 0.8021830487405366
1313 0.7833471094633119
1315 0.762465995985697
1321 0.6779289110857408
1322 0.6437088377987502
1323 0.6437088315403358
1324 0.6076514289046633
1325 0.6076514258408696
1326 0.5701259888353274
1328 0.5315393848919859
1329 0.531539392260201
1332 0.4400675964204098
1333 0.4400676359666876
1335 0.3886487553816998
1336 0.3392214992548025
1337 0.3392214958170304
1338 0.2929267289942529
1339 0.2929267159243101
1340 0.25086731194531275
1342 0.21407882625246027
1344 0.183501578222712
1345 0.18350157524295954
1346 0.1599546864602056
1347 0.15995468457729373
1348 0.14471901377967306
1350 0.13687299334785397
1351 0.1368729822669641
1355 0.1443726829885553
1359 0.1621815023871168
1361 0.16489871662939162
1363 0.17043589442002566
1364 0.17043589553320826
1365 0.17316011707575116
1367 0.17316011707548204
1368 0.17314099084720955
1369 0.17159950805739327
1372 0.17278174386162848
1373 0.17398255721659123
1374 0.17398255718173788
1377 0.17316011618581237
1380 0.1731557676807457
1381 0.1749182369306938
1383 0.17520190112188
1384 0.17522647298932612
1387 0.17525106703499005
1388 0.17522799212045842
1390 0.1751837040061169
1391 0.17518371174317593
1392 0.1751394221276411
1393 0.17513942986481001
1394 0.17505088158274823
1396 0.17496236425057507
1398 0.17487387786950015
1399 0.1748738778699391
1401 0.1739907165437122
1403 0.17311065125377123
1404 0.17223368284272014
1405 0.17223368283149706
1407 0.17135981208236778
1408 0.16279163968935817
1409 0.16279163433920132
1410 0.15453391115857615
1411 0.1545339124253305
1413 0.1465870095588262
1414 0.13895102588252714
1415 0.13895102696014386
1416 0.13162580316851014
1417 0.1316258043074389
1418 0.11249385880728925
1419 0.11249389094457202
1422 0.08165211398094174
1423 0.08165208327965388
1424 0.08440067674668401
1425 0.08440066108376394
1426 0.07446620202860374
1427 0.07446621322224435
1430 0.05900763162151162
1431 0.059007636070023836
1432 0.05340543443027158
1433 0.05340543776679184
1434 0.04916073307611699
1435 0.04916073613425488
1436 0.04520443828649791
1438 0.04403785320809372
1439 0.04403786021356181
1440 0.04544314100794605
1441 0.04544311285479489
1442 0.049183652029761035
1443 0.04918363789296799
1444 0.05500645593720558
1446 0.0626444385747136
1447 0.06264443124404255
1448 0.0718186126370066
1450 0.08085207798323868
1452 0.09063876941972651
1454 0.10097881534174175
1458 0.12250839367117476
1459 0.12250839161927946
1460 0.13328981141815105
1461 0.13328980960589026
1462 0.1438099903922384
1463 0.14380998870481662
1464 0.22867899720023083
1466 0.2256557893955689
1468 0.1537044121401875
1469 0.1537058545789513
1470 0.15376880020126385
1472 0.14477932776181765
1473 0.1447793277589631
1474 0.14574438185454722
1475 0.14574438186187
1476 0.14670498228329074
1477 0.14670498227691703
1478 0.14864123942322116
1479 0.14863853525602766
1480 0.14864123942317053
1481 0.14863833055815695
1482 0.14689655307262312
1483 0.14689655307266763
1484 0.14708793762520486
1486 0.14727913458618544
1487 0.1472791345862758
1488 0.14761379050469525
1491 0.14864034764440875
1492 0.14829834740442616
1494 0.14775066117021118
1497 0.14788757403120278
1498 0.14802446068058828
1499 0.14802446068482686
1500 0.14829812919471838
1501 0.14829812920177288
1503 0.1485716580599505
1504 0.14884504732568538
1505 0.14884504732566772
1507 0.1491182970665866
1508 0.15184313549417663
1509 0.1518431354548651
1512 0.1572512442810731
1513 0.15725124410368566
1514 0.15993464805175742
1515 0.15993464787548833
1519 0.20421885130392242
1520 0.22492880698555295
1523 0.24473445399359203
1524 0.2636706225191016
1526 0.29489442617188216
1527 0.29489463446952535
1528 0.3237105336330989
1529 0.32371058244450457
1533 0.374711463899859
1534 0.39715987714041306
1535 0.3971598364033853
1536 0.41772980103351004
1537 0.41772976184884036
1538 0.44668167021243826
1539 0.4466815201904684
1540 0.47156165267832084
1542 0.4926918681263243
1543 0.4926922273328165
1545 0.5103580137936672
1546 0.5248119282859923
1547 0.5248119708499254
1548 0.536282150006944
1550 0.5449771314436294
1551 0.5449771541081556
1552 0.5521167996234008
1553 0.5521168590604209
1554 0.5557297587104062
1555 0.5557298765219474
1556 0.556131095219112
1559 0.5536263561072288
1560 0.5485168202673847
1561 0.5485168886157665
1564 0.5316907857128265
1566 0.5175900299091566
1568 0.5014541575584116
1569 0.5014542598381789
1570 0.4838974308334475
1571 0.4838972836386814
1572 0.4655361521787729
1573 0.46553605034552553
1575 0.44698325757761265
1578 0.4116805017448884
1579 0.41168051438991476
1580 0.3960525081659332
1582 0.3861923962307829
1583 0.38619239357754676
1585 0.37751200680408553
1586 0.37015723384632665
1587 0.3701572361484372
1589 0.3642567897500863
1591 0.3599206206054994
1592 0.3572385269286282
1594 0.35627899198416946
1595 0.3562790009807468
1596 0.3570881546064135
1599 0.3596891140062089
1600 0.3640814163937206
1601 0.3640814218217114
1602 0.3702409111493531
1603 0.37024091536856707
1604 0.3781197614344584
1605 0.37811976443301687
1607 0.3876468407051663
1609 0.4017206524217627
1611 0.41798902730833204
1612 0.4361727936177118
1613 0.4361727828791135
1615 0.45594854276435426
1618 0.4987970565086305
1619 0.4987970249771083
1622 0.5473499817059898
1625 0.5728852101008785
1626 0.5969347662364355
1629 0.6187947139209575
1630 0.6378063388776719
1631 0.6378063435306668
1632 0.6533760922721271
1633 0.6533760883943226
1634 0.6649933609649881
1635 0.6649933673852853
1636 0.6722467850269587
1638 0.674841571501606
1639 0.674841585845032
1640 0.6722619707641371
1641 0.6722619964057521
1642 0.6644677537901514
1645 0.6515737332285263
1646 0.6338497420865981
1647 0.6338497801798191
1649 0.6117164670805696
1650 0.5857357620415662
1652 0.556597641222723
1653 0.5565976850787961
1654 0.5312034984148882
1655 0.5312035189576895
1658 0.47767242914476316
1659 0.47767244563357775
1660 0.45055644509940546
1662 0.4239119123835191
1663 0.42391192014515194
1664 0.39827091905438955
1665 0.39827092149883814
1667 0.3741555885993927
1669 0.3520677083825718
1670 0.34449624029792436
1671 0.3444962403677547
1672 0.337290656414276
1674 0.33047277293970506
1675 0.33047277313850615
1677 0.3240635160811439
1679 0.3180828556773714
1680 0.3125497477766036
1682 0.3074820760195603
1683 0.30748207608201267
1684 0.301407977772025
1685 0.3014079779831413
1686 0.2962504929300684
1687 0.2962504946824051
1689 0.29204328386249456
1694 0.2853936145700394
1695 0.28539362176161476
1698 0.2887039272301483
1699 0.28870398618485915
1701 0.2945147363936063
1703 0.3030629087951793
1704 0.3142790448881755
1705 0.3142790474566967
1706 0.328058233996623
1707 0.328058237601394
1709 0.34426093600958607
1711 0.365679698215381
1712 0.38976282001222096
1713 0.3897628119246251
1717 0.44441253100397055
1718 0.47411667967494886
1719 0.4741166534955718
1720 0.5047734781526999
1722 0.5358751573443168
1723 0.53587512120063
1724 0.5737060178772344
1725 0.5737059397579366
1727 0.6104492772885329
1728 0.6451436973668484
1729 0.6451437536542037
1731 0.6768601331961476
1732 0.7047256842818165
1733 0.7047256913453598
1734 0.7279477289300816
1735 0.7279477247524415
1736 0.7458354616699703
1737 0.7458354683189202
1739 0.7578198908980253
1741 0.7635716961786345
1742 0.7620918579613647
1744 0.7532627515167689
1745 0.7532627835999326
1751 0.6957242643939533
1752 0.695753842300908
1753 0.7072972419126579
1756 0.7000969111707355
1757 0.6925102835073345
1758 0.6925102872932961
1761 0.6954464750054984
1762 0.6955190615247728
1763 0.6927457725946674
1765 0.6925102873119484
1768 0.6925102873119484
1769 0.6924947350206809
1773 0.6924636229327926
1774 0.6924636214317769
1775 0.6924480646375525
1776 0.6924480631366277
1777 0.6924325048415702
1780 0.6924013807477448
1781 0.6923702521520585
1782 0.692370252152424
1783 0.6923391175552308
1784 0.6923391175555964
1786 0.6922248835418279
1788 0.6922248967633353
1792 0.6922145191685787
1795 0.6922248252627005
1796 0.6922248517103239
1798 0.692286172593457
1800 0.6923473368278419
1802 0.6929503636767291
1803 0.6935377232302535
1804 0.693537723488188
1807 0.6946654296990153
1809 0.6978990591069522
1811 0.7004696233985204
1813 0.7023776904211882
1814 0.7023776591315852
1816 0.7036246205880475
1817 0.7042126359045967
1819 0.7036183085847173
1820 0.7036182459497238
1822 0.7009160717991502
1825 0.6971204178177611
1828 0.6919287962653213
1833 0.6682032835041877
1835 0.6576633170822117
1838 0.6389126900122727
1839 0.6172502182841879
1840 0.6172502152306677
1843 0.5656552328038015
1846 0.5359584222371178
1847 0.5038164590440894
1849 0.46933968838718426
1850 0.46933969190823166
1852 0.42087259983443137
1853 0.36879022501988773
1855 0.31326345703013353
1857 0.2544196915342771
1858 0.2544197026665836
1860 0.1923353287703471
1862 0.1270284185788943
1863 0.05845175902961134
1864 0.05845175625322594
1866 0.07634138743060732
1867 0.0768514051102144
1868 0.06209215163413497
1871 0.062092151634139385
1873 0.06176374075142708
1874 0.05828748095295619
1876 0.05845175478354064
1878 0.05801169009656636
1879 0.05845175478354064
1883 0.05836376439947733
1885 0.058319767217261634
1886 0.058275770035008154
1887 0.05827576870821923
1889 0.05823176887231083
1890 0.05814376654672249
1892 0.058055758913399626
1895 0.05796774597176395
1896 0.05769448761969375
1898 0.05769448746147543
1900 0.05779170416409141
1902 0.05761564111976282
1903 0.05761564111852535
1904 0.05762693288925921
1908 0.05770294746486083
1909 0.05770294747840921
1910 0.057740961899382486
1911 0.05774096191292246
1914 0.05850022220403938
1915 0.05850022158759232
1917 0.05887915827173155
1919 0.05925766848008931
1923 0.06677825479560656
1924 0.0705416121750194
1925 0.07054164823439314
1926 0.07433846116477147
1928 0.07819064028709542
1930 0.08526767677512134
1932 0.09269426027540435
1933 0.0926942755938445
1934 0.10056643680745436
1935 0.10056634285168535
1936 0.10896849740701485
1937 0.10896848131243587
1938 0.11797412956657993
1939 0.11797412136239817
1942 0.14346060600988333
1944 0.16101283773926758
1945 0.16101282748418114
1946 0.18038873162512847
1948 0.20162956277008032
1951 0.2247338238298804
1952 0.2496600601628321
1956 0.3110394692078927
1957 0.31103948353880745
1959 0.3479001131053058
1960 0.3865778745769546
1962 0.4266838521757457
1963 0.4266838571961643
1964 0.4677818783203277
1966 0.5093971241168854
1968 0.5510248887319821
1970 0.6032755065118638
1971 0.603275460853066
1972 0.6535778447454733
1973 0.6535777744866641
1975 0.7008179655652013
1976 0.7439123328202669
1977 0.7439123485626179
1982 0.8385452813760131
1984 0.8558217982562591
1985 0.8558218023538152
1986 0.8644740381990748
1988 0.8661251909522936
1989 0.8661251996108614
1992 0.8479818681371434
1993 0.8479818812695091
1994 0.8283020709760485
1995 0.8283020828858313
1996 0.8640572966817178
1997 0.8653790487521649
1999 0.8371890238088474
2000 0.8372680568842904
2001 0.8372698103404912
2004 0.828895941831468
2005 0.8288980053390494
2006 0.8283020833939557
2007 0.8281864889052065
2008 0.8281863194194872
2010 0.8282905239450807
2011 0.8282905222502236
2012 0.8282789611065738
2017 0.8282558286506684
2020 0.8282211214937837
2021 0.8282211214938668
2022 0.828197975481127
2024 0.8281748226906116
2028 0.8278482392248449
2030 0.8282769197618213
2031 0.8282770281494255
2033 0.8281584729991271
2035 0.8284683158778549
2036 0.8284049364183328
2039 0.8286510826110908
2040 0.8288970386618301
2041 0.8288970386625731
2042 0.8291427625162899
2043 0.829142762516345
2044 0.8296335135690552
2045 0.8296335135695707
2049 0.8306122285702467
2050 0.8311001922432557
2051 0.8311001922442774
2052 0.8359286910320698
2053 0.8359286915198574
2054 0.8406641336496565
2055 0.8406641335595404
2058 0.8498554896873819
2062 0.8781133029194943
2067 0.9165451658230582
2068 0.9132047826357514
2069 0.9132047824801026
2071 0.9256622970828045
2077 0.9520539011177165
2079 0.9573754212304987
2080 0.9623537612063136
2081 0.9623537416795788
2082 0.963902621153563
2083 0.9639026073098561
2086 0.9631818589560235
2088 0.9604797608626141
2089 0.9604797607528636
2091 0.9559656387132703
2094 0.9423635723649194
2096 0.9337287567552517
2097 0.9337287606724608
2098 0.9241852258934463
2100 0.9139750027073996
2102 0.9033438271311375
2103 0.903343830558757
2106 0.8511817033343262
2107 0.8520065306701099
2111 0.8777538454883442
2112 0.877753842538078
2113 0.8736311124501155
2114 0.8736311171058414
2115 0.8511816912265424
2116 0.8513879009045006
2117 0.851383756794753
2128 0.8736229491566413
2130 0.8736147815840178
2131 0.8736066140115191
2132 0.8736066143414865
2133 0.8735984470990801
2134 0.8735984474291726
2135 0.8735902805169836
2137 0.873573948344067
2139 0.8735576171631774
2140 0.8735576171636776
2142 0.8735412873064069
2143 0.8733780617131554
2144 0.87337806173398
2145 0.8725625820800955
2146 0.8725629679905068
2147 0.8725625819545046
2148 0.8725630452355437
2150 0.8733290129350001
2151 0.8731373839130498
2152 0.873137404158878
2153 0.8729458597551631
2155 0.8725629640089771
2158 0.8721803253778126
2160 0.8717979438725372
2165 0.8604451988648381
2167 0.8567115483395716
2168 0.8567115489387046
2169 0.8310365084448729
2170 0.8310366075035606
2171 0.8065551562461705
2172 0.806555088861549
2173 0.7832145848101993
2174 0.7832144209101338
2175 0.7609651885972282
2176 0.7609651175074249
2178 0.7397606418481303
2180 0.7078261497861441
2182 0.6783006859588061
2184 0.6510330305205457
2185 0.6258860573649153
2189 0.5814685144790188
2191 0.552279341869549
2194 0.5269507753451844
2195 0.5051947327278611
2196 0.5051944196052905
2197 0.4867573810941935
2198 0.4867572423013043
2199 0.4714144323488319
2200 0.471414396337616
2201 0.45896389702672397
2202 0.45896385632192505
2203 0.44922151915525926
2205 0.44057433034296106
2206 0.4405742758197297
2208 0.4356011525815793
2219 0.46952577848478333
2220 0.46952567817218466
2221 0.48587251591878283
2222 0.4858724127857452
2223 0.5039961797624057
2224 0.5039963266781061
2226 0.5232657550168144
2227 0.5430450329481837
2229 0.5627034036437613
2231 0.5816252817538956
2232 0.5816252664503968
2234 0.5992214710317382
2237 0.6163009951230052
2242 0.630485058032905
2244 0.6363116843682802
2245 0.6412115445930919
2246 0.6412115428899485
2247 0.6451309882773656
2249 0.6480238597837261
2250 0.6480238582540517
2253 0.6505849135821821
2254 0.6505849122130646
2255 0.6502013570083615
2256 0.6502013557720592
2258 0.6486882401953012
2260 0.6460414455635295
2261 0.6422657868170716
2262 0.6422657860421486
2263 0.6373750435265938
2266 0.6313919328959877
2267 0.619565522864405
2269 0.6051777819361945
2272 0.5884616373109822
2274 0.5697014282108005
2276 0.5492280321563566
2278 0.5274130589071185
2280 0.5046621230354554
2281 0.4768559536403238
2282 0.4768560223522536
2284 0.44910140714883345
2286 0.4221843125271401
2288 0.396884869889738
2289 0.3739550062598155
2292 0.35409640127711844
2293 0.33793939542590584
2295 0.3260235121896865
2297 0.3187800862336844
2298 0.3187800775830446
2299 0.3165176260283762
2300 0.3165176086821022
2301 0.3194102845736753
2302 0.31941026445117554
2303 0.32983301472510024
2308 0.37219063040579714
2310 0.4027456500951015
2312 0.43816265666410364
2313 0.47710065157137194
2314 0.47710065155011855
2315 0.5180363322951517
2316 0.5180363390786373
2317 0.5593225236546476
2318 0.5593225425603938
2320 0.5992532691961887
2321 0.6314271460941879
2322 0.631427167263301
2323 0.6602570548465403
2324 0.660257044163187
2325 0.6847677388930895
2327 0.7040960265628811
2328 0.7040960183185672
2329 0.7175197179545288
2330 0.7175197433554589
2332 0.7244839321311821
2335 0.7177703807363456
2336 0.7177703770219526
2338 0.7039807278725758
2340 0.7001073333211487
2341 0.6959251264578739
2342 0.6959251267415975
2343 0.6914386222669475
2344 0.6914386217361912
2347 0.6815730787426479
2349 0.6762053604455984
2355 0.6457054873360059
2358 0.6246740697271955
2359 0.601770190539665
2360 0.6017701949583913
2361 0.5772535182849328
2362 0.5772535251026669
2363 0.5514077527022613
2365 0.5245374293299443
2367 0.4969644063732215
2370 0.46567084165385886
2371 0.434401649749496
2373 0.40364918300041713
2374 0.40364921656433145
2376 0.37390569197258544
2378 0.345655600744466
2379 0.3193678822754011
2380 0.3193679219871294
2382 0.2954884913263179
2383 0.2702405086205824
2386 0.24985947581313014
2387 0.23491990934247992
2388 0.2349198237289585
2389 0.22588061906817603
2390 0.22588055273453678
2392 0.22307179044987388
2395 0.23676349224066154
2398 0.2532028236913052
2400 0.27574597188446465
2401 0.2805190446688951
2402 0.2799712449689565
2403 0.2799178449386922
2404 0.2822912366183145
2405 0.2822912362501658
2412 0.2850075583119512
2413 0.2850075582669131
2414 0.2863865092397463
2415 0.28638650927516707
2416 0.28777923224443186
2417 0.2877792322350503
2419 0.2882925862426563
2421 0.28829249920639
2422 0.2880594235699236
2424 0.28834016256002193
2426 0.28862144866230866
2428 0.28847939411981566
2429 0.2884792634956006
2430 0.28847939400802824
2432 0.28862876441020774
2437 0.2885539396487243
2438 0.2884792504408737
2439 0.2884792504422718
2441 0.28840469317007655
2442 0.28833026783397225
2443 0.2883302678358052
2444 0.28759327178729577
2445 0.2875932718347008
2446 0.2868694736101021
2448 0.2861588757685893
2449 0.28615887562258996
2450 0.28546148136906
2451 0.28546148122305876
2454 0.2770501068036721
2455 0.27705011675573543
2458 0.2712510814057612
2459 0.2712510908388541
2463 0.2674829281780002
2468 0.26956040863511443
2469 0.2695603724873642
2470 0.2727297800131839
2472 0.27725481528604357
2473 0.2772548128601411
2474 0.28311015975513204
2477 0.2902682946985841
2479 0.29869960713149607
2480 0.3140564667531738
2481 0.314056471458771
2482 0.33222179859015294
2483 0.33222180174416394
2484 0.3530686053380196
2485 0.35306858922663004
2486 0.37646558895177556
2487 0.376465580769677
2489 0.40227945173529106
2490 0.4303769869126324
2495 0.5040674735707559
2496 0.5508254464535504
2497 0.5508254222048324
2498 0.600648468565202
2499 0.6006484500246727
2500 0.6533204943275449
2501 0.6533204788048794
2502 0.708669568755298
2506 0.8269745034101497
2507 0.8269745022418686
2510 0.9973949295608242
2512 0.95790262447383
2514 0.9641691162910893
2515 0.9918824949057313
2517 0.9922426568935401
2521 0.9992534238527674
2522 0.9992610694607271
2523 0.9973949659265958
2524 0.9978440486749939
2526 0.9973949659265958
2527 0.9974398742014354
2528 0.9974398754228293
2533 0.9975746100195778
2534 0.9975746112411743
2538 0.9977093568333022
2539 0.9977991929297378
2540 0.9977991929300084
2541 0.9978890339144505
2542 0.997889033914721
2545 0.9996868809330215
2547 0.9997604555823305
2549 0.9997604556950962
2550 0.999761142187578
2551 0.9998667733383177
2552 0.9998667733394272
2553 0.9999691878363167
2554 0.999969200717192
2557 0.9998129392690526
2559 0.9997261191457517
2560 0.9997260958403755
2563 0.9995525151450713
2564 0.9995525151450881
2567 0.9978209907382225
2568 0.9978209908506985
2574 0.9884757716549305
2577 0.9735309286144861
2578 0.973530869097171
2580 0.9661467994581064
2582 0.9587843967170709
2584 0.9455993619651429
2585 0.9322685033109394
2586 0.9322684753381633
2587 0.9186741494133978
2589 0.9047151066949755
2591 0.8903041026487553
2592 0.8903041180220702
2594 0.8753686739922593
2596 0.8521137447093299
2597 0.8274359471844994
2599 0.801253433359595
2600 0.8012533188336656
2601 0.7735383797365388
2602 0.7735383281971744
2604 0.7443140433063232
2605 0.7136501343588693
2606 0.7136501124440711
2610 0.6399190975575121
2611 0.5967068207595212
2614 0.5524681074702327
2615 0.507709748626837
2616 0.507709742284687
2617 0.46298591900219715
2619 0.41888546943906835
2622 0.37601882744094833
2623 0.327252047608639
2624 0.3272521078043841
2625 0.28218120415737163
2626 0.28218127003898813
2628 0.24181493802947504
2630 0.20709358286974444
2631 0.17886237002776081
2634 0.15784626225628415
2639 0.14397076137243395
2640 0.1439707391320447
2641 0.15873948027200846
2643 0.17020940698323367
2644 0.16986104264902682
2646 0.16404150218611324
2650 0.17653741161174577
2654 0.17020939060384113
2657 0.17792390178010023
2658 0.1775423941955372
2662 0.17820415643929866
2663 0.17820415643772367
2664 0.17848539497640203
2666 0.1785488091152536
2667 0.17854873460182918
2668 0.17854880881349788
2670 0.17854176069739996
2671 0.17854176069617134
2672 0.17859816574488377
2673 0.17859816574246398
2675 0.178654610110196
2679 0.17834683905400903
2682 0.1779434485463738
2683 0.17794344854782862
2684 0.17593640243273023
2685 0.17593640236177122
2686 0.17394587458579358
2687 0.17394587430457586
2690 0.1700144102888079
2692 0.1575007901839176
2693 0.15750074536769773
2694 0.14571025915554167
2695 0.14571027298757705
2703 0.09901904464971908
2704 0.08568780670605705
2706 0.07462934521446651
2707 0.07462928553631656
2708 0.0770808774214079
2709 0.07708085086731961
2710 0.06975980460420891
2713 0.06369423975816262
2716 0.05518776863024592
2717 0.055187770390545024
2719 0.05266688950524535
2720 0.050941680475991354
2721 0.050941684802036466
2723 0.051395812174459786
2724 0.05386449607386943
2725 0.053864482886784
2726 0.058171400928273144
2727 0.058171394429490236
2731 0.07154534269524093
2732 0.08021445337856363
2733 0.08021444998645412
2734 0.09158907506367243
2736 0.10403917586953362
2737 0.10403916611246038
2739 0.11722232449692636
2740 0.1307921661121013
2741 0.13079215832686195
2742 0.14440055107489702
2743 0.14440054418891632
2745 0.15769966576550698
2747 0.18963577064951587
2748 0.1896755214165955
2749 0.16093554444204278
2752 0.164125100782421
2753 0.17467486148407924
2754 0.1746131215327581
2755 0.17467486148482542
2756 0.17460961210313644
2759 0.16538675345621476
2760 0.16538675346212137
2761 0.1683753914040534
2762 0.16837091974223156
2763 0.1683753913895367
2764 0.16837042290062126
2766 0.16584764762120002
2768 0.16539932750768654
2769 0.16539932664667015
2770 0.16541189983054888
2771 0.16541189896919115
2772 0.16542447129137047
2773 0.1654244704296707
2775 0.1654682898139208
2776 0.16553154804554204
2778 0.16565802507829488
2779 0.16565802508011285
2780 0.16578447846068997
2781 0.1657844784643261
2785 0.16717338634008205
2786 0.16843272763430134
2788 0.16968893093732332
2789 0.16968893092831355
2790 0.1709420039219417
2793 0.183302129039812
2798 0.2185781341626099
2799 0.21857813647295785
2800 0.2297575616236083
2801 0.22975756389728172
2802 0.263851053131227
2804 0.29525342571910745
2805 0.2952535166425683
2807 0.3241430352208443
2808 0.3506819206026403
2810 0.3750174839198932
2812 0.39728425253743804
2813 0.3972842062971528
2814 0.42911253517147097
2815 0.4291123408365979
2816 0.45634232288855164
2817 0.45634208263424775
2818 0.47937029425257155
2822 0.49220780793741137
2823 0.49220773245457294
2825 0.5063383545753529
2826 0.5181550594507314
2828 0.5278062244168874
2829 0.5278062306882035
2830 0.5354293163366812
2832 0.5411529972618665
2834 0.5463525561250215
2835 0.546352593419734
2836 0.5481136985146924
2838 0.5467800621926096
2840 0.5426852780889045
2842 0.5361582278941632
2843 0.5361583045031882
2844 0.5275263223486802
2846 0.5171175359326412
2847 0.5171175962047149
2848 0.5026795286995777
2849 0.5026796292294979
2850 0.4867182512920532
2851 0.4867183320792002
2852 0.4698126322688242
2853 0.469812501312082
2854 0.4525358316456556
2855 0.45253574590545925
2861 0.40398879190358417
2863 0.3906024456832224
2865 0.37936570139921577
2866 0.37065106366629863
2867 0.37065105887971006
2868 0.3647670007932963
2869 0.3647669884463532
2870 0.36180603716497206
2871 0.3618060244148413
2872 0.3631121613391569
2874 0.36877635017298843
2875 0.3687763539623076
2877 0.3787434450883146
2880 0.4106372313414454
2881 0.41063723456171564
2883 0.4317424539360595
2884 0.45552933678955054
2885 0.45552933622019365
2886 0.481296434084486
2889 0.5010118926556271
2891 0.52104154755852
2892 0.5410427538231042
2893 0.5410427545726387
2894 0.5606671564683638
2895 0.5606671539762039
2896 0.5795666966537881
2897 0.5795666955749876
2898 0.5973997617106638
2900 0.613837261577681
2902 0.6285686409168584
2906 0.6512298323468904
2907 0.6512298308677267
2908 0.6591947590733894
2910 0.6646786301127229
2912 0.6675499281265149
2916 0.6651341381135307
2917 0.6651341204327279
2919 0.660775923538022
2921 0.654453523051748
2922 0.6462137315252188
2925 0.6361266796548971
2926 0.6242853612886614
2927 0.6242853606731635
2929 0.6108048179106975
2934 0.5605282520714264
2935 0.5605282574477987
2936 0.5412042585032047
2937 0.5412042651602962
2939 0.521065521842924
2943 0.4793376570839594
2945 0.4582696781322352
2949 0.39945850887508216
2950 0.37277842164298225
2951 0.3727783816982509
2952 0.34894537051225405
2953 0.34894531815742835
2955 0.32866205603135135
2956 0.3125509724618449
2957 0.3125509753217461
2958 0.30113563633124485
2962 0.2938976072279565
2963 0.2938975923476607
2965 0.2984960228900367
2966 0.30861534306653443
2968 0.32815314665563494
2972 0.3884756212881082
2973 0.38847564671529683
2974 0.4272171091606772
2975 0.4272171518543448
2976 0.4698846824538686
2977 0.46988471277543686
2980 0.5604619687864132
2981 0.5604619853748478
2982 0.6048318790210886
2983 0.6048318986693438
2984 0.6461842091474859
2985 0.6461842274104339
2986 0.6827883494544522
2988 0.713057752927423
2990 0.7356169455012391
2995 0.7510685259351262
2997 0.7534964597445206
2998 0.752252592240115
3005 0.7263580601057589
3006 0.7105651385374446
3010 0.6776748446857064
3012 0.6778069527651854
3013 0.6872167721366627
3014 0.6872167722269573
3015 0.6820042688000668
3017 0.6766190974428095
3019 0.6776748471242595
3020 0.6777054988694796
3024 0.6762846504449517
3025 0.6766190977139491
3027 0.6765096256324443
3028 0.6766190977139491
3029 0.6766081572582447
3030 0.6766081565830003
3033 0.6765862729708341
3034 0.6765862722956527
3036 0.6765753291392858
3038 0.6765643853078321
3039 0.6765424962947834
3041 0.6765206045816089
3042 0.6765206045817355
3043 0.6764987101686567
3049 0.6761730667355527
3050 0.6761731196509271
3053 0.6765619130312134
3054 0.6765619126282402
3056 0.6768658187844753
3057 0.6771616820536889
3059 0.6784881175807297
3060 0.6784881192393246
3062 0.6780497591332159
3063 0.6773458163067565
3065 0.677526691340613
3066 0.6775266914274842
3067 0.6777043069876076
3068 0.6777043069947903
3069 0.6778786627892855
3071 0.6782175945305563
3073 0.6785434858787966
3074 0.6785434858599115
3075 0.6788563361148248
3076 0.6788563360958306
3077 0.6791561449812018
3078 0.6791561449806651
3081 0.6815935178232883
3084 0.6824420729013043
3087 0.6802537304389328
3089 0.6772333871957483
3091 0.6729437693968577
3093 0.6613574883682107
3094 0.6613574719882267
3095 0.6453582596176297
3096 0.645358231815655
3098 0.6250769518482632
3099 0.6006591481956781
3100 0.6006591822752015
3101 0.5722602409226161
3102 0.5722602576213228
3106 0.5041593478960827
3108 0.4647721885659864
3109 0.42202363042279906
3111 0.3760435916655297
3114 0.3093222230549502
3118 0.15963135658529312
3119 0.11185764031258594
3121 0.11032948841660532
3122 0.13941540367730337
3123 0.13941540306277314
3124 0.11886276937774624
3126 0.10976655961707531
3128 0.10962926670311375
3129 0.10976655961613875
3131 0.10962320060457921
3132 0.11471166564832008
3135 0.11054698887364107
3136 0.10916878752340245
3137 0.10916143025682917
3140 0.10971242323167119
3142 0.1090157919710698
3143 0.10901570499466726
3144 0.1090649576349123
3145 0.10906457579123495
3149 0.10902239984107026
3150 0.10902909482834439
3152 0.10903579005859237
3153 0.1090357900609377
3155 0.10904918126573966
3156 0.10906257350101795
3157 0.10906257349709927
3158 0.1090759667917226
3159 0.10907596679171411
3160 0.10908936118704493
3161 0.10908936118703644
3163 0.10922337389806645
3164 0.10935753780101769
3169 0.1096264669982258
3170 0.11099263425581565
3171 0.11099259431407268
3172 0.11242033169981265
3177 0.11559316754564858
3179 0.11739964009002157
3180 0.1205484227285529
3181 0.12054846945877751
3182 0.12422654499387223
3184 0.12851695936859517
3186 0.13349276669201587
3187 0.13349275734643448
3189 0.13921786396561006
3191 0.1457466772139674
3194 0.1699741804471908
3195 0.16997418081703078
3196 0.18506945582127535
3198 0.20220819275070046
3200 0.2213862993992301
3202 0.2425651039724883
3203 0.24256511456067756
3206 0.2982274211809426
3207 0.29822743365974536
3208 0.33353829849385164
3209 0.3335383243783547
3210 0.3712405428843638
3211 0.37124055258813476
3212 0.41090419922485993
3215 0.452043546094606
3216 0.49412648790106034
3219 0.536584362431751
3220 0.5884483773499704
3221 0.5884483207129817
3223 0.6388410459313041
3227 0.7306640850709342
3229 0.7699104871487605
3230 0.8033758613448949
3231 0.8033758475940882
3232 0.8301865644894894
3234 0.849602399488061
3235 0.8496024035233961
3237 0.8604321581325406
3238 0.8641689690629577
3240 0.8606184173658367
3244 0.8315829217293946
3246 0.8517558525492841
3247 0.8527352863259918
3248 0.8528236665780062
3249 0.8259384944435773
3250 0.8259384946968351
3251 0.8330200678264189
3252 0.8330911501022494
3255 0.8247573435527169
3257 0.8268073939221103
3258 0.8268112704224383
3260 0.8268115638625652
3262 0.8251055984029119
3264 0.8247335471531163
3266 0.824762765652983
3267 0.8247627574662741
3269 0.8248056343132646
3272 0.8248913735044057
3273 0.8248913662527694
3274 0.8249770764369635
3276 0.8250627576135128
3277 0.8250627576131135
3283 0.8268553601457279
3284 0.8277044819925219
3285 0.8277044820023802
3286 0.8285507006486151
3287 0.8285507006585052
3288 0.836853062594322
3289 0.836853067295584
3290 0.8448644834632077
3292 0.8525846076604944
3295 0.8600133151772469
3299 0.8865139265687639
3300 0.9033663570808765
3301 0.9033663096469803
3308 0.9336232929603399
3309 0.9336232904541725
3312 0.9464180069755839
3315 0.9507286410322745
3316 0.9547544810224192
3320 0.9545388711574666
3321 0.9545389006398249
3323 0.9507609899596824
3325 0.9448750032848631
3326 0.9371536388128475
3327 0.9371536464932838
3330 0.9188553683940801
3331 0.9188553727069722
3332 0.9090871882116802
3335 0.8987749637185869
3337 0.8881187546846313
3338 0.877320054868948
3339 0.8773200568709402
3341 0.8665809621784789
3344 0.7709271572785807
3346 0.7739648453283542
3347 0.8458214724596129
3349 0.8458883842063034
3350 0.8458214724596161
3353 0.8551343285441739
3357 0.8532092773474683
3359 0.850948049233265
3361 0.850948049233315
3362 0.8509519235618056
3363 0.8530177698633239
3365 0.8528264491570783
3366 0.8528264491570169
3367 0.8526353165835674
3369 0.8519753025702951
3370 0.8519756118984951
3372 0.8519756738395137
3374 0.8525971127642552
3375 0.8525589165296701
3376 0.8525589165350629
3378 0.8523864055113246
3379 0.8521271413436314
3380 0.8521271496498387
3382 0.8518680190213656
3384 0.8516090135713275
3385 0.8490258325614237
3386 0.8490258313924054
3388 0.8464551035484981
3389 0.8438967731946541
3390 0.8438967733367978
3391 0.8413507840465653
3392 0.8413507841883865
3393 0.8165573835444675
3394 0.8165574475088687
3395 0.7929384645148785
3396 0.7929384117690252
3401 0.7286294195228701
3403 0.6982117635439491
3405 0.6701305807585404
3406 0.6701305590426493
3407 0.6442408969224575
3408 0.6442412384001217
3409 0.62041138831159
3410 0.620411447534808
3411 0.5985208006108732
3412 0.5985208392765708
3414 0.5784595906996591
3416 0.5507963597899181
3417 0.5269408719781565
3421 0.4895191170392497
3425 0.4642235985354824
3427 0.45561032879685204
3428 0.4556103101904578
3429 0.4482328587939606
3432 0.44439637787161135
3434 0.4437861568026743
3435 0.4460970910576347
3436 0.4460970126898257
3439 0.4582797173136016
3440 0.4582796603894535
3442 0.4675490550489885
3443 0.481463131178198
3445 0.4974363632826786
3446 0.4974362634020668
3448 0.5148610446381308
3449 0.5331264392705539
3451 0.5516254580663982
3452 0.5516254833269323
3453 0.5697624600077463
3456 0.586963617322964
3459 0.6124533408095388
3460 0.612453343192806
3461 0.6211165266127615
3463 0.6285381780257183
3468 0.639182665753919
3469 0.6422116182431935
3470 0.6422116103300032
3472 0.6436136101920685
3473 0.6433399684412352
3474 0.6433399619489037
3477 0.6376753004614178
3478 0.6376752956001949
3480 0.6322925049053452
3481 0.6252508045619963
3482 0.6252508016803503
3484 0.6166079439339234
3488 0.5887669851949284
3489 0.5718544350956907
3490 0.5718544417768842
3492 0.5533061640758873
3493 0.5334380391075502
3495 0.5125970275991666
3496 0.5125970508900829
3497 0.49115502178582704
3498 0.4911550505648494
3500 0.4647070462699285
3501 0.43867839527618213
3503 0.4138077254149199
3506 0.3908172323208957
3507 0.3703931318613979
3508 0.3703931304528066
3509 0.35316469595953637
3510 0.35316470193006605
3511 0.33968559303797263
3513 0.33041648557965403
3514 0.33041647762814647
3516 0.3260953424319488
3517 0.3252738152629106
3518 0.3252738111895781
3519 0.3280345486523295
3520 0.3280345421208509
3521 0.33438805947617123
3522 0.33438805135958083
3523 0.34427114496264716
3524 0.3442711378734248
3525 0.3575467903876067
3526 0.3575467806054251
3527 0.3740055747317835
3528 0.3740055660628113
3531 0.4108750461213487
3534 0.4298402053002878
3536 0.4500324363946194
3539 0.4930747643865783
3540 0.4930747536042875
3541 0.5153743355355725
3542 0.5153743233663599
3546 0.5692853862358361
3547 0.5995734578881683
3548 0.5995733575093414
3550 0.5944675196623789
3551 0.6183546735387087
3552 0.6183547363035355
3553 0.6404828112167196
3554 0.6404827919293419
3555 0.6604115962721719
3556 0.6604116115202173
3557 0.6777339063340233
3558 0.6777339003149652
3560 0.6920832115653355
3562 0.7031414691309892
3563 0.7106456827810609
3564 0.710645686394937
3567 0.7142495722281106
3568 0.7142495764715654
3569 0.7101461107602918
3570 0.7101461165789954
3571 0.6999641173813366
3572 0.6999641286886317
3573 0.6842029373238964
3574 0.6842029675958419
3575 0.6631648822469438
3577 0.637300155865983
3578 0.6373001897181738
3580 0.6071980962728669
3582 0.57357419700686
3583 0.5372538329942582
3584 0.5372538668536585
3586 0.4991525313393204
3587 0.47282962104914844
3588 0.472829629339475
3590 0.4464573036920246
3591 0.42035839285838006
3592 0.4203584060686266
3593 0.3948571153124921
3595 0.3702750265479171
3597 0.34692710356186174
3599 0.32511774916203945
3600 0.32511776537852194
3601 0.3022449609161626
3605 0.26541843908900004
3606 0.2654184802839899
3607 0.25216856482310623
3611 0.2373712168590871
3612 0.23737125330692602
3613 0.23619782620813395
3614 0.23619785871092933
3615 0.23905783801852637
3617 0.24581135749095276
3618 0.24581137152091462
3619 0.25642087021606275
3620 0.2564208843945641
3621 0.27079142740726825
3624 0.2887710862802178
3626 0.30665616756074127
3628 0.2938067878073009
3632 0.3045014535942103
3633 0.30450145364357956
3634 0.3067226399576792
3635 0.30670602028339966
3636 0.3067226399529341
3637 0.30670507559130844
3638 0.30561567707852216
3640 0.3067379032137202
3641 0.30673790321443717
3642 0.30780513228178324
3643 0.3078050629028488
3647 0.3074022058929193
3649 0.3077239013234771
3652 0.3077969355101095
3653 0.3077888084365839
3654 0.3077888111723235
3657 0.3077725679682765
3659 0.3077644518377828
3662 0.3077482277841596
3666 0.30771580703496315
3667 0.30755435989790453
3670 0.3073940071662891
3671 0.3072347489053556
3673 0.3070765851806343
3675 0.3055551608344377
3676 0.30555516038880837
3677 0.30414324541600585
3679 0.3028408693460186
3680 0.3028408698471447
3681 0.3016480406817035
3682 0.3016480407886551
3683 0.30056474402062927
3684 0.30056474413037104
3685 0.2969090486568501
3686 0.2969090678042015
3691 0.3006595293500418
3694 0.3067183336143382
3701 0.37451638581933394
3703 0.3684777341695447
3704 0.36847770433540633
3708 0.41126630939680187
3711 0.462667273258333
3712 0.4626672697130963
3713 0.49138481572326786
3714 0.4913848143119364
3716 0.5220049598318959
3717 0.5618228380280353
3719 0.6042318724436164
3720 0.6042318664509733
3721 0.6491214833364447
3723 0.6964006255900984
3725 0.7460010115399794
3726 0.7460010091936222
3728 0.7978802475410048
3729 0.8520248503861201
3731 0.9423340795555677
3736 0.9374050489031852
3737 0.9377803992800573
3740 0.9377973703795184
3741 0.937787655628633
3744 0.9423340866466338
3748 0.9423807043788026
3749 0.9423807058676347
3751 0.9423889919779007
3752 0.9423800794643519
3755 0.942371167801449
3756 0.9423622558543439
3758 0.9423444333748654
3759 0.942344433374168
3760 0.9423266117410174
3762 0.9423087912321205
3764 0.9421306475110398
3765 0.9421306474534866
3766 0.9419526131064532
3768 0.94177468560218
3770 0.9415968619934493
3771 0.9415968619962158
3772 0.939823737223815
3773 0.939823738536427
3776 0.9362970183543076
3777 0.936297016912969
3778 0.9345381586836394
3779 0.9345381584149485
3781 0.9327789016145723
3783 0.9261148549422005
3784 0.9192874897507882
3785 0.9192874683141127
3787 0.9121851049691877
3788 0.9047077498518257
3789 0.9047077690652258
3793 0.8882839352893648
3794 0.8731754489667283
3798 0.8372784135817918
3799 0.8372782864709135
3800 0.8162196153316635
3801 0.816219551835872
3802 0.7930088960155705
3803 0.7930088712719647
3805 0.7676581739787042
3807 0.7402317429454777
3808 0.7108425533356588
3809 0.7108425391745066
3816 0.5475762228086037
3817 0.5475762161681226
3818 0.4958811044749484
3819 0.4958811796659272
3820 0.44406691096100986
3821 0.4440669661437104
3822 0.3931465431513337
3825 0.3441586818631625
3827 0.29814028066924436
3829 0.25609969560367774
3831 0.21899033390524814
3832 0.1876857299928753
3834 0.16295633196283615
3835 0.16295633499549061
3838 0.13580097807144556
3839 0.1358009703497742
3840 0.1338784488640086
3841 0.1338784372933458
3842 0.14001423184651093
3845 0.15421474500604565
3847 0.16479261601310402
3849 0.1590092610712575
3851 0.16429392920379401
3853 0.17006376577551727
3854 0.17006376409357446
3855 0.16504686275491703
3858 0.16498042715561181
3859 0.17127546383522715
3860 0.17127546384972478
3861 0.17171732648698299
3862 0.17171634308795364
3864 0.17171626864740377
3865 0.1715201014077915
3866 0.17152010140704893
3868 0.17176550391747794
3870 0.17201167098590198
3871 0.17217243418522507
3872 0.17217240851045848
3874 0.17171702438944922
3876 0.17179927064917502
3877 0.17209774389767243
3879 0.1720230895441361
3881 0.17194846194303975
3882 0.17194846194329574
3884 0.17179927047539817
3885 0.17165016399069705
3888 0.17135220598418366
3889 0.16986751628077007
3891 0.1683913299587804
3892 0.16839132988336558
3893 0.16692365061920028
3894 0.16692365053362346
3895 0.1654644817759801
3896 0.1654644816905404
3900 0.14012946791297443
3901 0.12854630901952147
3902 0.1285463455278223
3903 0.11768511935116457
3905 0.1075432979644287
3906 0.1075433079908066
3907 0.09123515016066946
3911 0.06529594374011712
3913 0.06782315983128813
3914 0.06782313490024822
3916 0.059758108052419004
3917 0.0529428054848712
3918 0.052942803687433745
3919 0.047343276003107074
3920 0.047343278998672175
3922 0.04292179089414629
3923 0.03963697751246862
3924 0.03963697924992169
3926 0.03676190654853806
3927 0.03612843938340128
3929 0.0375635873880596
3931 0.04088161119636582
3935 0.05236885883910335
3938 0.06011625823238243
3941 0.08027646078359933
3944 0.09146743646243691
3945 0.10299489783263081
3946 0.10299489233158644
3947 0.11455225793847731
3949 0.12583209147014973
3950 0.12583208693046163
3953 0.18406960068742043
3954 0.13802261748414396
3955 0.13794804832753596
3957 0.13794380965954864
3960 0.12836862067427882
3962 0.12836862066221572
3964 0.12649334404700388
3966 0.12660334434833762
3969 0.12707750614072866
3970 0.12683603355603454
3972 0.12723990297734528
3973 0.12723985168627278
3974 0.12764343277142712
3976 0.12844973725462128
3982 0.13803673962103996
3983 0.13803677026711847
3984 0.14590235444142086
3985 0.14590231056367986
3986 0.1536570891322379
3987 0.1536570773847457
3989 0.16130257950790153
3990 0.1846226335504605
3991 0.18462244496562316
3992 0.20692295520896822
3993 0.2069230677416906
3997 0.24863120642874717
3998 0.26811536370215244
3999 0.2681154121887572
4002 0.33448160776318386
4004 0.36351445260087867
4005 0.3635138871041894
4007 0.3574392847861388
4008 0.3788269257342009
4009 0.3788270332321717
4010 0.3987245768417338
4011 0.39872451068788034
4013 0.41720493866403013
4014 0.4343357501595444
4015 0.4343357365198394
4016 0.4501791094925423
4017 0.4501790946922661
4019 0.47450892203436906
4022 0.5133316797757637
4023 0.5133318813555755
4027 0.5404568586935268
4029 0.5500876519444162
4031 0.5573107516522589
4032 0.5633385166775476
4033 0.5633385604190473
4035 0.5658634169500255
4036 0.565182840976714
4039 0.5615906089853591
4040 0.5553806608542433
4041 0.5553807256117005
4042 0.5468514770572246
4044 0.5363072951539051
4045 0.5363073468777801
4046 0.5208356906695938
4048 0.5033392103169501
4050 0.48444620454322507
4053 0.464791264072903
4054 0.44500892760128696
4057 0.4257220586448184
4058 0.4075318269656195
4060 0.39100576444892426
4061 0.3910057523060991
4063 0.38042925817246087
4064 0.37116526928763577
4065 0.3711652715647356
4066 0.3633735147905039
4067 0.3633735184083952
4068 0.35719420124860024
4069 0.35719421423544273
4070 0.35274622259115546
4072 0.35012548585409736
4074 0.34940356618719326
4078 0.35381441557092097
4079 0.3538144232246961
4080 0.35896011798008925
4081 0.3589601241573611
4082 0.3660298188813071
4083 0.36602982357444946
4085 0.3749628406392459
4086 0.3856721908598106
4087 0.38567219245300843
4089 0.4008786992388748
4090 0.41828253474048216
4091 0.41828253087493183
4092 0.4375872131670131
4093 0.43758720054904016
4094 0.45845290701256947
4095 0.45845288831822917
4097 0.48050240363544444
4098 0.5033280126825257
4099 0.5033279800958099
4101 0.5264987742497276
4102 0.5538429665549887
4103 0.5538428894784511
4104 0.580288254317462
4106 0.6050857992707172
4108 0.6275159001760396
4110 0.6469078727317189
4111 0.6469078787879267
4112 0.6626601896933023
4113 0.6626601863627901
4115 0.6742586293674067
4117 0.6812923888335267
4119 0.6834225025597831
4120 0.6796341736999761
4121 0.6796342116715205
4122 0.6699105356738854
4123 0.6699105788794465
4124 0.6544272164575224
4126 0.6335513712756629
4127 0.6335514283119662
4128 0.6078342417498322
4130 0.5779976221566893
4131 0.5779976858887071
4132 0.5449144282445804
4135 0.520149545558046
4138 0.4688006196966969
4141 0.4430290014735696
4142 0.41774793305919167
4143 0.41774793958637174
4144 0.39337445668225607
4146 0.3703178325701675
4147 0.3703178364396568
4148 0.34897291094407884
4151 0.34151804329179425
4152 0.33437278147594385
4153 0.33437278131721826
4156 0.32108231299413986
4157 0.32108231294261197
4158 0.3149711239467264
4159 0.3149711240027213
4161 0.3092374903820443
4163 0.3038966300486642
4164 0.29708219179364487
4166 0.2911091375916121
4167 0.29110913886924605
4169 0.2860113362627886
4170 0.2818190546029995
4171 0.28181905931720086
4172 0.27855882203902266
4173 0.2785588270976739
4174 0.27625324670853674
4175 0.27625325205812495
4176 0.2745660251613934
4177 0.27456607578131975
4179 0.27648617786575497
4182 0.27955220318327395
4183 0.27955213483555424
4186 0.2941260833025975
4187 0.29412607960206305
4188 0.30491103502166694
4189 0.3049110388206291
4190 0.3179247762916397
4191 0.317924776364207
4192 0.3330585822376724
4193 0.333058582774678
4194 0.3501796450192806
4196 0.36913213204441697
4197 0.36913213019711316
4198 0.38973855050833595
4200 0.4220605795699652
4201 0.42206056592454244
4203 0.4567619608718519
4206 0.5303330801646073
4208 0.5676062428941061
4209 0.5676062303056177
4211 0.6040996149211746
4215 0.6714393640189886
4216 0.7006996783086215
4217 0.7006996729228343
4221 0.7468304584170691
4223 0.7614024009894927
4224 0.7713253120367048
4227 0.7763290248051665
4229 0.7762309142969075
4230 0.7709409255235111
4232 0.7604649474614433
4237 0.7244660489191355
4238 0.7213319431655867
4240 0.7222190079338939
4241 0.7167904928192289
4242 0.7167904931277855
4245 0.7130646567267628
4246 0.7130948607501323
4247 0.7151978306869622
4250 0.7135862239218105
4253 0.7120144390718991
4256 0.7120170140808869
4257 0.7116274386041683
4260 0.7113650547884409
4261 0.7115832597053129
4263 0.7115773343229508
4265 0.7114076206411432
4266 0.7114076262771745
4268 0.7114501562445215
4269 0.711492643511963
4271 0.7115350880846154
4272 0.7116198491403686
4273 0.7116198491403798
4277 0.711788858872193
4280 0.7127061989551884
4281 0.7127061989669713
4282 0.7135222048478362
4283 0.7135222048457878
4285 0.7143211208928014
4286 0.7151029434092726
4287 0.7151029434083108
4290 0.7225743411428645
4291 0.7225743383525527
4293 0.7275721463513963
4294 0.730867174758166
4295 0.73086717600897
4296 0.7324707303916526
4297 0.732470726205798
4299 0.732398998827086
4300 0.7306727833617411
4301 0.7306727782628193
4302 0.7225232682426262
4303 0.7225232223049999
4304 0.7082773700991052
4305 0.7082772890777199
4306 0.712681077260641
4307 0.7126810447470606
4308 0.6996815872611154
4313 0.6912815241379673
4315 0.6778898805791804
4316 0.6627844252074935
4317 0.6627844166100195
4318 0.6460285127351274
4319 0.6460285161279624
4320 0.6276869928394379
4325 0.5749535232819654
4328 0.5000716609758156
4329 0.5000716735049381
4330 0.4584840418185712
4334 0.36794319206535187
4335 0.3679431993067068
4337 0.31929010457575263
4338 0.2754879435844924
4340 0.2301568493653009
4341 0.2301568489610807
4342 0.1833214742615262
4344 0.13498281554046895
4347 0.0851164902247023
4348 0.03367112934259848
4351 0.006971385771245443
4352 0.007023147828539619
4353 0.020554344420661463
4355 0.007332486292738749
4356 0.0073324864184239665
4357 0.0023451560339217987
4360 0.002273501140644451
4361 0.0046753622196745405
4362 0.0046753622176460286
4366 0.00024630413345795295
4367 0.00024796692836936605
4368 0.0002461193765045365
4370 0.0014811588124141921
4371 0.0009481903557434331
4372 0.0009481902992323787
4373 0.00041504974969211456
4375 0.0002479668174935554
4377 0.0002479666295547037
4378 0.0002470802316447664
4379 0.00020174524854293428
4380 0.00020174524217904044
4381 4.496230317766336e-07
4382 4.472547587635642e-07
4384 8.279136938780748e-05
4385 0.00016511756596407817
4386 0.00016511758680899161
4387 0.000247425869340566
4389 0.00032971632015667377
4390 0.0003297163409881021
4392 0.0004942438374840877
4395 0.0008230864439451041
4396 0.000823086443782034
4400 0.0026267690729930384
4401 0.004259473530654236
4402 0.004259473546209404
4403 0.005885840986011546
4405 0.007506193148270343
4406 0.007506193157588143
4409 0.020942477005379528
4411 0.03258858896694513
4413 0.04416937979761458
4414 0.04416934578682239
4416 0.05578419699357512
4417 0.06752242944739274
4418 0.06752241871282254
4419 0.07946350184599069
4421 0.10347701988754833
4422 0.10347693933953454
4423 0.12892892188089253
4424 0.1289287869754962
4426 0.15611860104766084
4429 0.21637327641847864
4430 0.21637333861507455
4431 0.24952588856505256
4433 0.2846080720917602
4434 0.28460810534139497
4438 0.35984139571668644
4439 0.3994701913242151
4440 0.39947020646949055
4442 0.4511874641364599
4443 0.5035532295181474
4444 0.5035532326357559
4446 0.5556716835057256
4448 0.6065884890608956
4449 0.655319204536442
4450 0.6553191682752821
4453 0.742302415009415
4455 0.7786858660992665
4456 0.7786858505642751
4458 0.8091965451666577
4459 0.8331038182579016
4460 0.8331038205893283
4461 0.8497983095630923
4464 0.8594286916733075
4465 0.858675879837524
4469 0.8256406190644912
4470 0.8256406734965278
4471 0.857931548256461
4472 0.859592053947871
4475 0.8259850720183384
4477 0.8259376381371251
4479 0.8242867183869257
4480 0.8242867184053374
4481 0.8229077584277449
4483 0.8215038706912042
4485 0.8234546467782955
4486 0.8234594874598083
4487 0.8234546467775785
4488 0.8234598538865263
4490 0.8214376893256387
4493 0.8214755342366039
4494 0.8214471977696696
4497 0.8214188314835164
4498 0.8213904751381294
4501 0.8213620889772171
4502 0.8213053166584723
4505 0.8213868102564648
4506 0.8214883746254174
4507 0.8214883762766163
4508 0.8217266755091241
4509 0.8217266755027257
4510 0.8219647447654407
4514 0.8245683238245933
4515 0.8245683235780008
4517 0.8269110458094882
4518 0.8292307348454446
4519 0.8292307354609357
4520 0.8315273782077524
4528 0.8749953179309026
4529 0.8749953104335737
4531 0.884226632590446
4532 0.9004395857890936
4534 0.9141975771652153
4535 0.9141975257550898
4536 0.9255531908182901
4537 0.9255532533147018
4538 0.9229132446585305
4539 0.9229132712721192
4540 0.9303124302202138
4541 0.9303124122329764
4543 0.9364265957421708
4544 0.9412916160609239
4547 0.9449471723547199
4549 0.9474367026341388
4551 0.9490658248688288
4555 0.946043767040022
4556 0.9417281748239688
4557 0.9417281810344635
4561 0.9284029315624949
4563 0.9197841759557164
4565 0.9082744833163452
4566 0.8956682777234491
4568 0.8823199100046767
4570 0.8685877967473248
4572 0.8548321158587673
4573 0.8548321232971486
4576 0.8048032785713619
4577 0.805608125299509
4579 0.8381522578488602
4580 0.8381522579531778
4581 0.8349408011287404
4583 0.8205518473467477
4584 0.8206464737501747
4585 0.8205518473459346
4587 0.8332803076403187
4588 0.8332822702088256
4591 0.8348771196147847
4593 0.8349344305351896
4594 0.8349344307530177
4595 0.8349280606705798
4596 0.8349280608884517
4597 0.8349216910239304
4598 0.8349216912418466
4600 0.8349153218132457
4603 0.8348962146177312
4604 0.8348962146178195
4605 0.8348834775052734
4606 0.8348834775054497
4607 0.8348707412658062
4608 0.8348707412659829
4610 0.834743426956941
4611 0.8346162003358416
4612 0.8346162003284574
4613 0.8342075515987477
4614 0.8342076714296933
4615 0.833568681018985
4616 0.8335686592721642
4619 0.8329518689277188
4620 0.8329517783623316
4621 0.8323356473027311
4624 0.8317202700302032
4625 0.8311056411105996
4626 0.8311056411110709
4629 0.8286546076338992
4630 0.8286546076421305
4631 0.8274335684642132
4632 0.827433568472418
4633 0.8262155054080079
4634 0.8262155054161886
4635 0.8141970991925241
4636 0.8141971029992502
4638 0.8024690930468269
4641 0.7798589312067429
4642 0.7798589291539434
4644 0.7689645669411997
4645 0.7348839200122841
4646 0.7348838316093919
4648 0.7035013981303749
4651 0.6481312897124218
4654 0.6238329423014946
4655 0.6016079802056898
4656 0.6016080269892194
4657 0.5699603682070726
4659 0.5428896792081395
4660 0.5428899169637713
4662 0.5200014893618441
4666 0.5072184171729504
4667 0.4931753716541345
4670 0.481440450936254
4671 0.471865943129529
4673 0.46431466638713403
4674 0.46431464999795885
4676 0.4586582376464412
4678 0.45354828469720426
4679 0.4518698462235297
4680 0.45186973368139566
4682 0.45327912349025
4686 0.4640311527963696
4688 0.47271704685135635
4692 0.4976534475363628
4694 0.5136456870983057
4695 0.5305695258923534
4696 0.5305696566329083
4697 0.5478515262356614
4698 0.5478516118423723
4699 0.5649298884289359
4700 0.5649299135459558
4701 0.581262950311855
4704 0.5963380503629641
4705 0.609680482765105
4708 0.6208629108875315
4710 0.6295140311374706
4711 0.6353268427552226
4712 0.6353268551361857
4716 0.6367969513612258
4719 0.6209656618788257
4720 0.6209656450957006
4721 0.6068001327893494
4723 0.5888840480331694
4724 0.5888840448076766
4725 0.5676984952881218
4727 0.5438449612214623
4729 0.518028007005484
4730 0.5180280038267135
4731 0.4981335600953069
4732 0.49813355963245226
4734 0.4779342880407235
4735 0.457781687287608
4738 0.43803284343523985
4739 0.41904415767261693
4740 0.4190441588349125
4741 0.40116496536597823
4742 0.40116496771817156
4743 0.3847311866365031
4747 0.35785866039020325
4748 0.35785866023555574
4749 0.3477971381488822
4751 0.3400760208484184
4752 0.34007603315453006
4753 0.33486170669770726
4754 0.3348617293510976
4755 0.33228213832895676
4758 0.33242404251511043
4760 0.3353307362969154
4762 0.3399286343630944
4763 0.34646478513632023
4764 0.3464647851115859
4765 0.3548901670577161
4768 0.36513298686247236
4772 0.39067311669566457
4774 0.40571885939095176
4776 0.4230277355760483
4778 0.4416000198225151
4780 0.4612124215156589
4784 0.5025827579613497
4786 0.5238213147974957
4787 0.5450676441037865
4789 0.5749353103436018
4790 0.5749352635709278
4791 0.6034402558741594
4793 0.6297900085526016
4796 0.6532333151650479
4798 0.6730799370917483
4799 0.688721321097115
4800 0.6887213186643674
4801 0.6996483022275842
4802 0.6996483115912419
4803 0.7054669790183762
4804 0.7054669919568232
4806 0.705911673064882
4807 0.7008547613782485
4809 0.6903132217851861
4812 0.6702895412043094
4814 0.6429547575318671
4815 0.6092055960829358
4816 0.6092055701518697
4817 0.5702178065223946
4819 0.5274068015410965
4820 0.5274067704797457
4821 0.48237755895465845
4822 0.4823775562543539
4823 0.43686570542776965
4824 0.43686568837408674
4825 0.39267161695941927
4826 0.3926715973611049
4827 0.3515906100406964
4828 0.351590591471385
4829 0.3153412014600108
4830 0.31534116829691816
4832 0.2854945573787235
4833 0.26340826975016807
4835 0.25445960060796674
4837 0.2487756864459571
4839 0.24648574702375547
4840 0.24648574392684647
4841 0.2476739640178031
4844 0.25237763583267864
4845 0.26058591688127797
4846 0.26058591368115613
4848 0.2722392016311307
4849 0.2872292407647139
4854 0.3231561664352814
4856 0.3100764816891087
4857 0.3100764816017503
4858 0.31519363625522345
4865 0.3231935562011223
4866 0.32156423942492596
4867 0.321564239426722
4868 0.32264998074924095
4869 0.3226499807472171
4870 0.3237424893288558
4871 0.32374248932996463
4873 0.323571832358866
4874 0.3235731693687767
4876 0.3238776403917514
4877 0.3238776167888978
4878 0.32380046852202565
4879 0.3238004088444295
4880 0.32382278889262894
4882 0.3237681388019448
4883 0.3237681388049006
4885 0.32371375683472986
4886 0.32360570693243174
4887 0.323605706936983
4888 0.3234986091420278
4889 0.3234986091364145
4890 0.3233924634760659
4891 0.32339246347541395
4892 0.323287269995762
4897 0.32138340805745064
4898 0.3205743698583192
4899 0.3205743702153859
4900 0.31986059937108724
4901 0.319860599449306
4902 0.319242080257006
4904 0.31756908322675714
4905 0.3175691009986303
4907 0.3183454901313919
4908 0.3215523841770207
4909 0.32155236083911637
4910 0.3271624781990858
4911 0.32716248459275293
4914 0.3454471223543193
4915 0.34544713421832424
4916 0.3637667137833991
4918 0.3864411025815946
4919 0.38644111800645603
4920 0.41331182818349643
4921 0.41331175849993546
4923 0.4066495714852275
4924 0.4292442033308791
4925 0.42924422036029203
4927 0.4541492636019986
4929 0.4812890604653078
4930 0.5105895393761664
4931 0.510589536029299
4932 0.5419796039766321
4933 0.5419796026307512
4935 0.5753925526510958
4936 0.6237526883405218
4938 0.6755811642316714
4940 0.7307781344758076
4941 0.7307781266589307
4944 0.851063236397948
4946 0.8889228842831632
4949 0.8670237440873552
4950 0.8670237440833698
4952 0.8831915487825645
4955 0.8904116125888705
4956 0.8905059170469526
4957 0.8864500771028431
4959 0.8897169497919887
4960 0.8897169497928795
4961 0.8908608635234329
4963 0.8908608635129821
4964 0.8908661109221364
4966 0.8903713265411499
4967 0.8909794683927846
4970 0.8909412527280263
4975 0.8909721268904673
4977 0.8909684424163533
4978 0.8909684424159624
4982 0.8909537037941444
4983 0.8909463340367718
4984 0.8909389639734699
4986 0.8908652451415413
4987 0.8907914888503964
4988 0.8907914888573074
4989 0.8907176888952095
4990 0.8907176889030542
4992 0.890643839080067
4993 0.8899012443359189
4995 0.8891469905258425
4996 0.8891469895347917
4998 0.8883751726447021
4999 0.8875800889033832
