0 0.5307452521947269
1 0.5307452486912465
2 0.5792191949786509
3 0.5792191866753881
5 0.6313078253099005
6 0.6868404256765174
8 0.7456896360239189
10 0.8077791971415202
11 0.8077791912092855
12 0.8730911684988314
13 0.8730911665559473
14 0.9416728978874953
18 0.9230981313243538
19 0.9378662256005397
20 0.938190002064074
21 0.9381827599406544
22 0.9378662256005357
24 0.9381967294800074
25 0.9416754945124156
27 0.941672902141956
28 0.9421128389822121
29 0.9421129716388935
31 0.9417168958259815
32 0.9417168971525486
33 0.9417608921632179
34 0.9417608934898235
36 0.9418048911537806
37 0.9418488888177767
38 0.9418488901444594
39 0.9418928891351763
40 0.9418928904618973
41 0.9419808937503314
44 0.9420689023462294
45 0.9421569162495523
46 0.9421569162497068
47 0.942269285423809
49 0.9422692855819556
51 0.9423329599800955
53 0.942370662998303
54 0.9423706848580317
55 0.942337020137139
57 0.9422845865329438
58 0.942284586503759
59 0.9422321513299934
60 0.9422321512944571
61 0.942179725745357
62 0.9421797257098465
63 0.9416559854367313
64 0.9416559839980405
65 0.9411331250545728
66 0.9411331267227275
67 0.9406110837444485
68 0.9406110839507815
70 0.9400897859960118
71 0.9355568735429196
73 0.9310313356148993
74 0.9310313073996829
77 0.9272505233993599
78 0.9272504720977354
79 0.9234233210757224
81 0.9195286580741359
82 0.9195286457023563
83 0.9155464825754557
84 0.9155464724424519
85 0.9114580406287184
87 0.9035518791376153
88 0.9035518214576168
90 0.8951209857007186
91 0.8860773464222971
92 0.8860774431609318
93 0.8763457330818712
94 0.8763457492438724
95 0.8658626378021755
96 0.8658626449778166
97 0.8545766006813986
98 0.8545766078884975
99 0.8364638048640919
100 0.8364638174165948
102 0.8164497102731776
103 0.794497520418215
104 0.7944974623088406
105 0.7706156841029557
106 0.7706156571463154
107 0.7448554930280467
109 0.7173079705030703
111 0.6881010241898126
112 0.6881010202118245
113 0.6491538516082708
114 0.6491538391304605
115 0.6082207411416738
116 0.608220718674803
118 0.5657628785784741
119 0.5222983761725606
120 0.5222983802020112
122 0.4783909852195533
124 0.43463865999047535
125 0.39166181575922454
127 0.3416777964561465
129 0.2948541479565713
130 0.29485422325255056
131 0.2522657916390815
132 0.25226575510026394
133 0.21492520134062906
134 0.21492516863777805
135 0.1837553625817209
136 0.18375535640385215
137 0.15956365025021982
138 0.15956365865047303
139 0.14301880800654615
142 0.1346308870487544
143 0.13525853939296417
145 0.14647974456276983
146 0.14647969565218255
147 0.16818644164005614
149 0.13403126168019378
150 0.13232697257784604
151 0.13214300036272178
152 0.16691856955587028
153 0.16686499317451112
155 0.16691856955583953
156 0.16686257077097222
157 0.1695409356317519
158 0.16954093561199146
159 0.17092067274365202
160 0.1709206727863408
162 0.17204856901917165
163 0.17204896384247106
165 0.17119963637398186
166 0.17119963637358296
167 0.17147960398167864
169 0.17176057501852457
170 0.171760575017294
171 0.17204254889113402
172 0.17204254888990408
173 0.17152825235592425
174 0.17152758822403438
175 0.17152825235886401
176 0.17152751442964662
177 0.17215561910604033
178 0.1721556190963951
179 0.1721533098886936
181 0.17194460982590634
182 0.1719445760406721
183 0.17173602711058247
185 0.17152764431237952
186 0.17152764431792938
187 0.17131942762835894
188 0.17131942763386462
189 0.17090349263929588
190 0.17090349264825358
191 0.17048822226098265
193 0.17007361652702027
195 0.16965967555840497
196 0.1696596755578818
197 0.16555684527384246
198 0.16555684502367107
199 0.16152057320733748
200 0.16152057325092428
201 0.15755092329141562
202 0.15755092353246947
203 0.1536479467972484
205 0.1498116816364626
206 0.14981168165879377
207 0.1258823821980381
208 0.12588239638017934
210 0.10492706549307701
211 0.08691612142856942
212 0.08691612844692445
213 0.08983667432793135
214 0.0898366775055761
215 0.0767283024422474
216 0.07672831290273374
217 0.06556354214126191
218 0.06556355309973877
219 0.05629432461014165
220 0.05629433421205604
221 0.04886342615085625
222 0.04886343437935884
223 0.043204957021703926
224 0.04320496416531433
225 0.03924487550055715
227 0.03690151306781807
228 0.036901517785661316
229 0.03608611327834045
230 0.036086116809325115
231 0.037972230759837584
232 0.0379722452883844
233 0.03731430833575277
234 0.037314315155866494
235 0.04104148088656571
237 0.046971990642332574
238 0.046971963985209975
239 0.05479334984681286
240 0.054793336180278866
242 0.0641791508922823
243 0.07479167989416059
244 0.07479167069134578
245 0.08628446282469461
246 0.08628445419571014
247 0.10171532966287211
248 0.1017153101731534
250 0.1172618828938996
253 0.15829375936964235
254 0.12107850861921761
255 0.12107850798542029
256 0.12484363157444749
257 0.12484363335373597
258 0.13786409082684756
259 0.13776501560008897
261 0.13775938395350415
262 0.13776149483374575
263 0.12558944694254087
265 0.12633263796805655
266 0.1263326380052352
267 0.12919393730259393
268 0.12918881042421826
269 0.1291939372635723
270 0.1291882407971634
271 0.1264809534112317
272 0.12648095322377914
273 0.12662915942352573
274 0.12662915904910257
275 0.12745511072492083
277 0.1269859850994238
278 0.12698589934887455
279 0.12666528462595195
280 0.12666528328970528
281 0.12674545944828317
282 0.12674545683144722
283 0.12682561910269338
287 0.1271461555155279
288 0.1271461555217426
289 0.12730635614425528
290 0.12730635615046773
292 0.12890588738435038
294 0.1305009273560628
295 0.13209148838601212
296 0.13209148836743495
298 0.13367758272319558
299 0.1492955439698143
300 0.14929553536748094
301 0.16448003159341246
304 0.17924267597622473
305 0.19359463099443816
306 0.19359463647472583
307 0.20754669471420883
308 0.2075467000856412
309 0.24314875312408435
310 0.24314886735752392
311 0.27612400049086244
312 0.27612409258959947
313 0.306644135189424
314 0.3066438620259219
315 0.33486375206635544
316 0.33486367716584453
317 0.36092461821147986
318 0.36092457405262046
320 0.38495459717862995
322 0.42027789198163096
325 0.47720838813318955
327 0.4728214182561127
328 0.47282166942032633
329 0.4920229394365637
330 0.4920228635413305
331 0.5086722972445359
332 0.5086723756007938
333 0.5229228930117703
334 0.5229228916588391
335 0.5349131198705844
336 0.5349131259847955
337 0.5447703370921783
338 0.5447703537791917
339 0.5526127081666224
340 0.5526127141421585
341 0.5606709213325648
342 0.5606709584092521
343 0.5649980343820278
344 0.5649981457871949
345 0.5659049844360833
347 0.5636951025147277
348 0.5636951852085853
349 0.5586702782867301
350 0.5586703522798632
351 0.5511350578109907
354 0.5413994593943294
355 0.5270511027251201
356 0.5270512017513722
357 0.5105015430750444
358 0.5105016280021847
359 0.49234922460756275
360 0.49234909238142854
361 0.4732012178517215
362 0.4732011314617003
363 0.4536675943295406
364 0.45366757182226264
365 0.4343520211146444
366 0.43435200048207384
367 0.415841895538482
368 0.41584190780542485
369 0.3986980316869448
372 0.38890686310737976
373 0.37997385788010596
374 0.37997385958702656
375 0.37200908711435093
377 0.36511315476699807
378 0.36511315996458854
380 0.3593763011019556
381 0.35487748428739285
382 0.3548774882463445
383 0.35168366863656325
386 0.3498490920788401
387 0.3494146790658205
388 0.34941468232255024
389 0.35040759622886036
390 0.3504075990640641
391 0.3528408533562144
392 0.3528408558073259
393 0.35671308319990064
394 0.35671308524972567
396 0.3620084289981566
397 0.36839414152846545
398 0.36839414254650704
399 0.37602127755773984
400 0.3760212779861012
401 0.38483887728525673
402 0.38483887753101687
403 0.3947844592090063
404 0.39478445904132264
405 0.40578446003339447
406 0.4057844595730586
408 0.4177547803026166
409 0.4306014310664989
411 0.45258245977578027
412 0.4525824522193919
414 0.47605974824672814
415 0.5005325886564135
416 0.5005325829593645
417 0.5254671622595612
418 0.5254671641510589
419 0.5503081966902487
421 0.5744911245631641
422 0.5744911163597651
423 0.5974548853762526
424 0.5974548788246843
425 0.6186547491711387
426 0.6186547452554964
427 0.6353203720525415
428 0.6353203698391657
429 0.649928918262873
430 0.649928914510284
431 0.6621923820564419
432 0.66219236299446
433 0.6718582815169072
434 0.6718582493521915
435 0.6787146851777672
436 0.6787146516237788
437 0.682594601785418
438 0.6825945709514042
440 0.683379605801896
441 0.6814477849452725
442 0.6814477690913652
445 0.6701857576102722
446 0.6701857489018799
447 0.6609323475191644
448 0.6609323437757602
449 0.649370515483119
450 0.6493705122535623
451 0.635620824492008
452 0.6356208239155507
453 0.6198351361838806
454 0.6198351371346574
455 0.6030982039546332
456 0.6030982066493651
457 0.5848632103794071
460 0.5653305262561875
461 0.5447192053564236
462 0.5447192116341069
464 0.5232646412778716
465 0.5012158523637545
467 0.47883274703316253
468 0.4788327566387643
469 0.4452789840486693
470 0.445279027920656
471 0.4124918450192448
475 0.3927784452733713
476 0.39277838531366704
477 0.3685080886699469
478 0.36850811019480506
479 0.3461830327986104
480 0.3461830184411052
481 0.3262404753390214
482 0.32624048139855716
483 0.30908259822270745
484 0.3090825950305219
486 0.29506826997799135
488 0.28450600951429067
489 0.27764744041112127
490 0.27764743713386997
492 0.27468175888305324
493 0.2757312452879717
494 0.2757312401112143
496 0.28232374996356135
497 0.2946789337805625
498 0.2946789082909897
499 0.3125994006001785
501 0.33573989326171794
502 0.3357398637648013
503 0.36361296429340406
504 0.36361293400306915
505 0.39559860824648446
506 0.3955985766587412
508 0.4309574288338426
509 0.4688473825672172
511 0.49655143684090025
514 0.5247107350995309
516 0.552971986989992
517 0.5809753625541637
519 0.6083589562546874
521 0.6347634500696496
522 0.6347634319558896
524 0.6598366875402406
525 0.6849594230925853
526 0.6849593980482899
527 0.7077401477006665
528 0.7077401124590764
529 0.7278034719756051
531 0.7448083305336143
532 0.744808298125572
533 0.7584535468349155
534 0.7584535161055143
536 0.7684829453307896
537 0.7746900040976825
538 0.7746899769082018
540 0.7769248904283462
541 0.7744063498331163
544 0.7670956652325749
545 0.7550366775655186
547 0.7383558985507108
548 0.7383558809909265
549 0.7172621426003879
550 0.7172621318990855
551 0.7209620874535949
552 0.7215690224494217
553 0.7216222414302195
554 0.7113436522075259
555 0.7113437154707901
556 0.7151007158674857
557 0.715152566003459
558 0.7145295451425379
559 0.714568158321791
560 0.7120114230185218
562 0.7113437168950423
563 0.7114112488488509
564 0.7114111416388317
565 0.7113437168950423
566 0.711350470090423
568 0.7113572211415979
570 0.7113639711206647
571 0.7113639700485591
572 0.7113707200276201
573 0.7113707189555117
574 0.7113774678624616
575 0.7113774667903502
576 0.711390960315797
577 0.7113909603157914
578 0.7114044495527687
580 0.7114179345012359
581 0.7114179345012246
582 0.7115525481141711
583 0.7115525481137454
584 0.7116867328518328
585 0.7116867328524306
586 0.7118204886959181
587 0.7118204886960733
588 0.7119538156236306
589 0.7119538156237859
590 0.7132634901244367
591 0.7132634901985505
592 0.714530252950319
593 0.7145302529353164
594 0.7157540891468922
595 0.7157540890719064
597 0.7169349874927452
598 0.7180729407477333
599 0.7180729407378362
600 0.7258658937756793
601 0.7258658797826955
602 0.7307038942275306
603 0.7307038540404394
604 0.7326099558691886
605 0.7326099599115485
606 0.7316221133888872
607 0.7316220924167132
608 0.727791662351728
609 0.7277916363737352
610 0.7211821590128339
611 0.7211821360208025
612 0.7080461476370925
613 0.7080461000583624
614 0.7112170619269405
615 0.7112170407027139
616 0.6983089260367443
617 0.6983089325167376
618 0.6825676254692844
619 0.6825676490851983
620 0.6641107804985662
621 0.6641107913246322
622 0.6430616705196525
623 0.6430616757915392
624 0.6195472700373973
625 0.6195472743441641
627 0.5936961662344259
629 0.5642091401156722
631 0.5324370983501628
633 0.4985195664335809
634 0.46258818458180545
636 0.42476435461094736
637 0.42476435774309707
638 0.38515692462559825
639 0.38515692720226774
642 0.2714837455829705
643 0.27148375421141374
644 0.19485883652096894
645 0.19485885308736553
646 0.1140523567216642
647 0.1140523014532018
648 0.028938638832649723
649 0.02893858017021722
650 0.026938494275737284
651 0.022387919781888834
652 0.02281126117125098
653 0.006952410903626661
655 0.006137568547872693
656 0.005859275718047051
659 0.005846692980333077
660 0.005853763848426305
661 0.002519821888942826
662 0.002519821926559897
663 0.000740987709565586
664 0.0007333534663663535
665 0.0007409877091612822
667 0.0016318745993538942
668 0.0016318745974196953
669 0.0007434494969826544
670 0.0007434494971292427
671 5.0625631279563885e-05
673 5.062552233112631e-05
675 0.0005657070991321739
676 0.000565707098063936
677 0.000387945565060719
678 0.00038794556295470976
679 0.00021016488969463875
680 0.00021016488758721438
681 5.062562695874875e-05
682 5.057193739631157e-05
683 0.0001878493391033607
684 0.00018782172909905567
685 0.0003249242268758877
686 0.00032500559746783395
687 0.00046213988652259646
688 0.00046213987850011627
689 0.001830803277458787
690 0.0018308030774548331
692 0.003194727480494173
693 0.004554103634889865
694 0.004554102835847058
695 0.00590911775948307
696 0.005909116964706722
697 0.01348450759793125
698 0.013484437284052265
699 0.020958882427905258
700 0.020958911933336967
701 0.02836290089531823
702 0.02836297912050834
703 0.035725275817848734
704 0.03572529527124852
705 0.043072736074885314
706 0.04307275501164449
707 0.05598863327785398
710 0.06905887691937523
711 0.08239178226389343
713 0.09608113702364357
714 0.0960811117254763
715 0.11020779249553761
716 0.11020777913808935
717 0.12483909376185488
718 0.12483908069617815
719 0.14811293936465733
720 0.1481129052575093
723 0.1990157621897887
725 0.22675342142341048
726 0.22675347288055078
728 0.25600055285649365
729 0.28668691354641834
730 0.2866869354444623
731 0.3186998041466506
732 0.31869981138924514
733 0.3604740132100799
734 0.36047403480936674
735 0.4037182057222446
736 0.40371824675134366
737 0.4479849305833313
738 0.44798494530774474
739 0.49276622246151125
740 0.49276622868004233
742 0.5375066639178161
743 0.5816163259293606
744 0.5816163073638633
745 0.6244837838990028
746 0.6244837580903144
747 0.673217468030298
748 0.6732174076172354
749 0.7182447177801377
752 0.7585574475393038
754 0.7932161905985918
755 0.821376846347677
756 0.8213768505353017
757 0.842315828342005
758 0.8423158185541092
759 0.8554517796359732
760 0.8554517957347337
761 0.8603643416921438
762 0.8603643504020254
763 0.8559286916448618
764 0.8559287139556994
766 0.8410680475660185
768 0.8305649203194538
769 0.8306043520520878
770 0.8357437668677341
771 0.8357437676560615
772 0.8297868135645013
773 0.8297868107950918
775 0.8232046567324515
776 0.830198891087408
777 0.8302903987091484
778 0.8301988910869625
780 0.821813940076243
781 0.8218139400442425
782 0.8228892723420934
783 0.8228928200578332
784 0.8228892723422311
786 0.8215328431355277
787 0.8215328431371033
788 0.821381780197193
789 0.8213818248091539
790 0.8218862054185246
791 0.8218863844149706
792 0.8217254975782489
793 0.8217256094908276
794 0.8214506156125967
796 0.8215193961817527
797 0.8215193961815326
799 0.8215881531325245
800 0.8217256096259029
802 0.8218629895698125
803 0.8218629895701788
807 0.8235055769196585
808 0.824865974865616
809 0.8248659749260336
811 0.8262187107033453
812 0.8275637812325013
813 0.8275637813009553
814 0.8402175357221535
816 0.8521476696393262
817 0.8521476607196522
818 0.863353789079608
821 0.8738369236858167
823 0.8835996273933359
825 0.8991503743442544
827 0.9124803305761299
828 0.9236332020778485
829 0.9236332558113909
830 0.921306501379572
833 0.9288515975962287
834 0.9351448957649868
835 0.9351448975429357
836 0.9402197113388339
837 0.9402197083610481
838 0.9441130365755629
841 0.9468654200273111
842 0.9489451603700662
843 0.9489451555818615
844 0.9487496103932006
845 0.948749607394326
847 0.9464504630318578
848 0.9422318852533694
849 0.9422318926560985
851 0.9362890660250842
852 0.9288266625088494
853 0.9288266664533851
854 0.9200574348883048
856 0.9091663669829158
857 0.9091663720676171
858 0.8972592587169874
859 0.8972592661397777
860 0.8846408017339805
861 0.884640807770583
862 0.8716192845908216
863 0.8716192905492467
864 0.858504748445724
865 0.8585047537612192
866 0.8456072653121848
867 0.8456072701765696
868 0.8278972001281519
869 0.828068343897158
870 0.8280584991858714
871 0.8424530261780366
872 0.8424530262536832
873 0.8393364451637376
874 0.8393364449490661
875 0.8362623107403957
876 0.8362623109814695
877 0.8278971966706318
878 0.8279399835534196
879 0.8278971966707597
880 0.8279424156497796
881 0.8356529979847671
882 0.8356529979830231
883 0.8350456118697329
884 0.8350456118718006
885 0.8339691832407247
887 0.8339691832533467
888 0.8339701369741642
889 0.8349243691760927
890 0.834924369252202
891 0.8348032053833254
892 0.8348032055355653
893 0.8346821208741009
894 0.8346821210263212
895 0.8339691831001989
896 0.8339695647530421
897 0.833969182848276
898 0.8339696412100673
899 0.8346337094433042
900 0.8346337094603504
902 0.8345853106357579
903 0.834456052157444
904 0.8344560678842591
905 0.8341164407624464
906 0.8341164839765103
907 0.8337771274238874
908 0.8337771273535103
910 0.8334379979322654
911 0.830059171351984
912 0.8300591685177691
914 0.8267029027205822
915 0.82336906177736
916 0.8233690622427143
917 0.8200575089576091
918 0.8200575094208078
919 0.7956052050312594
920 0.7956052993484
921 0.7723747919183499
922 0.772374723358097
923 0.7503114780644559
924 0.7503113110770292
925 0.7293638504320555
928 0.709483853674116
929 0.6803645291745407
930 0.6803642778737339
931 0.6535949708796395
933 0.6290280593066778
934 0.6290284194335584
935 0.6065303036825638
937 0.5859782425049144
939 0.5672601331301532
941 0.5419475816306206
942 0.5419477142120109
943 0.5203576123973795
944 0.5203577553846075
947 0.4872106249318139
950 0.47515906126690804
953 0.4590292894590738
954 0.4590292709450911
955 0.45377858724562187
957 0.45188700847057944
958 0.45188689234948004
959 0.45302423706458556
960 0.4530241548321998
962 0.45686966285402125
963 0.46310769866525187
964 0.4631076289696527
965 0.4714239156340704
966 0.4714238574073433
968 0.48150373401961627
970 0.49595611256911987
971 0.5120257663898419
972 0.5120256693107356
973 0.5291097576452106
974 0.5291099003605522
975 0.5466112136228504
976 0.5466113114484464
978 0.5639445141014165
979 0.5805445869272846
980 0.5805446111588177
981 0.5958765689218983
982 0.595876559305577
984 0.6094449945549413
985 0.6208040379044978
986 0.620804046616125
987 0.629566815586743
988 0.6295668201156843
989 0.6354140739952152
992 0.6382065951499378
993 0.6367807002011658
994 0.6367807182234615
995 0.6310513830572867
997 0.6210761392560867
998 0.6210761217818598
999 0.6070552440036944
1000 0.6070552445696574
1001 0.5893276490465873
1002 0.5893276457254465
1003 0.5683623641132951
1004 0.5683623671767857
1005 0.5447459228577675
1006 0.5447459243411147
1007 0.5191657375117101
1008 0.5191657334874573
1009 0.4991571761526444
1010 0.4991571759901015
1011 0.47882157648430346
1012 0.4788215759402778
1013 0.4585175231747753
1015 0.43860963302401856
1016 0.43860963569258016
1018 0.4194620659700491
1019 0.40143188935627894
1021 0.3848625349663436
1022 0.38486253566803
1024 0.3700773143680519
1025 0.3578878202347476
1026 0.357887820127036
1027 0.34783147124859054
1028 0.3478314726529212
1029 0.34010913106945995
1030 0.3401091432930037
1031 0.3348867520569365
1033 0.332292033060341
1034 0.33229205586253774
1035 0.3324116523662961
1036 0.3324116727028404
1037 0.33528916690314736
1038 0.33528918436478927
1039 0.3398664664734464
1040 0.33986647459573627
1041 0.3463840365028782
1042 0.34638403653826344
1043 0.3547930427849403
1045 0.3650218518866823
1046 0.36502185227994083
1047 0.37697648565057634
1048 0.3769764861402217
1049 0.3905414489434161
1051 0.40558075125049875
1052 0.4055807494328467
1053 0.42286861464881864
1054 0.42286861098734146
1055 0.4414204399287745
1056 0.44142043405524567
1057 0.46101345722110587
1058 0.4610134500348673
1059 0.481408002072439
1061 0.5023503795538389
1062 0.502350369517178
1063 0.5235759601171753
1064 0.5235759488829032
1065 0.5448124628055802
1066 0.5448124504341542
1067 0.5746934263144793
1069 0.6032178134491887
1070 0.6032177176303885
1072 0.6295925194544217
1073 0.6530652955857921
1074 0.6530653479002482
1075 0.6729452405778562
1076 0.6729452526589651
1077 0.6886226176475565
1078 0.6886226151828514
1079 0.6995872018487604
1080 0.6995872111764002
1081 0.7054440055762352
1082 0.7054440185044739
1083 0.7059262482722314
1084 0.7059262632948168
1085 0.7009053083433158
1087 0.6903971490797015
1088 0.6903971732716236
1089 0.6704139368028268
1091 0.643115878982502
1092 0.6431159641855414
1093 0.6093982062020533
1094 0.6093981803186193
1095 0.5704350556497738
1097 0.5276407401714366
1098 0.52764070919365
1099 0.482619335118659
1100 0.4826193324296263
1101 0.43710589148512013
1102 0.43710587448396376
1103 0.39290056969008763
1106 0.35179883076814084
1107 0.31551979411869824
1108 0.3155197609634368
1110 0.28563549032085517
1111 0.26350479743886823
1112 0.26350475512819743
1113 0.2545080195284655
1114 0.25450801586021465
1115 0.24879208697536664
1116 0.2487920888986686
1117 0.246487461828486
1118 0.24648745871834707
1119 0.24767910407314817
1120 0.24767910140706972
1121 0.2524046010057361
1122 0.2524046001270432
1124 0.2606528832411511
1125 0.2723636292972317
1126 0.2723636270406878
1127 0.2874273346019178
1129 0.3053729753758356
1130 0.3053729727676903
1131 0.32312230610439274
1132 0.3230648940153418
1133 0.32306044757030017
1134 0.31032103523624655
1135 0.31032103514856746
1136 0.31544707507054237
1137 0.3154470753123606
1138 0.320747465247742
1139 0.3207474649843087
1140 0.32312230393163605
1142 0.3231223039315948
1143 0.3231071355302112
1145 0.3218281342614913
1146 0.3229155954200128
1147 0.32291559541798287
1149 0.3238627895096732
1150 0.32386294433686363
1152 0.323133899964794
1153 0.32313389990192193
1155 0.32335247455715543
1156 0.32357131925755017
1157 0.3235713191314686
1158 0.32386294416480654
1159 0.32386287552915854
1160 0.32386294389436143
1161 0.32386286193801134
1162 0.3236589325031196
1163 0.3236589324889757
1165 0.32374658897705916
1166 0.32383428858753016
1168 0.32386294435594837
1169 0.32386291684562685
1170 0.3238011834422848
1171 0.32380119395069995
1172 0.32373975303103514
1174 0.32367864835603305
1175 0.32367864835862076
1176 0.32308406075332546
1177 0.32308406060240613
1178 0.32251971231479887
1179 0.3225197117222872
1180 0.3219856080220506
1181 0.32198560735513654
1183 0.3214817515294274
1185 0.31937797336374824
1186 0.318064929038385
1187 0.31806495024565423
1188 0.3175412881620519
1191 0.3178048304541695
1192 0.31885215581350895
1194 0.3222620439068731
1195 0.32226211899030077
1196 0.32775190947445154
1197 0.3277519398359671
1198 0.33529302701437846
1199 0.3352929489246981
1201 0.3338465229965232
1202 0.3413266582727886
1203 0.3413266761339726
1205 0.35017153722875416
1206 0.36035843897410247
1207 0.3603584416896525
1208 0.3718631922172574
1209 0.3718631935052571
1211 0.3846603213552145
1212 0.4068090115917796
1213 0.4068090152893635
1215 0.43185380583063604
1216 0.4596933365434381
1217 0.4596933227269821
1218 0.4902266583490742
1219 0.49022665134466364
1220 0.5233556314232808
1222 0.5589871350994663
1224 0.5970353518234038
1225 0.5970353489216426
1228 0.7072071984177659
1229 0.7072071828211112
1230 0.7679686350842936
1232 0.8324346522939181
1234 0.8903268950494418
1235 0.8907528027464218
1237 0.8491298556722564
1238 0.8491298556441647
1239 0.8660577094843941
1240 0.8660577095749873
1241 0.8832192372939676
1242 0.8832192371829901
1243 0.8903269092532681
1244 0.8904333824479398
1245 0.8903269092530287
1247 0.8904372266527846
1248 0.8866796927974845
1252 0.8908152264207786
1253 0.8908218466096978
1255 0.8908225821954681
1256 0.8908446611626215
1257 0.890844661187285
1258 0.8909434765265303
1259 0.8909438505942178
1260 0.8909646418953789
1261 0.8909647080157846
1262 0.8909449682770644
1263 0.8909450107891133
1265 0.8909253113885138
1267 0.8908859056059482
1268 0.8908464902152725
1269 0.8908464897384494
1270 0.8908070633098925
1272 0.8904120020237855
1273 0.8904119834490541
1274 0.8900147352988482
1276 0.8896144651481022
1277 0.8896144714847218
1278 0.8892101976145876
1279 0.8892102039320182
1280 0.8877249246187326
1281 0.887725074710379
1282 0.8881452531797722
1283 0.8881453135042411
1284 0.8870333813999989
1286 0.8858601923115426
1287 0.8858601522128334
1288 0.8846121673183305
1290 0.8832764733315025
1291 0.8832764697307253
1292 0.8803328404481435
1293 0.8803328140185773
1294 0.8769116211899476
1295 0.8769116107795124
1296 0.8729339487106664
1297 0.8729339976212882
1298 0.8683298997482295
1299 0.8683299088303201
1300 0.8630378496757622
1301 0.8630378538251657
1302 0.8570046892458771
1303 0.8570046933586284
1304 0.8462907109117235
1305 0.8462907188943831
1306 0.8336308768044886
1307 0.833630878321977
1308 0.8189426740296297
1309 0.8189426310177718
1311 0.8021830487405366
1312 0.7833471196895688
1313 0.7833471094633119
1314 0.7624660077403056
1315 0.762465995985697
1316 0.7396052594321908
1317 0.7396052545892697
1318 0.7099862565088916
1319 0.7099862461599306
1320 0.6779289277634643
1322 0.6437088377987502
1323 0.6437088315403358
1326 0.5701259888353274
1327 0.5701259914140012
1328 0.5315393848919859
1329 0.531539392260201
1332 0.4400675964204098
1333 0.4400676359666876
1334 0.3886486834795453
1335 0.3886487553816998
1336 0.3392214992548025
1337 0.3392214958170304
1339 0.2929267159243101
1340 0.25086731194531275
1341 0.2508673186825897
1342 0.21407882625246027
1343 0.21407884424102777
1345 0.18350157524295954
1346 0.1599546864602056
1347 0.15995468457729373
1348 0.14471901377967306
1349 0.14471900950981284
1350 0.13687299334785397
1351 0.1368729822669641
1352 0.13671131452279287
1353 0.13671130446506227
1355 0.1443726829885553
1356 0.15983342549086793
1357 0.1598334089538932
1358 0.1626338934021177
1359 0.1621815023871168
1360 0.16213933490604668
1361 0.16489871662939162
1362 0.16489871632014586
1363 0.17043589442002566
1364 0.17043589553320826
1365 0.17316011707575116
1366 0.17314181821205799
1368 0.17314099084720955
1369 0.17159950805739327
1370 0.17159950803629234
1371 0.17278174381605216
1372 0.17278174386162848
1373 0.17398255721659123
1374 0.17398255718173788
1375 0.17520190111270664
1376 0.17520190112186493
1377 0.17316011618581237
1378 0.1731560736867233
1379 0.1731601161858931
1380 0.1731557676807457
1381 0.1749182369306938
1382 0.1749180808394623
1383 0.17520190112188
1388 0.17522799212045842
1389 0.1752280013583782
1390 0.1751837040061169
1391 0.17518371174317593
1393 0.17513942986481001
1395 0.17505088158296866
1396 0.17496236425057507
1397 0.17496236425101558
1398 0.17487387786950015
1399 0.1748738778699391
1400 0.173990716527638
1401 0.1739907165437122
1402 0.17311065128230071
1404 0.17223368284272014
1405 0.17223368283149706
1406 0.1713598120936261
1407 0.17135981208236778
1408 0.16279163968935817
1409 0.16279163433920132
1411 0.1545339124253305
1412 0.14658700379990822
1413 0.1465870095588262
1414 0.13895102588252714
1415 0.13895102696014386
1416 0.13162580316851014
1418 0.11249385880728925
1419 0.11249389094457202
1420 0.09584816041555146
1421 0.09584820757611241
1422 0.08165211398094174
1425 0.08440066108376394
1426 0.07446620202860374
1427 0.07446621322224435
1428 0.066014003075374
1430 0.05900763162151162
1431 0.059007636070023836
1432 0.05340543443027158
1433 0.05340543776679184
1435 0.04916073613425488
1436 0.04520443828649791
1437 0.045204447830691
1438 0.04403785320809372
1439 0.04403786021356181
1440 0.04544314100794605
1441 0.04544311285479489
1442 0.049183652029761035
1443 0.04918363789296799
1444 0.05500645593720558
1446 0.0626444385747136
1447 0.06264443124404255
1448 0.0718186126370066
1449 0.07181860543457969
1450 0.08085207798323868
1451 0.08085207371870111
1452 0.09063876941972651
1453 0.09063876812754099
1454 0.10097881534174175
1455 0.10097881241773693
1456 0.11166993807663128
1457 0.11166993615044399
1459 0.12250839161927946
1461 0.13328980960589026
1462 0.1438099903922384
1463 0.14380998870481662
1465 0.22535821619720706
1467 0.15376880020126757
1468 0.1537044121401875
1470 0.15376880020126385
1472 0.14477932776181765
1473 0.1447793277589631
1475 0.14574438186187
1476 0.14670498228329074
1477 0.14670498227691703
1479 0.14863853525602766
1481 0.14863833055815695
1482 0.14689655307262312
1483 0.14689655307266763
1484 0.14708793762520486
1485 0.1470879376252659
1486 0.14727913458618544
1487 0.1472791345862758
1488 0.14761379050469525
1489 0.14761369578202468
1491 0.14864034764440875
1492 0.14829834740442616
1493 0.14829812908289752
1494 0.14775066117021118
1495 0.14775065243546787
1496 0.1478875740269456
1497 0.14788757403120278
1498 0.14802446068058828
1499 0.14802446068482686
1500 0.14829812919471838
1501 0.14829812920177288
1502 0.14857165806703482
1503 0.1485716580599505
1504 0.14884504732568538
1505 0.14884504732566772
1506 0.1491182970666042
1507 0.1491182970665866
1508 0.15184313549417663
1509 0.1518431354548651
1511 0.15455409547731683
1512 0.1572512442810731
1514 0.15993464805175742
1515 0.15993464787548833
1516 0.18256722096319405
1518 0.2042188145268761
1519 0.20421885130392242
1520 0.22492880698555295
1522 0.24473441054100775
1525 0.2636706644928426
1526 0.29489442617188216
1528 0.3237105336330989
1529 0.32371058244450457
1530 0.35027055804763624
1531 0.3502702177418246
1532 0.37471152821305614
1533 0.374711463899859
1534 0.39715987714041306
1535 0.3971598364033853
1537 0.41772976184884036
1538 0.44668167021243826
1541 0.47156147445372415
1542 0.4926918681263243
1543 0.4926922273328165
1545 0.5103580137936672
1546 0.5248119282859923
1548 0.536282150006944
1549 0.5362821993278659
1550 0.5449771314436294
1551 0.5449771541081556
1555 0.5557298765219474
1556 0.556131095219112
1557 0.5561311757556848
1558 0.5536262774856474
1559 0.5536263561072288
1560 0.5485168202673847
1561 0.5485168886157665
1562 0.541103876177948
1563 0.5411039330082257
1564 0.5316907857128265
1565 0.5316908400465999
1566 0.5175900299091566
1568 0.5014541575584116
1569 0.5014542598381789
1570 0.4838974308334475
1571 0.4838972836386814
1573 0.46553605034552553
1574 0.4469832830028684
1576 0.42883893909998877
1577 0.4288389130614094
1578 0.4116805017448884
1580 0.3960525081659332
1581 0.3960524945359616
1583 0.38619239357754676
1584 0.37751200430108595
1585 0.37751200680408553
1586 0.37015723384632665
1587 0.3701572361484372
1588 0.3642567783952971
1589 0.3642567897500863
1590 0.3599206103136995
1591 0.3599206206054994
1592 0.3572385269286282
1593 0.3572385361519491
1596 0.3570881546064135
1597 0.35708816206480215
1598 0.3596891073632874
1599 0.3596891140062089
1600 0.3640814163937206
1601 0.3640814218217114
1602 0.3702409111493531
1603 0.37024091536856707
1604 0.3781197614344584
1606 0.38764683900179797
1608 0.40172065148397995
1610 0.4179890288623464
1612 0.4361727936177118
1613 0.4361727828791135
1614 0.4559485597475094
1615 0.45594854276435426
1616 0.47695452260816035
1617 0.47695449737507123
1618 0.4987970565086305
1621 0.5210580474949451
1622 0.5473499817059898
1623 0.5473499062109277
1625 0.5728852101008785
1626 0.5969347662364355
1627 0.5969348134315299
1628 0.6187946777548692
1629 0.6187947139209575
1630 0.6378063388776719
1631 0.6378063435306668
1632 0.6533760922721271
1634 0.6649933609649881
1635 0.6649933673852853
1636 0.6722467850269587
1637 0.6722467947140445
1638 0.674841571501606
1639 0.674841585845032
1640 0.6722619707641371
1641 0.6722619964057521
1642 0.6644677537901514
1643 0.6644677827465931
1644 0.6515736979830452
1645 0.6515737332285263
1647 0.6338497801798191
1648 0.6117164251573268
1649 0.6117164670805696
1650 0.5857357620415662
1651 0.5857358050346575
1652 0.556597641222723
1654 0.5312034984148882
1655 0.5312035189576895
1656 0.5047283963653573
1660 0.45055644509940546
1661 0.4505564463181714
1662 0.4239119123835191
1663 0.42391192014515194
1664 0.39827091905438955
1665 0.39827092149883814
1666 0.37415558371114244
1667 0.3741555885993927
1670 0.34449624029792436
1671 0.3444962403677547
1672 0.337290656414276
1673 0.33729065625257637
1674 0.33047277293970506
1675 0.33047277313850615
1677 0.3240635160811439
1679 0.3180828556773714
1680 0.3125497477766036
1681 0.31254974782677636
1683 0.30748207608201267
1684 0.301407977772025
1685 0.3014079779831413
1686 0.2962504929300684
1687 0.2962504946824051
1688 0.29204327898547766
1693 0.28659240658099006
1694 0.2853936145700394
1695 0.28539362176161476
1697 0.2856643093136206
1698 0.2887039272301483
1699 0.28870398618485915
1700 0.2945147876442869
1701 0.2945147363936063
1702 0.3030629298230606
1703 0.3030629087951793
1704 0.3142790448881755
1705 0.3142790474566967
1706 0.328058233996623
1707 0.328058237601394
1708 0.34426093626309934
1709 0.34426093600958607
1710 0.3656797008583046
1711 0.365679698215381
1712 0.38976282001222096
1713 0.3897628119246251
1715 0.4161442814745619
1716 0.44441255095542437
1717 0.44441253100397055
1723 0.53587512120063
1724 0.5737060178772344
1725 0.5737059397579366
1727 0.6104492772885329
1728 0.6451436973668484
1729 0.6451437536542037
1730 0.6768600885191306
1731 0.6768601331961476
1734 0.7279477289300816
1735 0.7279477247524415
1736 0.7458354616699703
1737 0.7458354683189202
1739 0.7578198908980253
1740 0.7635716811177722
1741 0.7635716961786345
1742 0.7620918579613647
1743 0.7620918860121596
1744 0.7532627515167689
1745 0.7532627835999326
1747 0.737169287125641
1748 0.7141009131674049
1750 0.6954464417088753
1752 0.695753842300908
1753 0.7072972419126579
1754 0.7072972426338695
1755 0.7000969137586117
1757 0.6925102835073345
1758 0.6925102872932961
1759 0.6954464750062865
1760 0.6955159215656433
1761 0.6954464750054984
1762 0.6955190615247728
1763 0.6927457725946674
1764 0.6927483041873516
1765 0.6925102873119484
1768 0.6925102873119484
1769 0.6924947350206809
1770 0.6924947335194825
1771 0.6924791797271996
1772 0.6924791782260918
1773 0.6924636229327926
1774 0.6924636214317769
1775 0.6924480646375525
1776 0.6924480631366277
1777 0.6924325048415702
1778 0.6924325033407369
1779 0.692401380747562
1780 0.6924013807477448
1783 0.6923391175552308
1784 0.6923391175555964
1785 0.692224817131994
1786 0.6922248835418279
1787 0.6922248172525084
1788 0.6922248967633353
1789 0.6922768303585186
1790 0.692276830360712
1791 0.6922145191656531
1793 0.6921633733347323
1795 0.6922248252627005
1796 0.6922248517103239
1797 0.6922861725954217
1799 0.6923473368297952
1800 0.6923473368278419
1801 0.6929503637182843
1802 0.6929503636767291
1803 0.6935377232302535
1804 0.693537723488188
1805 0.6941094129221917
1806 0.6941094131134675
1807 0.6946654296990153
1808 0.6946654298901108
1810 0.6978990845573705
1811 0.7004696233985204
1812 0.7004696123369204
1814 0.7023776591315852
1815 0.703624630775503
1816 0.7036246205880475
1817 0.7042126359045967
1818 0.7042126252263604
1819 0.7036183085847173
1820 0.7036182459497238
1821 0.700916107493792
1822 0.7009160717991502
1823 0.6961344760337178
1824 0.6961345453682608
1825 0.6971204178177611
1826 0.6971204566711807
1827 0.6919288125068315
1828 0.6919287962653213
1829 0.6853625695967499
1830 0.6853625721286474
1831 0.6774455067181938
1832 0.6774455038396137
1833 0.6682032835041877
1834 0.6682032819725594
1835 0.6576633170822117
1836 0.6576633155985038
1837 0.6389126945790785
1838 0.6389126900122727
1839 0.6172502182841879
1842 0.592791747598918
1843 0.5656552328038015
1844 0.5656552409480033
1845 0.5359584172857209
1846 0.5359584222371178
1847 0.5038164590440894
1848 0.5038164632238071
1849 0.46933968838718426
1850 0.46933969190823166
1851 0.4208725915090449
1853 0.36879022501988773
1856 0.3132634711328125
1857 0.2544196915342771
1858 0.2544197026665836
1860 0.1923353287703471
1863 0.05845175902961134
1864 0.05845175625322594
1866 0.07634138743060732
1868 0.06209215163413497
1869 0.06177042493910958
1870 0.06177762179820446
1871 0.062092151634139385
1872 0.06175587838187634
1874 0.05828748095295619
1875 0.058275797019529785
1876 0.05845175478354064
1877 0.05801182276390198
1878 0.05801169009656636
1879 0.05845175478354064
1880 0.05840776158157657
1881 0.05840776025490336
1883 0.05836376439947733
1884 0.05831976854401251
1885 0.058319767217261634
1886 0.058275770035008154
1887 0.05827576870821923
1888 0.05823177019913796
1889 0.05823176887231083
1891 0.05814376654664508
1892 0.058055758913399626
1893 0.0580557589132458
1894 0.057967745971918366
1895 0.05796774597176395
1896 0.05769448761969375
1897 0.05769408784852064
1899 0.057694007973660595
1900 0.05779170416409141
1901 0.057791704163164356
1902 0.05761564111976282
1903 0.05761564111852535
1905 0.057626903282071214
1906 0.057664932452674074
1907 0.05766492794516987
1908 0.05770294746486083
1909 0.05770294747840921
1911 0.05774096191292246
1912 0.058120831164566074
1913 0.05812083171725408
1914 0.05850022220403938
1915 0.05850022158759232
1916 0.058879158328810646
1917 0.05887915827173155
1918 0.059257668537256475
1919 0.05925766848008931
1920 0.06302511899565903
1922 0.06677824408794375
1923 0.06677825479560656
1924 0.0705416121750194
1925 0.07054164823439314
1926 0.07433846116477147
1927 0.07433847241914972
1928 0.07819064028709542
1930 0.08526767677512134
1931 0.0852677338143964
1932 0.09269426027540435
1933 0.0926942755938445
1934 0.10056643680745436
1935 0.10056634285168535
1936 0.10896849740701485
1937 0.10896848131243587
1938 0.11797412956657993
1939 0.11797412136239817
1940 0.12764598760053508
1941 0.12764597955791715
1942 0.14346060600988333
1943 0.14346058803636577
1944 0.16101283773926758
1945 0.16101282748418114
1948 0.20162956277008032
1949 0.2016295943315983
1950 0.22473381086556832
1951 0.2247338238298804
1953 0.24966007519220537
1954 0.2763294772258144
1955 0.2763294829725031
1956 0.3110394692078927
1957 0.31103948353880745
1958 0.34790008797471444
1960 0.3865778745769546
1961 0.38657788430936996
1962 0.4266838521757457
1963 0.4266838571961643
1964 0.4677818783203277
1966 0.5093971241168854
1967 0.5093971141902347
1969 0.5510248737927868
1970 0.6032755065118638
1971 0.603275460853066
1972 0.6535778447454733
1973 0.6535777744866641
1974 0.7008179561955357
1975 0.7008179655652013
1977 0.7439123485626179
1978 0.7818368832186435
1979 0.7818368803409582
1980 0.813655334400391
1981 0.8136553184966732
1982 0.8385452813760131
1983 0.8385452896229929
1984 0.8558217982562591
1985 0.8558218023538152
1986 0.8644740381990748
1988 0.8661251909522936
1989 0.8661251996108614
1990 0.8606313906749674
1992 0.8479818681371434
1993 0.8479818812695091
1994 0.8283020709760485
1995 0.8283020828858313
1996 0.8640572966817178
1999 0.8371890238088474
2000 0.8372680568842904
2002 0.8371890238088551
2003 0.8372716302873353
2004 0.828895941831468
2005 0.8288980053390494
2006 0.8283020833939557
2007 0.8281864889052065
2008 0.8281863194194872
2010 0.8282905239450807
2011 0.8282905222502236
2012 0.8282789611065738
2013 0.8282789594117579
2014 0.8282673965733338
2015 0.8282673948785595
2016 0.8282558303454015
2017 0.8282558286506684
2018 0.8282442624228189
2019 0.8282442607281267
2021 0.8282211214938668
2022 0.828197975481127
2024 0.8281748226906116
2025 0.8281748226907772
2026 0.827942922063065
2027 0.8279429220700654
2028 0.8278482392248449
2029 0.827848277932533
2031 0.8282770281494255
2032 0.8281584134971157
2033 0.8281584729991271
2034 0.8284683898629859
2035 0.8284683158778549
2036 0.8284049364183328
2037 0.8284048944177206
2038 0.8286510778280982
2040 0.8288970386618301
2041 0.8288970386625731
2042 0.8291427625162899
2043 0.829142762516345
2044 0.8296335135690552
2045 0.8296335135695707
2046 0.8301233356324926
2047 0.8301233356335168
2048 0.8306122285692245
2049 0.8306122285702467
2050 0.8311001922432557
2052 0.8359286910320698
2053 0.8359286915198574
2054 0.8406641336496565
2055 0.8406641335595404
2056 0.8453064237572636
2057 0.8453064232786585
2058 0.8498554896873819
2059 0.8498554896369013
2060 0.8543112857835785
2061 0.8543112857311833
2062 0.8781133029194943
2063 0.8781132840255859
2064 0.8988460928151161
2065 0.8988460419985804
2066 0.9165451678457076
2067 0.9165451658230582
2068 0.9132047826357514
2069 0.9132047824801026
2070 0.9256623072699772
2071 0.9256622970828045
2072 0.9362568521764809
2073 0.9362568429368774
2074 0.945035544771633
2075 0.9450355363744416
2076 0.9520539082242656
2078 0.9573754274342872
2079 0.9573754212304987
2080 0.9623537612063136
2081 0.9623537416795788
2082 0.963902621153563
2083 0.9639026073098561
2086 0.9631818589560235
2087 0.9631818891714531
2088 0.9604797608626141
2089 0.9604797607528636
2090 0.9559656302713951
2091 0.9559656387132703
2094 0.9423635723649194
2095 0.9423635770427842
2096 0.9337287567552517
2098 0.9241852258934463
2099 0.924185229860314
2101 0.9139750063257082
2102 0.9033438271311375
2103 0.903343830558757
2104 0.8861839651919158
2106 0.8511817033343262
2107 0.8520065306701099
2108 0.8519402219040733
2110 0.8819433531181043
2111 0.8777538454883442
2112 0.877753842538078
2113 0.8736311124501155
2114 0.8736311171058414
2115 0.8511816912265424
2116 0.8513879009045006
2117 0.851383756794753
2118 0.8511816912266593
2119 0.8513972244728778
2120 0.8513926971475181
2123 0.8736311170593571
2125 0.8735494677067566
2126 0.8736311170593571
2127 0.8736229488269238
2128 0.8736229491566413
2129 0.8736147812541755
2130 0.8736147815840178
2131 0.8736066140115191
2132 0.8736066143414865
2133 0.8735984470990801
2134 0.8735984474291726
2135 0.8735902805169836
2136 0.8735902808472006
2138 0.8735739483443169
2139 0.8735576171631774
2142 0.8735412873064069
2143 0.8733780617131554
2144 0.87337806173398
2145 0.8725625820800955
2146 0.8725629679905068
2147 0.8725625819545046
2148 0.8725630452355437
2149 0.8733290106024384
2150 0.8733290129350001
2151 0.8731373839130498
2152 0.873137404158878
2153 0.8729458597551631
2154 0.8729458597445549
2155 0.8725629640089771
2156 0.8725629639453362
2157 0.8721803254626063
2158 0.8721803253778126
2159 0.8717979439572571
2160 0.8717979438725372
2161 0.8679882343575539
2163 0.8642040342042713
2164 0.8642040382868397
2165 0.8604451988648381
2167 0.8567115483395716
2168 0.8567115489387046
2169 0.8310365084448729
2171 0.8065551562461705
2174 0.7832144209101338
2175 0.7609651885972282
2176 0.7609651175074249
2177 0.7397607104142221
2178 0.7397606418481303
2179 0.7078264027047594
2180 0.7078261497861441
2181 0.6783007120217145
2183 0.6510326590238954
2184 0.6510330305205457
2185 0.6258860573649153
2188 0.6027356227053992
2189 0.5814685144790188
2190 0.5814685546804538
2191 0.552279341869549
2194 0.5269507753451844
2195 0.5051947327278611
2198 0.4867572423013043
2199 0.4714144323488319
2200 0.471414396337616
2201 0.45896389702672397
2202 0.45896385632192505
2203 0.44922151915525926
2204 0.4492215003551281
2205 0.44057433034296106
2206 0.4405742758197297
2207 0.43560126850088754
2208 0.4356011525815793
2209 0.4340036548432129
2212 0.4354912390387857
2213 0.4397764618367726
2214 0.43977639416625713
2215 0.44656965505501955
2216 0.4465695991856537
2219 0.46952577848478333
2220 0.46952567817218466
2221 0.48587251591878283
2222 0.4858724127857452
2225 0.5232656536470612
2227 0.5430450329481837
2228 0.5430450565972874
2229 0.5627034036437613
2230 0.5627034299397375
2231 0.5816252817538956
2232 0.5816252664503968
2233 0.5992214583758638
2234 0.5992214710317382
2235 0.6080843381787155
2236 0.6080843392352332
2237 0.6163009951230052
2239 0.6237923823910438
2240 0.6237923835223421
2241 0.6304850610431443
2244 0.6363116843682802
2246 0.6412115428899485
2248 0.6451309863562005
2249 0.6480238597837261
2250 0.6480238582540517
2251 0.6498518687138994
2252 0.6498518671633535
2253 0.6505849135821821
2256 0.6502013557720592
2257 0.6486882412883325
2258 0.6486882401953012
2259 0.6460414464977045
2260 0.6460414455635295
2261 0.6422657868170716
2264 0.6373750429183389
2265 0.6313919333330746
2266 0.6313919328959877
2267 0.619565522864405
2268 0.6195655213147966
2269 0.6051777819361945
2271 0.5884616353042564
2272 0.5884616373109822
2273 0.5697014190766702
2274 0.5697014282108005
2275 0.5492280147226861
2277 0.5274130342565954
2278 0.5274130589071185
2280 0.5046621230354554
2281 0.4768559536403238
2282 0.4768560223522536
2283 0.44910133343434
2284 0.44910140714883345
2285 0.4221843463247819
2286 0.4221843125271401
2287 0.3968848963638245
2288 0.396884869889738
2289 0.3739550062598155
2291 0.35409639311965296
2292 0.35409640127711844
2293 0.33793939542590584
2295 0.3260235121896865
2297 0.3187800862336844
2298 0.3187800775830446
2299 0.3165176260283762
2300 0.3165176086821022
2301 0.3194102845736753
2302 0.31941026445117554
2303 0.32983301472510024
2304 0.32983296292061703
2305 0.3476069244648174
2306 0.34760684733027764
2307 0.3721906190279579
2308 0.37219063040579714
2309 0.40274562304847983
2311 0.438162642177058
2313 0.47710065157137194
2314 0.47710065155011855
2315 0.5180363322951517
2316 0.5180363390786373
2317 0.5593225236546476
2318 0.5593225425603938
2319 0.5992532587324012
2321 0.6314271460941879
2322 0.631427167263301
2323 0.6602570548465403
2324 0.660257044163187
2325 0.6847677388930895
2326 0.6847677689126888
2327 0.7040960265628811
2331 0.724483936361884
2332 0.7244839321311821
2334 0.7246217570850173
2335 0.7177703807363456
2337 0.7039807092718589
2338 0.7039807278725758
2339 0.7001073333833993
2340 0.7001073333211487
2341 0.6959251264578739
2342 0.6959251267415975
2344 0.6914386217361912
2345 0.6866527937443235
2346 0.6866527942652418
2348 0.6815730784683177
2349 0.6762053604455984
2350 0.6762053605093772
2351 0.6705559726594388
2352 0.6705559726648502
2356 0.6457054874605755
2357 0.6246740681437054
2359 0.601770190539665
2360 0.6017701949583913
2361 0.5772535182849328
2362 0.5772535251026669
2364 0.5514077614128684
2366 0.5245374395647605
2367 0.4969644063732215
2368 0.49696441822936327
2371 0.434401649749496
2372 0.4344016836642947
2373 0.40364918300041713
2374 0.40364921656433145
2375 0.3739056550390638
2376 0.37390569197258544
2378 0.345655600744466
2379 0.3193678822754011
2380 0.3193679219871294
2382 0.2954884913263179
2383 0.2702405086205824
2384 0.2702405859944677
2385 0.24985940331898138
2386 0.24985947581313014
2387 0.23491990934247992
2388 0.2349198237289585
2389 0.22588061906817603
2390 0.22588055273453678
2391 0.22307182058270086
2392 0.22307179044987388
2394 0.2266845490323397
2395 0.23676349224066154
2396 0.23676346925647254
2397 0.2532028434219292
2398 0.2532028236913052
2399 0.2757459951184294
2401 0.2805190446688951
2404 0.2822912366183145
2405 0.2822912362501658
2407 0.2882885314623392
2408 0.2882937348165617
2409 0.28828829619754887
2411 0.2836424454589596
2412 0.2850075583119512
2413 0.2850075582669131
2415 0.28638650927516707
2417 0.2877792322350503
2419 0.2882925862426563
2420 0.2882937360369762
2421 0.28829249920639
2422 0.2880594235699236
2424 0.28834016256002193
2425 0.2883401625595429
2426 0.28862144866230866
2427 0.2886214486617342
2429 0.2884792634956006
2430 0.28847939400802824
2431 0.2884792374267918
2433 0.2886287607870962
2434 0.288591337036478
2435 0.2885913337272852
2438 0.2884792504408737
2439 0.2884792504422718
2440 0.28840469316822603
2441 0.28840469317007655
2443 0.2883302678358052
2444 0.28759327178729577
2445 0.2875932718347008
2446 0.2868694736101021
2447 0.2868694734002596
2448 0.2861588757685893
2449 0.28615887562258996
2450 0.28546148136906
2451 0.28546148122305876
2452 0.280928939434322
2454 0.2770501068036721
2456 0.27382457143533157
2457 0.27382460138136255
2458 0.2712510814057612
2459 0.2712510908388541
2460 0.26932751960283224
2461 0.26932752951305133
2463 0.2674829281780002
2464 0.2677692176150359
2465 0.26776925424388387
2466 0.270156071264383
2467 0.2701560046868117
2468 0.26956040863511443
2469 0.2695603724873642
2471 0.27272979621831933
2472 0.27725481528604357
2473 0.2772548128601411
2474 0.28311015975513204
2475 0.2831101626863881
2477 0.2902682946985841
2479 0.29869960713149607
2480 0.3140564667531738
2481 0.314056471458771
2482 0.33222179859015294
2484 0.3530686053380196
2485 0.35306858922663004
2486 0.37646558895177556
2487 0.376465580769677
2488 0.4022794567804841
2489 0.40227945173529106
2490 0.4303769869126324
2492 0.46062720028139736
2493 0.46062719657517115
2494 0.5040674830912939
2495 0.5040674735707559
2496 0.5508254464535504
2497 0.5508254222048324
2498 0.600648468565202
2500 0.6533204943275449
2502 0.708669568755298
2503 0.7086695586049759
2504 0.7665750745844682
2506 0.8269745034101497
2507 0.8269745022418686
2508 0.9099414563385954
2509 0.9099414644482464
2510 0.9973949295608242
2511 0.9973949594833253
2512 0.95790262447383
2513 0.9648202829762936
2514 0.9641691162910893
2516 0.9922513366784038
2517 0.9922426568935401
2518 0.9918824949057173
2519 0.9922680134977135
2520 0.9922585310727666
2521 0.9992534238527674
2522 0.9992610694607271
2523 0.9973949659265958
2524 0.9978440486749939
2525 0.9978441708143587
2526 0.9973949659265958
2528 0.9974398754228293
2530 0.9974847861406588
2532 0.9975296980800846
2534 0.9975746112411743
2535 0.9976195244023311
2536 0.9976195256239953
2537 0.9977093568331673
2538 0.9977093568333022
2540 0.9977991929300084
2541 0.9978890339144505
2542 0.997889033914721
2543 0.9987877127072855
2544 0.9987877127187597
2546 0.9996868809226985
2547 0.9997604555823305
2548 0.9997610278005764
2549 0.9997604556950962
2551 0.9998667733383177
2552 0.9998667733394272
2553 0.9999691878363167
2554 0.999969200717192
2555 0.9998997320716257
2556 0.9998997606456415
2557 0.9998129392690526
2559 0.9997261191457517
2560 0.9997260958403755
2561 0.9996392955910557
2562 0.9996392955925202
2563 0.9995525151450713
2565 0.9986857893467374
2566 0.9986857893740333
2567 0.9978209907382225
2568 0.9978209908506985
2569 0.9969580710866834
2570 0.9969580712151008
2571 0.9960969822900477
2573 0.988475728760359
2574 0.9884757716549305
2576 0.9809640997466414
2577 0.9735309286144861
2579 0.9661468194420014
2580 0.9661467994581064
2581 0.9587844160347827
2582 0.9587843967170709
2583 0.9455994641327238
2585 0.9322685033109394
2586 0.9322684753381633
2587 0.9186741494133978
2588 0.9186743172882422
2589 0.9047151066949755
2591 0.8903041026487553
2593 0.8753686588815466
2594 0.8753686739922593
2595 0.8521137084954687
2596 0.8521137447093299
2597 0.8274359471844994
2598 0.8274359727440461
2602 0.7735383281971744
2603 0.744314061532281
2606 0.7136501124440711
2607 0.681658825406216
2608 0.6816588182533507
2609 0.6399191193262335
2611 0.5967068207595212
2612 0.5967067796166642
2614 0.5524681074702327
2615 0.507709748626837
2616 0.507709742284687
2617 0.46298591900219715
2618 0.4629859253099632
2620 0.4188854878498684
2621 0.3760188018041811
2622 0.37601882744094833
2623 0.327252047608639
2625 0.28218120415737163
2626 0.28218127003898813
2627 0.24181496166790084
2628 0.24181493802947504
2629 0.20709360700947704
2630 0.20709358286974444
2631 0.17886237002776081
2633 0.15784625238691233
2634 0.15784626225628415
2636 0.14462813959700185
2637 0.13963017234644937
2639 0.14397076137243395
2640 0.1439707391320447
2642 0.15873943075243196
2643 0.17020940698323367
2644 0.16986104264902682
2646 0.16404150218611324
2647 0.16404150139819074
2648 0.16997663820367462
2649 0.1699766409715441
2650 0.17653741161174577
2652 0.17020939060339965
2654 0.17020939060384113
2655 0.17011836572352063
2656 0.17792390174812353
2657 0.17792390178010023
2658 0.1775423941955372
2659 0.1775398404640833
2660 0.1775423941954023
2661 0.17753964715384704
2662 0.17820415643929866
2663 0.17820415643772367
2664 0.17848539497640203
2665 0.1784853949761621
2666 0.1785488091152536
2667 0.17854873460182918
2668 0.17854880881349788
2669 0.17854871985022
2670 0.17854176069739996
2672 0.17859816574488377
2673 0.17859816574246398
2674 0.17865461011261805
2675 0.178654610110196
2676 0.1785488091028089
2678 0.1783468224060495
2679 0.17834683905400903
2680 0.1781450481646213
2681 0.17814506126420848
2682 0.1779434485463738
2683 0.17794344854782862
2684 0.17593640243273023
2685 0.17593640236177122
2686 0.17394587458579358
2687 0.17394587430457586
2688 0.17197187423610852
2689 0.17197187391753785
2690 0.1700144102888079
2691 0.1700144099709735
2692 0.1575007901839176
2693 0.15750074536769773
2694 0.14571025915554167
2695 0.14571027298757705
2698 0.1242977070072547
2699 0.12429771655791108
2700 0.11467158558465995
2701 0.1146715958606036
2702 0.0990189813052971
2703 0.09901904464971908
2704 0.08568780670605705
2705 0.0856878492398952
2707 0.07462928553631656
2708 0.0770808774214079
2709 0.07708085086731961
2710 0.06975980460420891
2711 0.069759821562108
2712 0.06369424222016694
2713 0.06369423975816262
2714 0.05884962604638904
2715 0.058849629136847256
2716 0.05518776863024592
2717 0.055187770390545024
2718 0.05266688778851608
2719 0.05266688950524535
2720 0.050941680475991354
2721 0.050941684802036466
2723 0.051395812174459786
2724 0.05386449607386943
2725 0.053864482886784
2726 0.058171400928273144
2727 0.058171394429490236
2729 0.06413009387854185
2730 0.07154534618780209
2731 0.07154534269524093
2732 0.08021445337856363
2736 0.10403917586953362
2738 0.11722233236592743
2741 0.13079215832686195
2742 0.14440055107489702
2743 0.14440054418891632
2744 0.1576996720529112
2745 0.15769966576550698
2747 0.18963577064951587
2748 0.1896755214165955
2749 0.16093554444204278
2751 0.1641251005072924
2752 0.164125100782421
2753 0.17467486148407924
2754 0.1746131215327581
2755 0.17467486148482542
2756 0.17460961210313644
2757 0.1647569820361543
2758 0.16475698203158318
2760 0.16538675346212137
2761 0.1683753914040534
2762 0.16837091974223156
2763 0.1683753913895367
2764 0.16837042290062126
2765 0.16584781705220397
2766 0.16584764762120002
2767 0.1653867534621081
2768 0.16539932750768654
2769 0.16539932664667015
2770 0.16541189983054888
2771 0.16541189896919115
2772 0.16542447129137047
2774 0.16546829573772415
2775 0.1654682898139208
2777 0.1655315401587561
2779 0.16565802508011285
2780 0.16578447846068997
2781 0.1657844784643261
2782 0.1659109003159397
2783 0.16591090031957484
2784 0.16717338619040942
2785 0.16717338634008205
2786 0.16843272763430134
2787 0.16843272747461127
2788 0.16968893093732332
2793 0.183302129039812
2794 0.19535698175745642
2795 0.19535698373752608
2796 0.20711342566207594
2797 0.2071134318582809
2798 0.2185781341626099
2799 0.21857813647295785
2800 0.2297575616236083
2801 0.22975756389728172
2804 0.29525342571910745
2805 0.2952535166425683
2806 0.3241432837320025
2807 0.3241430352208443
2808 0.3506819206026403
2810 0.3750174839198932
2812 0.39728425253743804
2813 0.3972842062971528
2814 0.42911253517147097
2815 0.4291123408365979
2816 0.45634232288855164
2817 0.45634208263424775
2820 0.4756012947174211
2821 0.4756015435684732
2822 0.49220780793741137
2823 0.49220773245457294
2825 0.5063383545753529
2826 0.5181550594507314
2827 0.5181550578904348
2828 0.5278062244168874
2830 0.5354293163366812
2831 0.5354293328075045
2833 0.541153003317641
2834 0.5463525561250215
2835 0.546352593419734
2836 0.5481136985146924
2842 0.5361582278941632
2843 0.5361583045031882
2844 0.5275263223486802
2845 0.527526386502907
2846 0.5171175359326412
2847 0.5171175962047149
2849 0.5026796292294979
2852 0.4698126322688242
2853 0.469812501312082
2856 0.43544977431292836
2857 0.43544974915790624
2858 0.4190963777352158
2859 0.4190963578644739
2860 0.4039887842246845
2861 0.40398879190358417
2862 0.39060245849110975
2863 0.3906024456832224
2864 0.37936570858794366
2866 0.37065106366629863
2868 0.3647670007932963
2869 0.3647669884463532
2870 0.36180603716497206
2872 0.3631121613391569
2874 0.36877635017298843
2875 0.3687763539623076
2876 0.3787434283651577
2878 0.39281172235516804
2880 0.4106372313414454
2882 0.43174245769856745
2883 0.4317424539360595
2884 0.45552933678955054
2885 0.45552933622019365
2886 0.481296434084486
2888 0.5010118922210958
2890 0.5210415473204213
2891 0.52104154755852
2892 0.5410427538231042
2893 0.5410427545726387
2895 0.5606671539762039
2896 0.5795666966537881
2897 0.5795666955749876
2898 0.5973997617106638
2900 0.613837261577681
2901 0.6138372610234405
2902 0.6285686409168584
2905 0.6409531962873463
2906 0.6512298323468904
2908 0.6591947590733894
2910 0.6646786301127229
2911 0.6646786075759102
2912 0.6675499281265149
2913 0.667549905214025
2914 0.6677177840825874
2915 0.6677177635778404
2916 0.6651341381135307
2917 0.6651341204327279
2918 0.6607759319724349
2919 0.660775923538022
2920 0.6544535233400818
2921 0.654453523051748
2923 0.6462137273831756
2924 0.6361266802293084
2925 0.6361266796548971
2928 0.6108048168799447
2929 0.6108048179106975
2931 0.5958211203193629
2932 0.5788056301543275
2933 0.5788056336420916
2936 0.5412042585032047
2937 0.5412042651602962
2938 0.521065513837551
2939 0.521065521842924
2940 0.5003577541261078
2941 0.5003577634439389
2942 0.4793376466313892
2943 0.4793376570839594
2944 0.4582696666083953
2945 0.4582696781322352
2947 0.4282228320086889
2948 0.3994584121106218
2949 0.39945850887508216
2950 0.37277842164298225
2952 0.34894537051225405
2953 0.34894531815742835
2954 0.32866206760519995
2955 0.32866205603135135
2956 0.3125509724618449
2957 0.3125509753217461
2958 0.30113563633124485
2959 0.3011356274433805
2960 0.2948245208007489
2961 0.2948245079608813
2962 0.2938976072279565
2964 0.2984960442611159
2965 0.2984960228900367
2967 0.3086153187113896
2968 0.32815314665563494
2969 0.32815308969560353
2970 0.35506674522909504
2971 0.3550666599228965
2972 0.3884756212881082
2973 0.38847564671529683
2975 0.4272171518543448
2976 0.4698846824538686
2977 0.46988471277543686
2978 0.5148780782303795
2979 0.5148780808000233
2980 0.5604619687864132
2981 0.5604619853748478
2982 0.6048318790210886
2983 0.6048318986693438
2984 0.6461842091474859
2985 0.6461842274104339
2986 0.6827883494544522
2987 0.6827883829363667
2990 0.7356169455012391
2991 0.7356169883428482
2992 0.7450611892038477
2993 0.7450611931732346
2994 0.751068527500341
2995 0.7510685259351262
2996 0.7534964565186353
2997 0.7534964597445206
2998 0.752252592240115
2999 0.7522525955328995
3000 0.74729680475224
3002 0.7386426532361512
3003 0.7386426570839988
3004 0.7263580573297203
3005 0.7263580601057589
3006 0.7105651385374446
3007 0.710565142266134
3008 0.6922528959380124
3009 0.6922528988708034
3011 0.6777974537639744
3012 0.6778069527651854
3013 0.6872167721366627
3014 0.6872167722269573
3015 0.6820042688000668
3016 0.6820042685515431
3017 0.6766190974428095
3018 0.6766190977130324
3019 0.6776748471242595
3020 0.6777054988694796
3021 0.6776748471242825
3022 0.6777072411791782
3023 0.6762838468219358
3024 0.6762846504449517
3025 0.6766190977139491
3027 0.6765096256324443
3028 0.6766190977139491
3029 0.6766081572582447
3030 0.6766081565830003
3031 0.6765972154521146
3032 0.6765972147769015
3033 0.6765862729708341
3035 0.6765753298144357
3036 0.6765753291392858
3037 0.6765643859829504
3038 0.6765643853078321
3039 0.6765424962947834
3040 0.6765424962948469
3041 0.6765206045816089
3044 0.6764987101687833
3046 0.6762796176024002
3048 0.6760958148930901
3049 0.6761730667355527
3050 0.6761731196509271
3051 0.676250025261838
3053 0.6765619130312134
3054 0.6765619126282402
3055 0.6768658193170595
3057 0.6771616820536889
3058 0.6771616815778759
3059 0.6784881175807297
3061 0.678049759713169
3062 0.6780497591332159
3063 0.6773458163067565
3064 0.6773458162403254
3065 0.677526691340613
3067 0.6777043069876076
3068 0.6777043069947903
3069 0.6778786627892855
3071 0.6782175945305563
3072 0.6782175945673512
3073 0.6785434858787966
3074 0.6785434858599115
3075 0.6788563361148248
3076 0.6788563360958306
3077 0.6791561449812018
3078 0.6791561449806651
3081 0.6815935178232883
3082 0.6815935162756065
3085 0.6819931134425131
3086 0.6819931152552858
3089 0.6772333871957483
3090 0.6772333849584418
3093 0.6613574883682107
3096 0.645358231815655
3098 0.6250769518482632
3099 0.6006591481956781
3100 0.6006591822752015
3101 0.5722602409226161
3102 0.5722602576213228
3103 0.5400403065546936
3104 0.5400403203974615
3105 0.5041593350440464
3106 0.5041593478960827
3107 0.4647721771296696
3108 0.4647721885659864
3109 0.42202363042279906
3110 0.4220236406824613
3111 0.3760435916655297
3114 0.3093222230549502
3116 0.23715237663339037
3118 0.15963135658529312
3119 0.11185764031258594
3120 0.11018688564815983
3121 0.11032948841660532
3122 0.13941540367730337
3123 0.13941540306277314
3125 0.11886277161137285
3126 0.10976655961707531
3127 0.10962627326583581
3129 0.10976655961613875
3130 0.10961993035720022
3131 0.10962320060457921
3132 0.11471166564832008
3134 0.11054698878220165
3137 0.10916143025682917
3138 0.10916878752206885
3139 0.10916087333344401
3140 0.10971242323167119
3141 0.10971242323034115
3142 0.1090157919710698
3143 0.10901570499466726
3144 0.1090649576349123
3145 0.10906457579123495
3146 0.10904942135066796
3148 0.10902240944901183
3149 0.10902239984107026
3150 0.10902909482834439
3151 0.10902909483070511
3152 0.10903579005859237
3153 0.1090357900609377
3156 0.10906257350101795
3157 0.10906257349709927
3158 0.1090759667917226
3159 0.10907596679171411
3160 0.10908936118704493
3161 0.10908936118703644
3162 0.10922337391690524
3164 0.10935753780101769
3165 0.10935753772570796
3166 0.10949188987389281
3167 0.1094918897884889
3168 0.10962646708343385
3169 0.1096264669982258
3170 0.11099263425581565
3171 0.11099259431407268
3172 0.11242033169981265
3175 0.11394331826883965
3176 0.11559315224597856
3179 0.11739964009002157
3181 0.12054846945877751
3183 0.12422654689443588
3184 0.12851695936859517
3185 0.12851689411876355
3187 0.13349275734643448
3188 0.13921786872090405
3189 0.13921786396561006
3191 0.1457466772139674
3192 0.1568899947454745
3195 0.16997418081703078
3196 0.18506945582127535
3197 0.18506949465065747
3198 0.20220819275070046
3199 0.20220821156159047
3201 0.22138630869676507
3203 0.24256511456067756
3204 0.2656730983935087
3205 0.2656731025754547
3206 0.2982274211809426
3208 0.33353829849385164
3209 0.3335383243783547
3210 0.3712405428843638
3211 0.37124055258813476
3212 0.41090419922485993
3213 0.41090420207475714
3214 0.45204355274798996
3216 0.49412648790106034
3217 0.4941264725101381
3218 0.5365843844052215
3220 0.5884483773499704
3221 0.5884483207129817
3222 0.6388411193110908
3223 0.6388410459313041
3224 0.6866192496008117
3225 0.6866192685962447
3226 0.7306640648877244
3227 0.7306640850709342
3229 0.7699104871487605
3230 0.8033758613448949
3231 0.8033758475940882
3232 0.8301865644894894
3234 0.849602399488061
3235 0.8496024035233961
3237 0.8604321581325406
3239 0.8641689782166966
3241 0.8606184267700401
3242 0.8497263383506966
3243 0.8497263525386106
3245 0.8315829351260982
3246 0.8517558525492841
3247 0.8527352863259918
3248 0.8528236665780062
3249 0.8259384944435773
3250 0.8259384946968351
3251 0.8330200678264189
3253 0.8330200678263197
3255 0.8247573435527169
3256 0.8247573435389599
3257 0.8268073939221103
3258 0.8268112704224383
3260 0.8268115638625652
3262 0.8251055984029119
3263 0.8247573435389436
3264 0.8247335471531163
3265 0.8247335402244422
3266 0.824762765652983
3267 0.8247627574662741
3268 0.8248056415647012
3269 0.8248056343132646
3270 0.8248485111604221
3272 0.8248913735044057
3273 0.8248913662527694
3275 0.824977076436764
3276 0.8250627576135128
3277 0.8250627576131135
3279 0.825148409780923
3280 0.8260033358350322
3281 0.8260033358204056
3282 0.8268553601201614
3283 0.8268553601457279
3284 0.8277044819925219
3285 0.8277044820023802
3286 0.8285507006486151
3287 0.8285507006585052
3288 0.836853062594322
3290 0.8448644834632077
3291 0.844864482367316
3292 0.8525846076604944
3293 0.8525846026317866
3294 0.8600133160908717
3295 0.8600133151772469
3297 0.8671507371167794
3298 0.8865139575392954
3299 0.8865139265687639
3301 0.9033663096469803
3302 0.9177442093539563
3303 0.9177442383953515
3304 0.9149743773992204
3307 0.925049685367769
3308 0.9336232929603399
3309 0.9336232904541725
3311 0.9407319978201174
3312 0.9464180069755839
3313 0.9464180034865076
3314 0.9507286442197556
3315 0.9507286410322745
3316 0.9547544810224192
3317 0.954754471023579
3318 0.9559505212512718
3320 0.9545388711574666
3321 0.9545389006398249
3322 0.9507609751455243
3323 0.9507609899596824
3324 0.94487499392011
3325 0.9448750032848631
3327 0.9371536464932838
3328 0.9278817820056336
3331 0.9188553727069722
3333 0.9090871893181689
3334 0.8987749607901087
3335 0.8987749637185869
3337 0.8881187546846313
3338 0.877320054868948
3340 0.8665809604194531
3341 0.8665809621784789
3343 0.8561033861814084
3344 0.7709271572785807
3345 0.7742638602776551
3346 0.7739648453283542
3349 0.8458883842063034
3350 0.8458214724596161
3351 0.8458930122901477
3352 0.8458913370892701
3353 0.8551343285441739
3354 0.8551343285469716
3355 0.8541695693602145
3356 0.8541695693530422
3357 0.8532092773474683
3358 0.8532092773537088
3359 0.850948049233265
3360 0.8509516509239125
3362 0.8509519235618056
3363 0.8530177698633239
3364 0.8530177698632799
3365 0.8528264491570783
3366 0.8528264491570169
3367 0.8526353165835674
3368 0.8526353165834771
3370 0.8519756118984951
3371 0.8519753024199903
3372 0.8519756738395137
3376 0.8525589165350629
3377 0.852386384245378
3378 0.8523864055113246
3379 0.8521271413436314
3380 0.8521271496498387
3381 0.8518680190501267
3382 0.8518680190213656
3383 0.8516090136000722
3384 0.8516090135713275
3385 0.8490258325614237
3386 0.8490258313924054
3387 0.8464551022202682
3388 0.8464551035484981
3389 0.8438967731946541
3391 0.8413507840465653
3392 0.8413507841883865
3393 0.8165573835444675
3394 0.8165574475088687
3395 0.7929384645148785
3398 0.7704424375599314
3399 0.7490213099214632
3401 0.7286294195228701
3402 0.728629354045937
3403 0.6982117635439491
3405 0.6701305807585404
3407 0.6442408969224575
3408 0.6442412384001217
3409 0.62041138831159
3410 0.620411447534808
3411 0.5985208006108732
3412 0.5985208392765708
3413 0.5784595538919987
3414 0.5784595906996591
3415 0.5507962296292149
3416 0.5507963597899181
3417 0.5269408719781565
3418 0.5269410175650878
3419 0.5066016992952316
3421 0.4895191170392497
3422 0.4895189826574554
3424 0.4754626678133178
3426 0.46422355919702635
3427 0.45561032879685204
3429 0.4482328587939606
3430 0.44823280495378737
3435 0.4460970910576347
3436 0.4460970126898257
3437 0.4510283077693052
3438 0.45102823916218765
3439 0.4582797173136016
3440 0.4582796603894535
3441 0.46754910927770854
3442 0.4675490550489885
3444 0.4814630308465688
3445 0.4974363632826786
3446 0.4974362634020668
3447 0.5148608993562657
3448 0.5148610446381308
3450 0.533126539156012
3451 0.5516254580663982
3452 0.5516254833269323
3454 0.5697624854998956
3456 0.586963617322964
3457 0.6026867453295495
3458 0.6026867587146292
3459 0.6124533408095388
3460 0.612453343192806
3461 0.6211165266127615
3462 0.6211165241986959
3463 0.6285381780257183
3464 0.6285381763265512
3465 0.6345955568372701
3466 0.634595546989249
3467 0.6391826745276392
3468 0.639182665753919
3469 0.6422116182431935
3470 0.6422116103300032
3471 0.643613617992521
3472 0.6436136101920685
3474 0.6433399619489037
3475 0.6413627471265959
3476 0.6413627412662319
3477 0.6376753004614178
3478 0.6376752956001949
3480 0.6322925049053452
3482 0.6252508016803503
3483 0.6166079457540651
3486 0.6037643014845554
3487 0.5887669859590774
3488 0.5887669851949284
3489 0.5718544350956907
3490 0.5718544417768842
3491 0.5533061525160925
3493 0.5334380391075502
3495 0.5125970275991666
3496 0.5125970508900829
3498 0.4911550505648494
3501 0.43867839527618213
3503 0.4138077254149199
3504 0.41380768641115406
3505 0.39081726427702174
3507 0.3703931318613979
3508 0.3703931304528066
3509 0.35316469595953637
3510 0.35316470193006605
3511 0.33968559303797263
3512 0.33968558934520504
3514 0.33041647762814647
3516 0.3260953424319488
3518 0.3252738111895781
3519 0.3280345486523295
3520 0.3280345421208509
3521 0.33438805947617123
3522 0.33438805135958083
3523 0.34427114496264716
3524 0.3442711378734248
3525 0.3575467903876067
3526 0.3575467806054251
3527 0.3740055747317835
3528 0.3740055660628113
3529 0.39336863756068097
3530 0.39336862724097543
3532 0.4108750415030178
3533 0.4298402090569022
3534 0.4298402053002878
3535 0.4500324440955551
3537 0.471200124895236
3538 0.4712001159994572
3544 0.5378068321137008
3545 0.5692854362388994
3546 0.5692853862358361
3547 0.5995734578881683
3549 0.5944675733683658
3550 0.5944675196623789
3551 0.6183546735387087
3552 0.6183547363035355
3555 0.6604115962721719
3558 0.6777339003149652
3559 0.6920832070086964
3560 0.6920832115653355
3561 0.7031414694608454
3563 0.7106456827810609
3564 0.710645686394937
3565 0.7143938154123656
3566 0.7143938192207379
3567 0.7142495722281106
3568 0.7142495764715654
3570 0.7101461165789954
3571 0.6999641173813366
3572 0.6999641286886317
3573 0.6842029373238964
3574 0.6842029675958419
3575 0.6631648822469438
3576 0.6631649125581476
3577 0.637300155865983
3578 0.6373001897181738
3579 0.6071980622961387
3580 0.6071980962728669
3581 0.573574161995907
3582 0.57357419700686
3583 0.5372538329942582
3584 0.5372538668536585
3585 0.499152499051032
3586 0.4991525313393204
3587 0.47282962104914844
3590 0.4464573036920246
3591 0.42035839285838006
3592 0.4203584060686266
3593 0.3948571153124921
3594 0.394857127910563
3595 0.3702750265479171
3597 0.34692710356186174
3599 0.32511774916203945
3600 0.32511776537852194
3601 0.3022449609161626
3602 0.3022449875037841
3603 0.28222013877857904
3604 0.28222018628253853
3608 0.25216860686131676
3609 0.24274673347181003
3610 0.24274677217149676
3612 0.23737125330692602
3613 0.23619782620813395
3614 0.23619785871092933
3615 0.23905783801852637
3617 0.24581135749095276
3618 0.24581137152091462
3620 0.2564208843945641
3621 0.27079142740726825
3622 0.27079143615085616
3623 0.2887710806179337
3624 0.2887710862802178
3625 0.3067225919061782
3626 0.30665616756074127
3627 0.3066507861073075
3628 0.2938067878073009
3629 0.29380678781948416
3630 0.2990515714510392
3631 0.29905157140889443
3634 0.3067226399576792
3635 0.30670602028339966
3636 0.3067226399529341
3637 0.30670507559130844
3638 0.30561567707852216
3639 0.30561567707815723
3640 0.3067379032137202
3642 0.30780513228178324
3643 0.3078050629028488
3644 0.30725440817504746
3647 0.3074022058929193
3648 0.30772395024518784
3649 0.3077239013234771
3653 0.3077888084365839
3654 0.3077888111723235
3655 0.3077806868345468
3657 0.3077725679682765
3659 0.3077644518377828
3662 0.3077482277841596
3663 0.3077320119379008
3664 0.307732011937937
3666 0.30771580703496315
3667 0.30755435989790453
3668 0.30755435989922225
3669 0.30739400716864773
3670 0.3073940071662891
3672 0.3072347489044179
3674 0.307076585179694
3675 0.3055551608344377
3676 0.30555516038880837
3677 0.30414324541600585
3679 0.3028408693460186
3680 0.3028408698471447
3681 0.3016480406817035
3682 0.3016480407886551
3683 0.30056474402062927
3685 0.2969090486568501
3687 0.2957212691834657
3689 0.2969812962372864
3690 0.2969812720021847
3691 0.3006595293500418
3693 0.3067183196628974
3694 0.3067183336143382
3695 0.31511240822441805
3696 0.3151124208729526
3697 0.33066718845101606
3698 0.33066721816192535
3699 0.35052705095120557
3700 0.3505270666369251
3701 0.37451638581933394
3703 0.3684777341695447
3704 0.36847770433540633
3705 0.3887524626647619
3707 0.41126632545920705
3709 0.4359331273646102
3710 0.4359331306051965
3711 0.462667273258333
3713 0.49138481572326786
3715 0.5220049617925409
3716 0.5220049598318959
3717 0.5618228380280353
3718 0.5618228351518401
3720 0.6042318664509733
3722 0.6491214790766082
3723 0.6964006255900984
3724 0.6964006219684094
3725 0.7460010115399794
3726 0.7460010091936222
3727 0.7978802489036939
3728 0.7978802475410048
3729 0.8520248503861201
3731 0.9423340795555677
3732 0.9423340838362811
3733 0.9156851496228012
3734 0.9221785463427877
3738 0.9377715068344892
3739 0.9374050489031782
3740 0.9377973703795184
3741 0.937787655628633
3742 0.9414942786125438
3743 0.9415103500999712
3744 0.9423340866466338
3746 0.9423177134003622
3747 0.9423340866466337
3748 0.9423807043788026
3751 0.9423889919779007
3753 0.9423800797482053
3754 0.9423711675179445
3755 0.942371167801449
3756 0.9423622558543439
3757 0.9423622561374995
3758 0.9423444333748654
3759 0.942344433374168
3760 0.9423266117410174
3761 0.9423266117396226
3762 0.9423087912321205
3763 0.9423087912307263
3764 0.9421306475110398
3765 0.9421306474534866
3766 0.9419526131064532
3767 0.941952613167068
3770 0.9415968619934493
3771 0.9415968619962158
3772 0.939823737223815
3774 0.9380580112762544
3775 0.9380580109435999
3776 0.9362970183543076
3777 0.936297016912969
3779 0.9345381584149485
3782 0.9261148735155706
3783 0.9261148549422005
3784 0.9192874897507882
3785 0.9192874683141127
3786 0.9121850489175691
3787 0.9121851049691877
3788 0.9047077498518257
3789 0.9047077690652258
3790 0.8967666839561389
3792 0.8882839256531128
3793 0.8882839352893648
3795 0.8731754843083949
3798 0.8372784135817918
3799 0.8372782864709135
3800 0.8162196153316635
3803 0.7930088712719647
3804 0.7676582037500795
3806 0.7402317550294295
3807 0.7402317429454777
3808 0.7108425533356588
3809 0.7108425391745066
3810 0.6796484315362797
3811 0.6796484209277736
3813 0.6468482158619501
3814 0.5981920500784763
3815 0.5981920372738849
3816 0.5475762228086037
3817 0.5475762161681226
3818 0.4958811044749484
3819 0.4958811796659272
3820 0.44406691096100986
3821 0.4440669661437104
3823 0.3931465770046763
3824 0.3441586471977263
3825 0.3441586818631625
3826 0.29814026937877697
3827 0.29814028066924436
3828 0.2560996804768225
3829 0.25609969560367774
3831 0.21899033390524814
3832 0.1876857299928753
3833 0.18768573085470844
3834 0.16295633196283615
3835 0.16295633499549061
3838 0.13580097807144556
3839 0.1358009703497742
3840 0.1338784488640086
3841 0.1338784372933458
3842 0.14001423184651093
3844 0.15421476285267138
3846 0.16504687015022976
3848 0.16476865073649818
3851 0.16429392920379401
3852 0.16429393035620177
3853 0.17006376577551727
3854 0.17006376409357446
3855 0.16504686275491703
3856 0.16498330103662023
3857 0.16504686275508332
3858 0.16498042715561181
3859 0.17127546383522715
3860 0.17127546384972478
3862 0.17171634308795364
3863 0.17171732648696503
3864 0.17171626864740377
3865 0.1715201014077915
3867 0.1717655039177317
3868 0.17176550391747794
3870 0.17201167098590198
3871 0.17217243418522507
3872 0.17217240851045848
3873 0.17171718252578277
3875 0.17179940816875217
3876 0.17179927064917502
3877 0.17209774389767243
3878 0.17209773839098422
3879 0.1720230895441361
3881 0.17194846194303975
3882 0.17194846194329574
3883 0.1717992704749759
3884 0.17179927047539817
3885 0.17165016399069705
3886 0.17165016399026103
3887 0.1715011424918557
3888 0.17135220598418366
3889 0.16986751628077007
3890 0.1698675162619083
3891 0.1683913299587804
3892 0.16839132988336558
3893 0.16692365061920028
3894 0.16692365053362346
3895 0.1654644817759801
3897 0.1524356421427641
3898 0.15243561046782636
3899 0.14012945856637615
3901 0.12854630901952147
3902 0.1285463455278223
3904 0.11768512866767825
3906 0.1075433079908066
3907 0.09123515016066946
3909 0.07716778468177846
3911 0.06529594374011712
3912 0.06529589003986473
3914 0.06782313490024822
3915 0.05975809271871421
3916 0.059758108052419004
3917 0.0529428054848712
3918 0.052942803687433745
3919 0.047343276003107074
3920 0.047343278998672175
3921 0.042921789098374255
3924 0.03963697924992169
3925 0.036761901817568214
3926 0.03676190654853806
3927 0.03612843938340128
3928 0.03612844227403243
3930 0.037563572846514875
3931 0.04088161119636582
3932 0.04088160394636108
3933 0.0458856094313598
3935 0.05236885883910335
3936 0.052368854966584416
3937 0.06011626200677915
3938 0.06011625823238243
3939 0.06972607667376708
3940 0.06972607184009307
3941 0.08027646078359933
3942 0.08027645399472888
3943 0.09146744203513979
3944 0.09146743646243691
3945 0.10299489783263081
3946 0.10299489233158644
3947 0.11455225793847731
3948 0.11455225299926727
3950 0.12583208693046163
3951 0.1855286791469252
3952 0.1839820133414501
3953 0.18406960068742043
3956 0.13802261748427005
3957 0.13794380965954864
3959 0.12638328345392516
3962 0.12836862066221572
3963 0.12836575871506295
3964 0.12649334404700388
3965 0.12649334397054526
3967 0.12660334419526678
3970 0.12683603355603454
3971 0.1268359844543605
3972 0.12723990297734528
3973 0.12723985168627278
3974 0.12764343277142712
3975 0.12764343287085872
3976 0.12844973725462128
3977 0.12844973785079689
3978 0.1292549001140737
3979 0.1292549009078211
3980 0.13005892283436898
3982 0.13803673962103996
3985 0.14590231056367986
3986 0.1536570891322379
3987 0.1536570773847457
3988 0.16130259107863254
3989 0.16130257950790153
3990 0.1846226335504605
3991 0.18462244496562316
3992 0.20692295520896822
3993 0.2069230677416906
3994 0.2282459868418926
3995 0.22824617053185772
3997 0.24863120642874717
3998 0.26811536370215244
4001 0.3027484412622211
4002 0.33448160776318386
4003 0.3344817074055689
4004 0.36351445260087867
4005 0.3635138871041894
4006 0.35743955219026724
4007 0.3574392847861388
4008 0.3788269257342009
4009 0.3788270332321717
4010 0.3987245768417338
4011 0.39872451068788034
4012 0.41720494722852935
4013 0.41720493866403013
4014 0.4343357501595444
4015 0.4343357365198394
4017 0.4501790946922661
4018 0.4745089999005868
4019 0.47450892203436906
4020 0.4954830488592508
4021 0.4954829339629785
4022 0.5133316797757637
4023 0.5133318813555755
4024 0.5282612842973405
4025 0.5282613862748976
4026 0.5404568338320918
4027 0.5404568586935268
4028 0.5500876236876666
4029 0.5500876519444162
4030 0.5573107372571691
4031 0.5573107516522589
4032 0.5633385166775476
4033 0.5633385604190473
4035 0.5658634169500255
4036 0.565182840976714
4037 0.5651829183918432
4038 0.5615905362905061
4040 0.5553806608542433
4041 0.5553807256117005
4043 0.5468515310612713
4044 0.5363072951539051
4045 0.5363073468777801
4046 0.5208356906695938
4047 0.5208357874661697
4048 0.5033392103169501
4049 0.5033393074946021
4050 0.48444620454322507
4052 0.4647913565668336
4053 0.464791264072903
4054 0.44500892760128696
4055 0.4450089058006892
4056 0.42572208116830507
4057 0.4257220586448184
4058 0.4075318269656195
4059 0.4075318399129952
4060 0.39100576444892426
4061 0.3910057523060991
4062 0.38042926053146736
4064 0.37116526928763577
4065 0.3711652715647356
4066 0.3633735147905039
4067 0.3633735184083952
4069 0.35719421423544273
4070 0.35274622259115546
4073 0.35012549673569976
4074 0.34940356618719326
4076 0.35062659148589326
4077 0.3506266001992409
4078 0.35381441557092097
4079 0.3538144232246961
4080 0.35896011798008925
4081 0.3589601241573611
4082 0.3660298188813071
4084 0.37496283745538306
4085 0.3749628406392459
4086 0.3856721908598106
4087 0.38567219245300843
4089 0.4008786992388748
4090 0.41828253474048216
4091 0.41828253087493183
4092 0.4375872131670131
4093 0.43758720054904016
4094 0.45845290701256947
4097 0.48050240363544444
4098 0.5033280126825257
4099 0.5033279800958099
4100 0.526498813204927
4101 0.5264987742497276
4102 0.5538429665549887
4103 0.5538428894784511
4105 0.5802881799679568
4106 0.6050857992707172
4107 0.6050858496966639
4108 0.6275159001760396
4109 0.6275159388981049
4110 0.6469078727317189
4111 0.6469078787879267
4112 0.6626601896933023
4113 0.6626601863627901
4114 0.6742586220952255
4115 0.6742586293674067
4116 0.6812923785508339
4117 0.6812923888335267
4118 0.683422484602492
4119 0.6834225025597831
4120 0.6796341736999761
4122 0.6699105356738854
4123 0.6699105788794465
4124 0.6544272164575224
4125 0.6544272682834599
4126 0.6335513712756629
4128 0.6078342417498322
4129 0.607834303299221
4130 0.5779976221566893
4131 0.5779976858887071
4132 0.5449144282445804
4134 0.5201495267200592
4135 0.520149545558046
4136 0.4946449224940024
4137 0.4946449044186983
4138 0.4688006196966969
4139 0.4688006408211609
4141 0.4430290014735696
4143 0.41774793958637174
4146 0.3703178325701675
4149 0.3489729102885432
4150 0.34151804322461055
4151 0.34151804329179425
4152 0.33437278147594385
4153 0.33437278131721826
4154 0.32755509028796104
4155 0.3275550904710005
4156 0.32108231299413986
4157 0.32108231294261197
4158 0.3149711239467264
4160 0.30923749035287085
4161 0.3092374903820443
4162 0.30389663001315476
4164 0.29708219179364487
4165 0.2970821919385283
4166 0.2911091375916121
4167 0.29110913886924605
4168 0.28601133267850914
4169 0.2860113362627886
4170 0.2818190546029995
4171 0.28181905931720086
4172 0.27855882203902266
4173 0.2785588270976739
4174 0.27625324670853674
4175 0.27625325205812495
4176 0.2745660251613934
4177 0.27456607578131975
4178 0.27648606459808134
4179 0.27648617786575497
4181 0.27585399593432286
4182 0.27955220318327395
4183 0.27955213483555424
4184 0.2856536615099179
4185 0.28565367598231395
4186 0.2941260833025975
4187 0.29412607960206305
4188 0.30491103502166694
4189 0.3049110388206291
4190 0.3179247762916397
4191 0.317924776364207
4192 0.3330585822376724
4194 0.3501796450192806
4195 0.35017964407737406
4196 0.36913213204441697
4198 0.38973855050833595
4201 0.42206056592454244
4202 0.45676199448502586
4203 0.4567619608718519
4207 0.5303330815209572
4208 0.5676062428941061
4211 0.6040996149211746
4212 0.6389813881898245
4213 0.6389813781470949
4215 0.6714393640189886
4216 0.7006996783086215
4217 0.7006996729228343
4219 0.7260447321368959
4220 0.7468304574462317
4221 0.7468304584170691
4222 0.7614023975041427
4223 0.7614024009894927
4224 0.7713253120367048
4225 0.7713253150863334
4226 0.7763290193107112
4227 0.7763290248051665
4228 0.776230907986089
4229 0.7762309142969075
4230 0.7709409255235111
4231 0.7709409327510898
4232 0.7604649474614433
4233 0.7604649560341816
4234 0.7449063936927748
4235 0.7449064027651594
4237 0.7244660489191355
4239 0.7221311678799761
4240 0.7222190079338939
4241 0.7167904928192289
4242 0.7167904931277855
4243 0.7130646567267825
4245 0.7130646567267628
4248 0.7151978306697702
4250 0.7135862239218105
4251 0.7119557788694665
4252 0.7119557788017609
4253 0.7120144390718991
4254 0.7120168755844829
4255 0.712014439071992
4256 0.7120170140808869
4257 0.7116274386041683
4258 0.7116274386046892
4259 0.7113650331585549
4260 0.7113650547884409
4261 0.7115832597053129
4262 0.7115833726336626
4264 0.7115774574713545
4266 0.7114076262771745
4267 0.7114501622315614
4268 0.7114501562445215
4269 0.711492643511963
4270 0.7114926435116156
4271 0.7115350880846154
4273 0.7116198491403798
4274 0.711704439404653
4275 0.7117044394046774
4277 0.711788858872193
4278 0.7118731075376454
4279 0.7118731075376697
4280 0.7127061989551884
4281 0.7127061989669713
4282 0.7135222048478362
4283 0.7135222048457878
4284 0.7143211209041235
4286 0.7151029434092726
4287 0.7151029434083108
4288 0.7158676692782001
4289 0.715867669277222
4290 0.7225743411428645
4291 0.7225743383525527
4292 0.727572154567968
4293 0.7275721463513963
4294 0.730867174758166
4295 0.73086717600897
4296 0.7324707303916526
4297 0.732470726205798
4298 0.732399004390696
4299 0.732398998827086
4300 0.7306727833617411
4301 0.7306727782628193
4302 0.7225232682426262
4303 0.7225232223049999
4304 0.7082773700991052
4305 0.7082772890777199
4306 0.712681077260641
4307 0.7126810447470606
4308 0.6996815872611154
4309 0.699681661144866
4310 0.7028980466916458
4311 0.7028980795752113
4312 0.6912815605698137
4313 0.6912815241379673
4314 0.6778898547694875
4315 0.6778898805791804
4316 0.6627844252074935
4317 0.6627844166100195
4320 0.6276869928394379
4321 0.6276869930152829
4322 0.6078254297744623
4324 0.5749535201841545
4325 0.5749535232819654
4326 0.5389630087559802
4328 0.5000716609758156
4329 0.5000716735049381
4330 0.4584840418185712
4332 0.414386647575319
4334 0.36794319206535187
4335 0.3679431993067068
4337 0.31929010457575263
4338 0.2754879435844924
4339 0.2754879456220237
4340 0.2301568493653009
4341 0.2301568489610807
4342 0.1833214742615262
4343 0.18332147453865444
4344 0.13498281554046895
4345 0.13498281442736676
4346 0.08511649155034531
4347 0.0851164902247023
4348 0.03367112934259848
4349 0.033671127261593034
4350 0.00785874525168451
4351 0.006971385771245443
4352 0.007023147828539619
4354 0.02055434437481364
4355 0.007332486292738749
4357 0.0023451560339217987
4358 0.0022773550881363016
4359 0.002345156033003812
4360 0.002273501140644451
4361 0.0046753622196745405
4362 0.0046753622176460286
4363 0.002013955343470456
4364 0.0020139553459309076
4366 0.00024630413345795295
4368 0.0002461193765045365
4369 0.0014811588406495333
4371 0.0009481903557434331
4372 0.0009481902992323787
4373 0.00041504974969211456
4374 0.00041504969302664726
4375 0.0002479668174935554
4376 0.0002472279172089895
4378 0.0002470802316447664
4381 4.496230317766336e-07
4382 4.472547587635642e-07
4383 8.284729603161644e-05
4384 8.279136938780748e-05
4385 0.00016511756596407817
4386 0.00016511758680899161
4387 0.000247425869340566
4388 0.00024742589019080693
4389 0.00032971632015667377
4390 0.0003297163409881021
4391 0.000494243802833909
4393 0.0006587004648002191
4394 0.0006587004298967365
4395 0.0008230864439451041
4396 0.000823086443782034
4397 0.0009874022112467368
4398 0.000987402211080337
4401 0.004259473530654236
4403 0.005885840986011546
4404 0.005885841065422579
4405 0.007506193148270343
4406 0.007506193157588143
4408 0.009120847429012107
4409 0.020942477005379528
4410 0.020942485007679576
4412 0.032588601853123865
4413 0.04416937979761458
4414 0.04416934578682239
4415 0.05578421426269851
4416 0.05578419699357512
4417 0.06752242944739274
4418 0.06752241871282254
4419 0.07946350184599069
4420 0.07946349190305488
4421 0.10347701988754833
4422 0.10347693933953454
4423 0.12892892188089253
4429 0.21637327641847864
4430 0.21637333861507455
4431 0.24952588856505256
4432 0.24952596994736964
4435 0.3214569035148012
4436 0.321456938891922
4437 0.3598413668523178
4438 0.35984139571668644
4439 0.3994701913242151
4440 0.39947020646949055
4441 0.4511874407657617
4442 0.4511874641364599
4444 0.5035532326357559
4445 0.5556717749680079
4446 0.5556716835057256
4447 0.6065885446777791
4448 0.6065884890608956
4449 0.655319204536442
4450 0.6553191682752821
4451 0.700877401130203
4452 0.7008773660984551
4453 0.742302415009415
4455 0.7786858660992665
4459 0.8331038182579016
4460 0.8331038205893283
4461 0.8497983095630923
4462 0.8497983091555714
4463 0.8594286751031752
4464 0.8594286916733075
4465 0.858675879837524
4466 0.8586759125222336
4467 0.847371712777959
4469 0.8256406190644912
4470 0.8256406734965278
4471 0.857931548256461
4472 0.859592053947871
4473 0.8597719119828242
4474 0.8259376381370936
4476 0.8259863564577145
4477 0.8259376381371251
4478 0.8259872166947535
4479 0.8242867183869257
4480 0.8242867184053374
4481 0.8229077584277449
4483 0.8215038706912042
4484 0.8215038707047578
4485 0.8234546467782955
4486 0.8234594874598083
4487 0.8234546467775785
4488 0.8234598538865263
4490 0.8214376893256387
4491 0.8215038707047678
4493 0.8214755342366039
4494 0.8214471977696696
4495 0.8214471878295198
4497 0.8214188314835164
4498 0.8213904751381294
4499 0.8213904651992107
4503 0.8213053166597046
4504 0.8213867988993704
4507 0.8214883762766163
4509 0.8217266755027257
4510 0.8219647447654407
4511 0.8219647447565214
4512 0.8222025840297227
4513 0.8222025840208779
4514 0.8245683238245933
4515 0.8245683235780008
4516 0.8269110448787944
4517 0.8269110458094882
4519 0.8292307354609357
4520 0.8315273782077524
4521 0.8315273788240023
4523 0.843378062778596
4524 0.8545727586213837
4525 0.8545727435483217
4526 0.8651114857480214
4527 0.8651114418151495
4530 0.8842266406444422
4531 0.884226632590446
4532 0.9004395857890936
4533 0.9004395219751798
4534 0.9141975771652153
4535 0.9141975257550898
4537 0.9255532533147018
4538 0.9229132446585305
4540 0.9303124302202138
4541 0.9303124122329764
4542 0.9364265930777481
4543 0.9364265957421708
4544 0.9412916160609239
4545 0.9412916127276353
4546 0.9449471742381667
4547 0.9449471723547199
4548 0.947436704470264
4549 0.9474367026341388
4550 0.9490658291816843
4551 0.9490658248688288
4552 0.9485474491362674
4553 0.9485474470630815
4554 0.9460437542596597
4555 0.946043767040022
4556 0.9417281748239688
4557 0.9417281810344635
4558 0.9357839570617349
4559 0.9357839611105752
4560 0.9284029282222226
4561 0.9284029315624949
4562 0.919784172707541
4563 0.9197841759557164
4564 0.9082744777154758
4565 0.9082744833163452
4567 0.8956682882544684
4568 0.8823199100046767
4569 0.8823199185347445
4572 0.8548321158587673
4573 0.8548321232971486
4574 0.8414126304558909
4575 0.8414126372412878
4576 0.8048032785713619
4578 0.8055594635015859
4580 0.8381522579531778
4581 0.8349408011287404
4582 0.8349408008324831
4583 0.8205518473467477
4584 0.8206464737501747
4585 0.8205518473459346
4586 0.8206518525150419
4587 0.8332803076403187
4589 0.8349408008355441
4590 0.8348770978320034
4591 0.8348771196147847
4592 0.8349408008355441
4593 0.8349344305351896
4594 0.8349344307530177
4595 0.8349280606705798
4598 0.8349216912418466
4599 0.8349153215952853
4603 0.8348962146177312
4604 0.8348962146178195
4605 0.8348834775052734
4606 0.8348834775054497
4607 0.8348707412658062
4608 0.8348707412659829
4609 0.8347434269495795
4610 0.834743426956941
4611 0.8346162003358416
4612 0.8346162003284574
4613 0.8342075515987477
4615 0.833568681018985
4616 0.8335686592721642
4617 0.8327477416678908
4618 0.832747554972928
4619 0.8329518689277188
4620 0.8329517783623316
4621 0.8323356473027311
4622 0.8323356488558771
4623 0.8317202700297961
4625 0.8311056411105996
4627 0.829878629613555
4628 0.8298786296176806
4629 0.8286546076338992
4630 0.8286546076421305
4631 0.8274335684642132
4632 0.827433568472418
4633 0.8262155054080079
4634 0.8262155054161886
4637 0.8024690948200259
4638 0.8024690930468269
4639 0.7910251051929096
4641 0.7798589312067429
4643 0.7689645689625699
4644 0.7689645669411997
4645 0.7348839200122841
4646 0.7348838316093919
4648 0.7035013981303749
4650 0.6746381710456231
4652 0.6481313699655444
4653 0.6238328941547064
4655 0.6016079802056898
4656 0.6016080269892194
4657 0.5699603682070726
4658 0.5699605624917377
4659 0.5428896792081395
4661 0.520001959442876
4662 0.5200014893618441
4663 0.5237311832433407
4664 0.5237309351891021
4666 0.5072184171729504
4667 0.4931753716541345
4669 0.48144044942825076
4670 0.481440450936254
4671 0.471865943129529
4673 0.46431466638713403
4674 0.46431464999795885
4675 0.4586582436866455
4676 0.4586582376464412
4677 0.4535483218688136
4678 0.45354828469720426
4679 0.4518698462235297
4680 0.45186973368139566
4681 0.45327921717713293
4683 0.4574427051806372
4684 0.4574426201059978
4685 0.4640312293109223
4686 0.4640311527963696
4687 0.47271711095060637
4688 0.47271704685135635
4690 0.48317200929407245
4691 0.4976535480119106
4692 0.4976534475363628
4693 0.5136457678316302
4694 0.5136456870983057
4695 0.5305695258923534
4698 0.5478516118423723
4700 0.5649299135459558
4701 0.581262950311855
4703 0.5963380579889973
4705 0.609680482765105
4706 0.6096804955726884
4707 0.6208629036752561
4708 0.6208629108875315
4709 0.6295140263053948
4710 0.6295140311374706
4711 0.6353268427552226
4712 0.6353268551361857
4714 0.6381989229206808
4715 0.636796931446001
4716 0.6367969513612258
4717 0.6310330032712732
4719 0.6209656618788257
4720 0.6209656450957006
4721 0.6068001327893494
4723 0.5888840480331694
4724 0.5888840448076766
4725 0.5676984952881218
4726 0.56769849901801
4727 0.5438449612214623
4728 0.5438449617640757
4729 0.518028007005484
4730 0.5180280038267135
4731 0.4981335600953069
4733 0.4779342883045449
4734 0.4779342880407235
4735 0.457781687287608
4736 0.4577816865028095
4738 0.43803284343523985
4739 0.41904415767261693
4740 0.4190441588349125
4741 0.40116496536597823
4742 0.40116496771817156
4743 0.3847311866365031
4744 0.3847311872122171
4745 0.3700590930575782
4746 0.370059093727335
4747 0.35785866039020325
4748 0.35785866023555574
4749 0.3477971381488822
4750 0.34779713955591557
4751 0.3400760208484184
4752 0.34007603315453006
4753 0.33486170669770726
4754 0.3348617293510976
4756 0.3322821613174283
4757 0.33242402201575216
4758 0.33242404251511043
4761 0.3399286262283307
4762 0.3399286343630944
4764 0.3464647851115859
4765 0.3548901670577161
4766 0.3548901710212331
4767 0.3651329864951544
4768 0.36513298686247236
4769 0.3770991564390261
4770 0.3770991569215087
4771 0.3906731178293024
4772 0.39067311669566457
4773 0.4057188612118377
4774 0.40571885939095176
4776 0.4230277355760483
4777 0.44160002573267126
4778 0.4416000198225151
4779 0.46121242874004836
4781 0.48162475183784
4782 0.4816247431618357
4783 0.5025827680476208
4784 0.5025827579613497
4785 0.5238213260849173
4786 0.5238213147974957
4788 0.5450676316754974
4790 0.5749352635709278
4793 0.6297900085526016
4794 0.6297900506551416
4795 0.6532332628425882
4796 0.6532333151650479
4797 0.6730799249668518
4798 0.6730799370917483
4799 0.688721321097115
4801 0.6996483022275842
4802 0.6996483115912419
4803 0.7054669790183762
4804 0.7054669919568232
4805 0.7059116580281638
4806 0.705911673064882
4807 0.7008547613782485
4808 0.7008547826639426
4809 0.6903132217851861
4810 0.6903132459681867
4812 0.6702895412043094
4813 0.6429546722582082
4815 0.6092055960829358
4816 0.6092055701518697
4817 0.5702178065223946
4818 0.5702177631761142
4820 0.5274067704797457
4821 0.48237755895465845
4822 0.4823775562543539
4823 0.43686570542776965
4824 0.43686568837408674
4826 0.3926715973611049
4827 0.3515906100406964
4828 0.351590591471385
4829 0.3153412014600108
4830 0.31534116829691816
4831 0.2854945819007911
4832 0.2854945573787235
4833 0.26340826975016807
4834 0.26340822743898024
4836 0.25445959696946596
4838 0.24877568840190825
4840 0.24648574392684647
4842 0.247673961408549
4844 0.25237763583267864
4845 0.26058591688127797
4846 0.26058591368115613
4847 0.2722392038375156
4848 0.2722392016311307
4849 0.2872292407647139
4851 0.3051374542119644
4852 0.30513745163681694
4853 0.32320698456013053
4854 0.3231561664352814
4856 0.3100764816891087
4857 0.3100764816017503
4858 0.31519363625522345
4859 0.3151936364961994
4861 0.32048529662238284
4862 0.32320698241607176
4864 0.3232069824160279
4868 0.32264998074924095
4869 0.3226499807472171
4872 0.3235731693473407
4873 0.323571832358866
4874 0.3235731693687767
4875 0.32357168379033496
4877 0.3238776167888978
4878 0.32380046852202565
4879 0.3238004088444295
4880 0.32382278889262894
4881 0.3238227588074053
4882 0.3237681388019448
4883 0.3237681388049006
4884 0.3237137568318109
4885 0.32371375683472986
4886 0.32360570693243174
4887 0.323605706936983
4888 0.3234986091420278
4890 0.3233924634760659
4891 0.32339246347541395
4892 0.323287269995762
4893 0.32328726999509694
4895 0.3222877130773788
4896 0.32138340797265613
4897 0.32138340805745064
4898 0.3205743698583192
4899 0.3205743702153859
4901 0.319860599449306
4902 0.319242080257006
4903 0.319242080337089
4905 0.3175691009986303
4906 0.318345452488724
4907 0.3183454901313919
4908 0.3215523841770207
4909 0.32155236083911637
4910 0.3271624781990858
4911 0.32716248459275293
4915 0.34544713421832424
4917 0.36376674216165417
4918 0.3864411025815946
4921 0.41331175849993546
4923 0.4066495714852275
4925 0.42924422036029203
4926 0.4541492790016174
4927 0.4541492636019986
4928 0.4812890574168972
4929 0.4812890604653078
4930 0.5105895393761664
4931 0.510589536029299
4932 0.5419796039766321
4933 0.5419796026307512
4934 0.5753925544705176
4935 0.5753925526510958
4936 0.6237526883405218
4937 0.6237526844673228
4938 0.6755811642316714
4939 0.6755811536692709
4940 0.7307781344758076
4941 0.7307781266589307
4942 0.789279631866376
4944 0.851063236397948
4945 0.851063233529557
4946 0.8889228842831632
4947 0.8899844129592434
4948 0.8899101716917597
4949 0.8670237440873552
4950 0.8670237440833698
4951 0.8831915487616006
4952 0.8831915487825645
4953 0.8904116125872544
4955 0.8904116125888705
4956 0.8905059170469526
4957 0.8864500771028431
4958 0.8864500771024569
4959 0.8897169497919887
4960 0.8897169497928795
4962 0.8908655861759798
4965 0.8903713265206549
4966 0.8903713265411499
4968 0.8909794956549367
4969 0.8909408706265051
4970 0.8909412527280263
4971 0.8909609846351377
4972 0.8909610732890055
4973 0.8909758077480444
4974 0.8909758112935344
4975 0.8909721268904673
4976 0.8909721268900737
4977 0.8909684424163533
4978 0.8909684424159624
4979 0.8909610732524852
4980 0.8909610732518336
4982 0.8909537037941444
4983 0.8909463340367718
4984 0.8909389639734699
4986 0.8908652451415413
4988 0.8907914888573074
4989 0.8907176888952095
4990 0.8907176889030542
4991 0.8906438390722322
4992 0.890643839080067
4993 0.8899012443359189
4995 0.8891469905258425
4996 0.8891469895347917
4997 0.8883751768001683
4998 0.8883751726447021
4999 0.8875800889033832
